type=raw events 1
count= 1
speed=1.0
start data >>
RunCmd(am start -n com.android.settings/.Settings --activity-single-top)
captureUserWait ( 4500 )
compareScreenshot(2014-11-10_12-04-09.jpg, 0, 0, 1080, 1920, 0, 1.0, 10)
captureDispatchPointer( 4165213376000,4165213376000, 0, 758.297852, 1785.070190,0.20784314,0.06666667,0,0.0,0.0,65539,0, 0)
captureUserWait ( 5 )
captureDispatchPointer( 4165213376000,4165218692000, 2, 758.297852, 1785.070190,0.20784314,0.06666667,0,0.0,0.0,65539,0, 0)
captureUserWait ( 9 )
captureDispatchPointer( 4165213376000,4165228025000, 2, 758.297852, 1785.070190,0.20784314,0.06666667,0,0.0,0.0,65539,0, 0)
captureUserWait ( 9 )
captureDispatchPointer( 4165213376000,4165237504000, 2, 758.297852, 1785.070190,0.20784314,0.06666667,0,0.0,0.0,65539,0, 0)
captureUserWait ( 36 )
captureDispatchPointer( 4165213376000,4165274260000, 2, 758.297852, 1785.070190,0.20784314,0.06666667,0,0.0,0.0,65539,0, 0)
captureUserWait ( 10 )
captureDispatchPointer( 4165213376000,4165284273000, 2, 758.297852, 1783.071289,0.20784314,0.06666667,0,0.0,0.0,65539,0, 0)
captureUserWait ( 8 )
captureDispatchPointer( 4165213376000,4165292916000, 2, 759.296936, 1777.074341,0.20784314,0.06666667,0,0.0,0.0,65539,0, 0)
captureUserWait ( 9 )
captureDispatchPointer( 4165213376000,4165302778000, 2, 761.295105, 1762.082153,0.20784314,0.06666667,0,0.0,0.0,65539,0, 0)
captureUserWait ( 8 )
captureDispatchPointer( 4165213376000,4165311744000, 2, 766.290466, 1733.097290,0.20784314,0.06666667,0,0.0,0.0,65539,0, 0)
captureUserWait ( 9 )
captureDispatchPointer( 4165213376000,4165321267000, 2, 771.285828, 1698.115479,0.20784314,0.06666667,0,0.0,0.0,65539,0, 0)
captureUserWait ( 8 )
captureDispatchPointer( 4165213376000,4165330219000, 2, 777.280273, 1657.136841,0.20784314,0.06666667,0,0.0,0.0,65539,0, 0)
captureUserWait ( 10 )
captureDispatchPointer( 4165213376000,4165340317000, 2, 781.276611, 1619.156616,0.20784314,0.06666667,0,0.0,0.0,65539,0, 0)
captureUserWait ( 8 )
captureDispatchPointer( 4165213376000,4165348853000, 2, 785.272888, 1575.179565,0.20784314,0.06666667,0,0.0,0.0,65539,0, 0)
captureUserWait ( 9 )
captureDispatchPointer( 4165213376000,4165358174000, 2, 787.271057, 1536.199829,0.20784314,0.06666667,0,0.0,0.0,65539,0, 0)
captureUserWait ( 9 )
captureDispatchPointer( 4165213376000,4165367511000, 2, 789.269226, 1494.221680,0.20784314,0.06666667,0,0.0,0.0,65539,0, 0)
captureUserWait ( 9 )
captureDispatchPointer( 4165213376000,4165376789000, 2, 790.268250, 1459.239990,0.20784314,0.06666667,0,0.0,0.0,65539,0, 0)
captureUserWait ( 9 )
captureDispatchPointer( 4165213376000,4165386122000, 2, 791.267334, 1419.260742,0.20784314,0.06666667,0,0.0,0.0,65539,0, 0)
captureUserWait ( 9 )
captureDispatchPointer( 4165213376000,4165395433000, 2, 791.267334, 1382.280029,0.20784314,0.06666667,0,0.0,0.0,65539,0, 0)
captureUserWait ( 9 )
captureDispatchPointer( 4165213376000,4165404807000, 2, 792.266418, 1337.303467,0.20784314,0.06666667,0,0.0,0.0,65539,0, 0)
captureUserWait ( 9 )
captureDispatchPointer( 4165213376000,4165414066000, 2, 794.264587, 1293.326416,0.20784314,0.06666667,0,0.0,0.0,65539,0, 0)
captureUserWait ( 9 )
captureDispatchPointer( 4165213376000,4165423511000, 2, 797.261780, 1241.353394,0.20784314,0.06666667,0,0.0,0.0,65539,0, 0)
captureUserWait ( 10 )
captureDispatchPointer( 4165213376000,4165433537000, 2, 799.259949, 1198.375854,0.20784314,0.06666667,0,0.0,0.0,65539,0, 0)
captureUserWait ( 9 )
captureDispatchPointer( 4165213376000,4165442545000, 2, 803.256226, 1150.400757,0.20784314,0.06666667,0,0.0,0.0,65539,0, 0)
captureUserWait ( 9 )
captureDispatchPointer( 4165213376000,4165452045000, 2, 808.251648, 1104.424805,0.20784314,0.06666667,0,0.0,0.0,65539,0, 0)
captureUserWait ( 9 )
captureDispatchPointer( 4165213376000,4165461673000, 2, 811.248840, 1069.442993,0.20784314,0.06666667,0,0.0,0.0,65539,0, 0)
captureUserWait ( 8 )
captureDispatchPointer( 4165213376000,4165470369000, 2, 817.243286, 1024.466431,0.20784314,0.06666667,0,0.0,0.0,65539,0, 0)
captureUserWait ( 9 )
captureDispatchPointer( 4165213376000,4165480188000, 2, 822.238647, 993.482544,0.20784314,0.06666667,0,0.0,0.0,65539,0, 0)
captureUserWait ( 9 )
captureDispatchPointer( 4165213376000,4165489402000, 2, 826.234985, 958.500732,0.20784314,0.06666667,0,0.0,0.0,65539,0, 0)
captureUserWait ( 9 )
captureDispatchPointer( 4165213376000,4165498889000, 2, 829.232178, 924.518433,0.20784314,0.06666667,0,0.0,0.0,65539,0, 0)
captureUserWait ( 9 )
captureDispatchPointer( 4165213376000,4165507928000, 2, 833.228516, 885.538757,0.20784314,0.06666667,0,0.0,0.0,65539,0, 0)
captureUserWait ( 9 )
captureDispatchPointer( 4165213376000,4165517574000, 2, 837.224792, 843.560608,0.20784314,0.06666667,0,0.0,0.0,65539,0, 0)
captureUserWait ( 9 )
captureDispatchPointer( 4165213376000,4165526850000, 2, 844.218323, 791.587708,0.20784314,0.06666667,0,0.0,0.0,65539,0, 0)
captureUserWait ( 9 )
captureDispatchPointer( 4165213376000,4165535920000, 2, 849.213684, 757.605408,0.20784314,0.06666667,0,0.0,0.0,65539,0, 0)
captureUserWait ( 9 )
captureDispatchPointer( 4165213376000,4165545406000, 2, 857.206299, 703.633484,0.20784314,0.06666667,0,0.0,0.0,65539,0, 0)
captureUserWait ( 9 )
captureDispatchPointer( 4165213376000,4165554561000, 2, 863.200745, 671.650146,0.20784314,0.06666667,0,0.0,0.0,65539,0, 0)
captureUserWait ( 9 )
captureDispatchPointer( 4165213376000,4165564214000, 2, 870.194275, 628.672546,0.20784314,0.06666667,0,0.0,0.0,65539,0, 0)
captureUserWait ( 9 )
captureDispatchPointer( 4165213376000,4165573283000, 2, 874.190552, 606.684021,0.20784314,0.06666667,0,0.0,0.0,65539,0, 0)
captureUserWait ( 9 )
captureDispatchPointer( 4165213376000,4165582909000, 2, 877.187805, 585.694946,0.20784314,0.06666667,0,0.0,0.0,65539,0, 0)
captureUserWait ( 8 )
captureDispatchPointer( 4165213376000,4165591799000, 2, 881.184082, 560.707947,0.20784314,0.06666667,0,0.0,0.0,65539,0, 0)
captureUserWait ( 9 )
captureDispatchPointer( 4165213376000,4165601495000, 2, 884.181335, 543.716797,0.20784314,0.06666667,0,0.0,0.0,65539,0, 0)
captureUserWait ( 8 )
captureDispatchPointer( 4165213376000,4165610395000, 2, 886.179443, 531.723022,0.20784314,0.06666667,0,0.0,0.0,65539,0, 0)
captureUserWait ( 9 )
captureDispatchPointer( 4165213376000,4165620104000, 2, 888.177612, 522.727722,0.20784314,0.06666667,0,0.0,0.0,65539,0, 0)
captureUserWait ( 8 )
captureDispatchPointer( 4165213376000,4165629009000, 2, 889.176697, 516.730835,0.20784314,0.06666667,0,0.0,0.0,65539,0, 0)
captureUserWait ( 9 )
captureDispatchPointer( 4165213376000,4165638462000, 2, 890.175781, 511.733459,0.20784314,0.06666667,0,0.0,0.0,65539,0, 0)
captureUserWait ( 9 )
captureDispatchPointer( 4165213376000,4165648096000, 2, 891.174866, 508.735016,0.20784314,0.06666667,0,0.0,0.0,65539,0, 0)
captureUserWait ( 9 )
captureDispatchPointer( 4165213376000,4165657098000, 2, 892.173889, 506.736053,0.20784314,0.06666667,0,0.0,0.0,65539,0, 0)
captureUserWait ( 9 )
captureDispatchPointer( 4165213376000,4165666698000, 2, 893.172974, 505.736572,0.20784314,0.06666667,0,0.0,0.0,65539,0, 0)
captureUserWait ( 8 )
captureDispatchPointer( 4165213376000,4165675221000, 2, 894.172058, 505.736572,0.20784314,0.06666667,0,0.0,0.0,65539,0, 0)
captureUserWait ( 8 )
captureDispatchPointer( 4165213376000,4165683578000, 1, 894.172058, 505.736572,0.20784314,0.06666667,0,0.0,0.0,65539,0, 0)
captureUserWait ( 334 )
captureDispatchPointer( 4166018286000,4166018286000, 0, 693.358032, 1752.087402,0.20784314,0.06666667,0,0.0,0.0,65539,0, 0)
captureUserWait ( 17 )
captureDispatchPointer( 4166018286000,4166035827000, 2, 693.358032, 1752.087402,0.20784314,0.06666667,0,0.0,0.0,65539,0, 0)
captureUserWait ( 9 )
captureDispatchPointer( 4166018286000,4166045066000, 2, 693.358032, 1751.087891,0.20784314,0.06666667,0,0.0,0.0,65539,0, 0)
captureUserWait ( 9 )
captureDispatchPointer( 4166018286000,4166054683000, 2, 693.358032, 1748.089478,0.20784314,0.06666667,0,0.0,0.0,65539,0, 0)
captureUserWait ( 8 )
captureDispatchPointer( 4166018286000,4166063337000, 2, 693.358032, 1740.093628,0.20784314,0.06666667,0,0.0,0.0,65539,0, 0)
captureUserWait ( 9 )
captureDispatchPointer( 4166018286000,4166072802000, 2, 693.358032, 1728.099854,0.20784314,0.06666667,0,0.0,0.0,65539,0, 0)
captureUserWait ( 9 )
captureDispatchPointer( 4166018286000,4166081965000, 2, 694.357056, 1708.110352,0.20784314,0.06666667,0,0.0,0.0,65539,0, 0)
captureUserWait ( 9 )
captureDispatchPointer( 4166018286000,4166091015000, 2, 696.355225, 1679.125366,0.20784314,0.06666667,0,0.0,0.0,65539,0, 0)
captureUserWait ( 9 )
captureDispatchPointer( 4166018286000,4166100472000, 2, 700.351501, 1636.147827,0.20784314,0.06666667,0,0.0,0.0,65539,0, 0)
captureUserWait ( 9 )
captureDispatchPointer( 4166018286000,4166109690000, 2, 705.346924, 1589.172241,0.20784314,0.06666667,0,0.0,0.0,65539,0, 0)
captureUserWait ( 10 )
captureDispatchPointer( 4166018286000,4166119847000, 2, 709.343201, 1535.200439,0.20784314,0.06666667,0,0.0,0.0,65539,0, 0)
captureUserWait ( 8 )
captureDispatchPointer( 4166018286000,4166128256000, 2, 715.337646, 1478.230103,0.20784314,0.06666667,0,0.0,0.0,65539,0, 0)
captureUserWait ( 9 )
captureDispatchPointer( 4166018286000,4166137721000, 2, 720.333008, 1423.258667,0.20784314,0.06666667,0,0.0,0.0,65539,0, 0)
captureUserWait ( 9 )
captureDispatchPointer( 4166018286000,4166146973000, 2, 728.325623, 1370.286255,0.20784314,0.06666667,0,0.0,0.0,65539,0, 0)
captureUserWait ( 9 )
captureDispatchPointer( 4166018286000,4166156372000, 2, 736.318237, 1314.315430,0.20784314,0.06666667,0,0.0,0.0,65539,0, 0)
captureUserWait ( 9 )
captureDispatchPointer( 4166018286000,4166166195000, 2, 744.310852, 1262.342529,0.20784314,0.06666667,0,0.0,0.0,65539,0, 0)
captureUserWait ( 8 )
captureDispatchPointer( 4166018286000,4166175011000, 2, 751.304321, 1218.365356,0.20784314,0.06666667,0,0.0,0.0,65539,0, 0)
captureUserWait ( 9 )
captureDispatchPointer( 4166018286000,4166184412000, 2, 759.296936, 1163.394043,0.20784314,0.06666667,0,0.0,0.0,65539,0, 0)
captureUserWait ( 9 )
captureDispatchPointer( 4166018286000,4166193521000, 2, 767.289551, 1116.418457,0.20784314,0.06666667,0,0.0,0.0,65539,0, 0)
captureUserWait ( 9 )
captureDispatchPointer( 4166018286000,4166203416000, 2, 775.282166, 1070.442505,0.20784314,0.06666667,0,0.0,0.0,65539,0, 0)
captureUserWait ( 9 )
captureDispatchPointer( 4166018286000,4166212741000, 2, 787.271057, 1010.473694,0.20784314,0.06666667,0,0.0,0.0,65539,0, 0)
captureUserWait ( 9 )
captureDispatchPointer( 4166018286000,4166222046000, 2, 795.263672, 970.494507,0.20784314,0.06666667,0,0.0,0.0,65539,0, 0)
captureUserWait ( 8 )
captureDispatchPointer( 4166018286000,4166230921000, 2, 805.254395, 920.520569,0.20784314,0.06666667,0,0.0,0.0,65539,0, 0)
captureUserWait ( 9 )
captureDispatchPointer( 4166018286000,4166240413000, 2, 815.245117, 870.546570,0.20784314,0.06666667,0,0.0,0.0,65539,0, 0)
captureUserWait ( 9 )
captureDispatchPointer( 4166018286000,4166250255000, 2, 823.237732, 835.564819,0.20784314,0.06666667,0,0.0,0.0,65539,0, 0)
captureUserWait ( 8 )
captureDispatchPointer( 4166018286000,4166258925000, 2, 831.230347, 785.590820,0.20784314,0.06666667,0,0.0,0.0,65539,0, 0)
captureUserWait ( 9 )
captureDispatchPointer( 4166018286000,4166268250000, 2, 837.224792, 758.604858,0.20784314,0.06666667,0,0.0,0.0,65539,0, 0)
captureUserWait ( 9 )
captureDispatchPointer( 4166018286000,4166277400000, 2, 845.217407, 716.626709,0.20784314,0.06666667,0,0.0,0.0,65539,0, 0)
captureUserWait ( 10 )
captureDispatchPointer( 4166018286000,4166287491000, 2, 851.211853, 689.640808,0.20784314,0.06666667,0,0.0,0.0,65539,0, 0)
captureUserWait ( 8 )
captureDispatchPointer( 4166018286000,4166296281000, 2, 857.206299, 664.653809,0.20784314,0.06666667,0,0.0,0.0,65539,0, 0)
captureUserWait ( 9 )
captureDispatchPointer( 4166018286000,4166306049000, 2, 862.201660, 635.668884,0.20784314,0.06666667,0,0.0,0.0,65539,0, 0)
captureUserWait ( 8 )
captureDispatchPointer( 4166018286000,4166314757000, 2, 867.197021, 614.679810,0.20784314,0.06666667,0,0.0,0.0,65539,0, 0)
captureUserWait ( 9 )
captureDispatchPointer( 4166018286000,4166324033000, 2, 871.193359, 598.688171,0.20784314,0.06666667,0,0.0,0.0,65539,0, 0)
captureUserWait ( 9 )
captureDispatchPointer( 4166018286000,4166333733000, 2, 874.190552, 580.697510,0.20784314,0.06666667,0,0.0,0.0,65539,0, 0)
captureUserWait ( 9 )
captureDispatchPointer( 4166018286000,4166342855000, 2, 876.188721, 559.708496,0.20784314,0.06666667,0,0.0,0.0,65539,0, 0)
captureUserWait ( 9 )
captureDispatchPointer( 4166018286000,4166352461000, 2, 878.186890, 544.716309,0.20784314,0.06666667,0,0.0,0.0,65539,0, 0)
captureUserWait ( 9 )
captureDispatchPointer( 4166018286000,4166362246000, 2, 880.184998, 532.722534,0.20784314,0.06666667,0,0.0,0.0,65539,0, 0)
captureUserWait ( 9 )
captureDispatchPointer( 4166018286000,4166371359000, 2, 881.184082, 524.726685,0.20784314,0.06666667,0,0.0,0.0,65539,0, 0)
captureUserWait ( 8 )
captureDispatchPointer( 4166018286000,4166380077000, 2, 882.183167, 517.730347,0.20784314,0.06666667,0,0.0,0.0,65539,0, 0)
captureUserWait ( 9 )
captureDispatchPointer( 4166018286000,4166389613000, 2, 883.182251, 512.732910,0.20784314,0.06666667,0,0.0,0.0,65539,0, 0)
captureUserWait ( 9 )
captureDispatchPointer( 4166018286000,4166399471000, 2, 884.181335, 508.735016,0.20784314,0.06666667,0,0.0,0.0,65539,0, 0)
captureUserWait ( 8 )
captureDispatchPointer( 4166018286000,4166408039000, 2, 885.180420, 505.736572,0.20784314,0.06666667,0,0.0,0.0,65539,0, 0)
captureUserWait ( 10 )
captureDispatchPointer( 4166018286000,4166418044000, 2, 886.179443, 502.738159,0.20784314,0.06666667,0,0.0,0.0,65539,0, 0)
captureUserWait ( 8 )
captureDispatchPointer( 4166018286000,4166426807000, 2, 887.178528, 501.738678,0.20784314,0.06666667,0,0.0,0.0,65539,0, 0)
captureUserWait ( 10 )
captureDispatchPointer( 4166018286000,4166436930000, 2, 888.177612, 500.739197,0.20784314,0.06666667,0,0.0,0.0,65539,0, 0)
captureUserWait ( 8 )
captureDispatchPointer( 4166018286000,4166445747000, 2, 889.176697, 499.739716,0.20784314,0.06666667,0,0.0,0.0,65539,0, 0)
captureUserWait ( 8 )
captureDispatchPointer( 4166018286000,4166453934000, 1, 889.176697, 499.739716,0.20784314,0.06666667,0,0.0,0.0,65539,0, 0)
captureUserWait ( 333 )
captureDispatchPointer( 4166787176000,4166787176000, 0, 693.358032, 1822.051025,0.20784314,0.06666667,0,0.0,0.0,65539,0, 0)
captureUserWait ( 37 )
captureDispatchPointer( 4166787176000,4166824384000, 2, 693.358032, 1821.051514,0.20784314,0.06666667,0,0.0,0.0,65539,0, 0)
captureUserWait ( 8 )
captureDispatchPointer( 4166787176000,4166833209000, 2, 693.358032, 1819.052490,0.20784314,0.06666667,0,0.0,0.0,65539,0, 0)
captureUserWait ( 9 )
captureDispatchPointer( 4166787176000,4166842720000, 2, 694.357056, 1812.056152,0.20784314,0.06666667,0,0.0,0.0,65539,0, 0)
captureUserWait ( 9 )
captureDispatchPointer( 4166787176000,4166852626000, 2, 695.356140, 1798.063477,0.20784314,0.06666667,0,0.0,0.0,65539,0, 0)
captureUserWait ( 8 )
captureDispatchPointer( 4166787176000,4166860956000, 2, 696.355225, 1777.074341,0.20784314,0.06666667,0,0.0,0.0,65539,0, 0)
captureUserWait ( 10 )
captureDispatchPointer( 4166787176000,4166871226000, 2, 697.354309, 1752.087402,0.20784314,0.06666667,0,0.0,0.0,65539,0, 0)
captureUserWait ( 9 )
captureDispatchPointer( 4166787176000,4166880395000, 2, 699.352478, 1719.104614,0.20784314,0.06666667,0,0.0,0.0,65539,0, 0)
captureUserWait ( 9 )
captureDispatchPointer( 4166787176000,4166889883000, 2, 701.350586, 1685.122314,0.20784314,0.06666667,0,0.0,0.0,65539,0, 0)
captureUserWait ( 9 )
captureDispatchPointer( 4166787176000,4166898917000, 2, 705.346924, 1644.143677,0.20784314,0.06666667,0,0.0,0.0,65539,0, 0)
captureUserWait ( 9 )
captureDispatchPointer( 4166787176000,4166908535000, 2, 707.345032, 1607.162842,0.20784314,0.06666667,0,0.0,0.0,65539,0, 0)
captureUserWait ( 9 )
captureDispatchPointer( 4166787176000,4166917691000, 2, 711.341370, 1563.185791,0.20784314,0.06666667,0,0.0,0.0,65539,0, 0)
captureUserWait ( 9 )
captureDispatchPointer( 4166787176000,4166926738000, 2, 716.336731, 1520.208130,0.20784314,0.06666667,0,0.0,0.0,65539,0, 0)
captureUserWait ( 9 )
captureDispatchPointer( 4166787176000,4166936475000, 2, 724.329346, 1466.236328,0.20784314,0.06666667,0,0.0,0.0,65539,0, 0)
captureUserWait ( 9 )
captureDispatchPointer( 4166787176000,4166945617000, 2, 730.323792, 1417.261841,0.20784314,0.06666667,0,0.0,0.0,65539,0, 0)
captureUserWait ( 8 )
captureDispatchPointer( 4166787176000,4166954575000, 2, 736.318237, 1371.285767,0.20784314,0.06666667,0,0.0,0.0,65539,0, 0)
captureUserWait ( 8 )
captureDispatchPointer( 4166787176000,4166963481000, 2, 745.309875, 1311.317017,0.20784314,0.06666667,0,0.0,0.0,65539,0, 0)
captureUserWait ( 9 )
captureDispatchPointer( 4166787176000,4166973451000, 2, 752.303406, 1259.344116,0.20784314,0.06666667,0,0.0,0.0,65539,0, 0)
captureUserWait ( 9 )
captureDispatchPointer( 4166787176000,4166982877000, 2, 758.297852, 1217.365967,0.20784314,0.06666667,0,0.0,0.0,65539,0, 0)
captureUserWait ( 9 )
captureDispatchPointer( 4166787176000,4166992111000, 2, 767.289551, 1162.394531,0.20784314,0.06666667,0,0.0,0.0,65539,0, 0)
captureUserWait ( 9 )
captureDispatchPointer( 4166787176000,4167001438000, 2, 774.283081, 1122.415405,0.20784314,0.06666667,0,0.0,0.0,65539,0, 0)
captureUserWait ( 8 )
captureDispatchPointer( 4166787176000,4167010370000, 2, 781.276611, 1078.438232,0.20784314,0.06666667,0,0.0,0.0,65539,0, 0)
captureUserWait ( 10 )
captureDispatchPointer( 4166787176000,4167020430000, 2, 788.270142, 1038.459106,0.20784314,0.06666667,0,0.0,0.0,65539,0, 0)
captureUserWait ( 8 )
captureDispatchPointer( 4166787176000,4167029063000, 2, 796.262695, 996.480957,0.20784314,0.06666667,0,0.0,0.0,65539,0, 0)
captureUserWait ( 9 )
captureDispatchPointer( 4166787176000,4167038993000, 2, 804.255310, 951.504395,0.20784314,0.06666667,0,0.0,0.0,65539,0, 0)
captureUserWait ( 8 )
captureDispatchPointer( 4166787176000,4167047299000, 2, 814.246094, 911.525208,0.20784314,0.06666667,0,0.0,0.0,65539,0, 0)
captureUserWait ( 10 )
captureDispatchPointer( 4166787176000,4167057501000, 2, 822.238647, 856.553833,0.20784314,0.06666667,0,0.0,0.0,65539,0, 0)
captureUserWait ( 8 )
captureDispatchPointer( 4166787176000,4167066125000, 2, 830.231262, 818.573669,0.20784314,0.06666667,0,0.0,0.0,65539,0, 0)
captureUserWait ( 9 )
captureDispatchPointer( 4166787176000,4167075724000, 2, 840.222046, 769.599121,0.20784314,0.06666667,0,0.0,0.0,65539,0, 0)
captureUserWait ( 9 )
captureDispatchPointer( 4166787176000,4167085687000, 2, 850.212769, 731.618958,0.20784314,0.06666667,0,0.0,0.0,65539,0, 0)
captureUserWait ( 8 )
captureDispatchPointer( 4166787176000,4167094282000, 2, 859.204468, 696.637146,0.20784314,0.06666667,0,0.0,0.0,65539,0, 0)
captureUserWait ( 10 )
captureDispatchPointer( 4166787176000,4167105091000, 2, 865.198914, 670.650696,0.20784314,0.06666667,0,0.0,0.0,65539,0, 0)
captureUserWait ( 7 )
captureDispatchPointer( 4166787176000,4167113002000, 2, 872.192444, 640.666321,0.20784314,0.06666667,0,0.0,0.0,65539,0, 0)
captureUserWait ( 9 )
captureDispatchPointer( 4166787176000,4167122723000, 2, 877.187805, 619.677246,0.20784314,0.06666667,0,0.0,0.0,65539,0, 0)
captureUserWait ( 8 )
captureDispatchPointer( 4166787176000,4167131611000, 2, 880.184998, 606.684021,0.20784314,0.06666667,0,0.0,0.0,65539,0, 0)
captureUserWait ( 10 )
captureDispatchPointer( 4166787176000,4167141970000, 2, 882.183167, 596.689209,0.20784314,0.06666667,0,0.0,0.0,65539,0, 0)
captureUserWait ( 9 )
captureDispatchPointer( 4166787176000,4167151611000, 2, 884.181335, 588.693359,0.20784314,0.06666667,0,0.0,0.0,65539,0, 0)
captureUserWait ( 8 )
captureDispatchPointer( 4166787176000,4167160118000, 2, 885.180420, 581.697021,0.20784314,0.06666667,0,0.0,0.0,65539,0, 0)
captureUserWait ( 8 )
captureDispatchPointer( 4166787176000,4167168842000, 2, 886.179443, 574.700684,0.20784314,0.06666667,0,0.0,0.0,65539,0, 0)
captureUserWait ( 9 )
captureDispatchPointer( 4166787176000,4167178120000, 2, 887.178528, 567.704285,0.20784314,0.06666667,0,0.0,0.0,65539,0, 0)
captureUserWait ( 9 )
captureDispatchPointer( 4166787176000,4167187518000, 2, 887.178528, 561.707458,0.20784314,0.06666667,0,0.0,0.0,65539,0, 0)
captureUserWait ( 9 )
captureDispatchPointer( 4166787176000,4167196796000, 2, 887.178528, 555.710571,0.20784314,0.06666667,0,0.0,0.0,65539,0, 0)
captureUserWait ( 10 )
captureDispatchPointer( 4166787176000,4167207676000, 2, 887.178528, 550.713135,0.20784314,0.06666667,0,0.0,0.0,65539,0, 0)
captureUserWait ( 8 )
captureDispatchPointer( 4166787176000,4167216624000, 2, 887.178528, 545.715759,0.20784314,0.06666667,0,0.0,0.0,65539,0, 0)
captureUserWait ( 9 )
captureDispatchPointer( 4166787176000,4167226019000, 2, 887.178528, 541.717834,0.20784314,0.06666667,0,0.0,0.0,65539,0, 0)
captureUserWait ( 8 )
captureDispatchPointer( 4166787176000,4167234768000, 2, 888.177612, 537.719910,0.20784314,0.06666667,0,0.0,0.0,65539,0, 0)
captureUserWait ( 9 )
captureDispatchPointer( 4166787176000,4167243806000, 2, 889.176697, 534.721497,0.20784314,0.06666667,0,0.0,0.0,65539,0, 0)
captureUserWait ( 10 )
captureDispatchPointer( 4166787176000,4167253961000, 2, 890.175781, 531.723022,0.20784314,0.06666667,0,0.0,0.0,65539,0, 0)
captureUserWait ( 8 )
captureDispatchPointer( 4166787176000,4167262123000, 2, 891.174866, 528.724609,0.20784314,0.06666667,0,0.0,0.0,65539,0, 0)
captureUserWait ( 10 )
captureDispatchPointer( 4166787176000,4167272981000, 2, 892.173889, 526.725647,0.20784314,0.06666667,0,0.0,0.0,65539,0, 0)
captureUserWait ( 8 )
captureDispatchPointer( 4166787176000,4167281503000, 2, 892.173889, 525.726196,0.20784314,0.06666667,0,0.0,0.0,65539,0, 0)
captureUserWait ( 9 )
captureDispatchPointer( 4166787176000,4167291329000, 2, 892.173889, 524.726685,0.20784314,0.06666667,0,0.0,0.0,65539,0, 0)
captureUserWait ( 9 )
captureDispatchPointer( 4166787176000,4167300646000, 2, 892.173889, 523.727234,0.20784314,0.06666667,0,0.0,0.0,65539,0, 0)
captureUserWait ( 18 )
captureDispatchPointer( 4166787176000,4167319215000, 2, 893.172974, 523.727234,0.20784314,0.06666667,0,0.0,0.0,65539,0, 0)
captureUserWait ( 8 )
captureDispatchPointer( 4166787176000,4167327761000, 2, 894.172058, 523.727234,0.20784314,0.06666667,0,0.0,0.0,65539,0, 0)
captureUserWait ( 8 )
captureDispatchPointer( 4166787176000,4167336120000, 1, 894.172058, 523.727234,0.20784314,0.06666667,0,0.0,0.0,65539,0, 0)
captureUserWait ( 869 )
captureDispatchPointer( 4168205206000,4168205206000, 0, 719.333984, 1708.110352,0.20784314,0.06666667,0,0.0,0.0,65539,0, 0)
captureUserWait ( 56 )
captureDispatchPointer( 4168205206000,4168261457000, 2, 720.333008, 1708.110352,0.20784314,0.06666667,0,0.0,0.0,65539,0, 0)
captureUserWait ( 6 )
captureDispatchPointer( 4168205206000,4168268302000, 1, 720.333008, 1708.110352,0.20784314,0.06666667,0,0.0,0.0,65539,0, 0)
captureUserWait ( 1559 )
compareScreenshot(2014-11-10_12-04-13.jpg, 0, 0, 1080, 1920, 0, 1.0, 10)
captureDispatchPointer( 4169827368000,4169827368000, 0, 938.131348, 1398.271729,0.20784314,0.06666667,0,0.0,0.0,65539,0, 0)
captureUserWait ( 18 )
captureDispatchPointer( 4169827368000,4169845527000, 2, 938.131348, 1398.271729,0.20784314,0.06666667,0,0.0,0.0,65539,0, 0)
captureUserWait ( 18 )
captureDispatchPointer( 4169827368000,4169863837000, 2, 938.131348, 1398.271729,0.20784314,0.06666667,0,0.0,0.0,65539,0, 0)
captureUserWait ( 46 )
captureDispatchPointer( 4169827368000,4169910785000, 2, 938.131348, 1398.271729,0.20784314,0.06666667,0,0.0,0.0,65539,0, 0)
captureUserWait ( 7 )
captureDispatchPointer( 4169827368000,4169918421000, 1, 938.131348, 1398.271729,0.20784314,0.06666667,0,0.0,0.0,65539,0, 0)
captureUserWait ( 994 )
captureDispatchPointer( 4170913393000,4170913393000, 0, 943.126709, 1403.269043,0.20784314,0.06666667,0,0.0,0.0,65539,0, 0)
captureUserWait ( 46 )
captureDispatchPointer( 4170913393000,4170960040000, 2, 943.126709, 1403.269043,0.20784314,0.06666667,0,0.0,0.0,65539,0, 0)
captureUserWait ( 46 )
captureDispatchPointer( 4170913393000,4171006576000, 2, 943.126709, 1403.269043,0.20784314,0.06666667,0,0.0,0.0,65539,0, 0)
captureUserWait ( 26 )
captureDispatchPointer( 4170913393000,4171032878000, 1, 943.126709, 1403.269043,0.20784314,0.06666667,0,0.0,0.0,65539,0, 0)
captureUserWait ( 831 )
captureDispatchPointer( 4171864018000,4171864018000, 0, 812.247925, 1289.328491,0.20784314,0.06666667,0,0.0,0.0,65539,0, 0)
captureUserWait ( 102 )
captureDispatchPointer( 4171864018000,4171966620000, 2, 812.247925, 1289.328491,0.20784314,0.06666667,0,0.0,0.0,65539,0, 0)
captureUserWait ( 6 )
captureDispatchPointer( 4171864018000,4171973590000, 1, 812.247925, 1289.328491,0.20784314,0.06666667,0,0.0,0.0,65539,0, 0)
captureUserWait ( 1716 )
compareScreenshot(2014-11-10_12-04-17.jpg, 0, 0, 1080, 1920, 0, 1.0, 10)
captureDispatchKey( 0, 0, 0, 4, 0,0,0,0)
captureUserWait ( 73 )
captureDispatchKey( 0, 0, 1, 4, 0,0,0,0)
captureUserWait ( 472 )
captureDispatchKey( 0, 0, 0, 4, 0,0,0,0)
captureUserWait ( 131 )
captureDispatchKey( 0, 0, 1, 4, 0,0,0,0)
captureUserWait ( 1862 )
compareScreenshot(2014-11-10_12-04-20.jpg, 0, 0, 1080, 1920, 0, 1.0, 10)
captureUserWait ( 1500 )
