type=raw events 1
count= 1
speed=1.0
start data >>

## 15-joret-add-events.txt

RunCmd(am start -n jp.co.johospace.jorte/.MainCalendarActivity --activity-single-top)
captureUserWait ( 4500 )

compareScreenshot(2014-08-01_08-31-52.jpg, 0, 0, 1080, 1920, 0, 1.0, 10)
captureDispatchPointer( 149651329000,149651329000, 0, 544.495850, 1896.012451,0.20784314,0.06666667,0,0.0,0.0,65539,0, 0)
captureUserWait ( 23 )
captureDispatchPointer( 149651329000,149674966000, 2, 544.495850, 1895.012939,0.20784314,0.06666667,0,0.0,0.0,65539,0, 0)
captureUserWait ( 9 )
captureDispatchPointer( 149651329000,149684323000, 2, 544.495850, 1894.013428,0.20784314,0.06666667,0,0.0,0.0,65539,0, 0)
captureUserWait ( 9 )
captureDispatchPointer( 149651329000,149694320000, 2, 544.495850, 1893.014038,0.20784314,0.06666667,0,0.0,0.0,65539,0, 0)
captureUserWait ( 8 )
captureDispatchPointer( 149651329000,149702733000, 2, 543.496765, 1892.014526,0.20784314,0.06666667,0,0.0,0.0,65539,0, 0)
captureUserWait ( 9 )
captureDispatchPointer( 149651329000,149712530000, 2, 542.497681, 1891.015015,0.20784314,0.06666667,0,0.0,0.0,65539,0, 0)
captureUserWait ( 9 )
captureDispatchPointer( 149651329000,149721698000, 2, 542.497681, 1890.015625,0.20784314,0.06666667,0,0.0,0.0,65539,0, 0)
captureUserWait ( 9 )
captureDispatchPointer( 149651329000,149731305000, 2, 542.497681, 1889.016113,0.20784314,0.06666667,0,0.0,0.0,65539,0, 0)
captureUserWait ( 9 )
captureDispatchPointer( 149651329000,149740785000, 2, 542.497681, 1888.016602,0.20784314,0.06666667,0,0.0,0.0,65539,0, 0)
captureUserWait ( 9 )
captureDispatchPointer( 149651329000,149749928000, 2, 542.497681, 1887.017090,0.20784314,0.06666667,0,0.0,0.0,65539,0, 0)
captureUserWait ( 45 )
captureDispatchPointer( 149651329000,149795593000, 1, 542.497681, 1887.017090,0.20784314,0.06666667,0,0.0,0.0,65539,0, 0)
captureUserWait ( 745 )

compareScreenshot(2014-08-01_08-31-53.jpg, 0, 0, 1080, 1920, 0, 1.0, 10)
captureDispatchPointer( 151540625000,151540625000, 0, 303.718781, 1678.125977,0.20784314,0.06666667,0,0.0,0.0,65539,0, 0)
captureUserWait ( 14 )
captureDispatchPointer( 151540625000,151555239000, 2, 303.718781, 1678.125977,0.20784314,0.06666667,0,0.0,0.0,65539,0, 0)
captureUserWait ( 9 )
captureDispatchPointer( 151540625000,151564489000, 2, 303.718781, 1678.125977,0.20784314,0.06666667,0,0.0,0.0,65539,0, 0)
captureUserWait ( 18 )
captureDispatchPointer( 151540625000,151583196000, 2, 303.718781, 1678.125977,0.20784314,0.06666667,0,0.0,0.0,65539,0, 0)
captureUserWait ( 18 )
captureDispatchPointer( 151540625000,151602036000, 2, 303.718781, 1678.125977,0.20784314,0.06666667,0,0.0,0.0,65539,0, 0)
captureUserWait ( 18 )
captureDispatchPointer( 151540625000,151620681000, 2, 303.718781, 1678.125977,0.20784314,0.06666667,0,0.0,0.0,65539,0, 0)
captureUserWait ( 9 )
captureDispatchPointer( 151540625000,151630105000, 2, 303.718781, 1678.125977,0.20784314,0.06666667,0,0.0,0.0,65539,0, 0)
captureUserWait ( 18 )
captureDispatchPointer( 151540625000,151648948000, 2, 303.718781, 1678.125977,0.20784314,0.06666667,0,0.0,0.0,65539,0, 0)
captureUserWait ( 18 )
captureDispatchPointer( 151540625000,151667345000, 2, 303.718781, 1678.125977,0.20784314,0.06666667,0,0.0,0.0,65539,0, 0)
captureUserWait ( 9 )
captureDispatchPointer( 151540625000,151676712000, 2, 303.718781, 1678.125977,0.20784314,0.06666667,0,0.0,0.0,65539,0, 0)
captureUserWait ( 8 )
captureDispatchPointer( 151540625000,151684920000, 1, 303.718781, 1678.125977,0.20784314,0.06666667,0,0.0,0.0,65539,0, 0)
captureUserWait ( 161 )

compareScreenshot(2014-08-01_08-31-59.jpg, 0, 0, 1080, 1920, 0, 1.0, 10)
captureDispatchPointer( 156846829000,156846829000, 0, 869.195190, 1682.123901,0.20784314,0.06666667,0,0.0,0.0,65539,0, 0)
captureUserWait ( 6 )
captureDispatchPointer( 156846829000,156853211000, 2, 869.195190, 1682.123901,0.20784314,0.06666667,0,0.0,0.0,65539,0, 0)
captureUserWait ( 102 )
captureDispatchPointer( 156846829000,156956179000, 2, 869.195190, 1682.123901,0.20784314,0.06666667,0,0.0,0.0,65539,0, 0)
captureUserWait ( 8 )
captureDispatchPointer( 156846829000,156964416000, 1, 869.195190, 1682.123901,0.20784314,0.06666667,0,0.0,0.0,65539,0, 0)
captureUserWait ( 288 )
compareScreenshot(2014-08-01_08-32-00.jpg, 0, 0, 1080, 1920, 0, 1.0, 10)
captureDispatchPointer( 158253176000,158253176000, 0, 285.735443, 1373.284668,0.20784314,0.06666667,0,0.0,0.0,65539,0, 0)
captureUserWait ( 5 )
captureDispatchPointer( 158253176000,158258834000, 2, 285.735443, 1373.284668,0.20784314,0.06666667,0,0.0,0.0,65539,0, 0)
captureUserWait ( 9 )
captureDispatchPointer( 158253176000,158267940000, 2, 285.735443, 1373.284668,0.20784314,0.06666667,0,0.0,0.0,65539,0, 0)
captureUserWait ( 9 )
captureDispatchPointer( 158253176000,158277784000, 2, 285.735443, 1373.284668,0.20784314,0.06666667,0,0.0,0.0,65539,0, 0)
captureUserWait ( 18 )
captureDispatchPointer( 158253176000,158295995000, 2, 285.735443, 1373.284668,0.20784314,0.06666667,0,0.0,0.0,65539,0, 0)
captureUserWait ( 28 )
captureDispatchPointer( 158253176000,158324742000, 2, 285.735443, 1373.284668,0.20784314,0.06666667,0,0.0,0.0,65539,0, 0)
captureUserWait ( 8 )
captureDispatchPointer( 158253176000,158333426000, 2, 285.735443, 1373.284668,0.20784314,0.06666667,0,0.0,0.0,65539,0, 0)
captureUserWait ( 18 )
captureDispatchPointer( 158253176000,158352081000, 2, 285.735443, 1373.284668,0.20784314,0.06666667,0,0.0,0.0,65539,0, 0)
captureUserWait ( 8 )
captureDispatchPointer( 158253176000,158360272000, 1, 285.735443, 1373.284668,0.20784314,0.06666667,0,0.0,0.0,65539,0, 0)
captureUserWait ( 283 )
captureDispatchPointer( 158643437000,158643437000, 0, 289.731720, 1372.285278,0.20784314,0.06666667,0,0.0,0.0,65539,0, 0)
captureUserWait ( 8 )
captureDispatchPointer( 158643437000,158651731000, 2, 289.731720, 1372.285278,0.20784314,0.06666667,0,0.0,0.0,65539,0, 0)
captureUserWait ( 85 )
captureDispatchPointer( 158643437000,158736961000, 2, 289.731720, 1372.285278,0.20784314,0.06666667,0,0.0,0.0,65539,0, 0)
captureUserWait ( 7 )
captureDispatchPointer( 158643437000,158744675000, 1, 289.731720, 1372.285278,0.20784314,0.06666667,0,0.0,0.0,65539,0, 0)
captureUserWait ( 408 )
compareScreenshot(2014-08-01_08-32-02.jpg, 0, 0, 1080, 1920, 0, 1.0, 10)
captureDispatchPointer( 160153216000,160153216000, 0, 502.534698, 1373.284668,0.20784314,0.06666667,0,0.0,0.0,65539,0, 0)
captureUserWait ( 26 )
captureDispatchPointer( 160153216000,160179245000, 2, 502.534698, 1373.284668,0.20784314,0.06666667,0,0.0,0.0,65539,0, 0)
captureUserWait ( 18 )
captureDispatchPointer( 160153216000,160197975000, 2, 502.534698, 1373.284668,0.20784314,0.06666667,0,0.0,0.0,65539,0, 0)
captureUserWait ( 19 )
captureDispatchPointer( 160153216000,160217483000, 2, 502.534698, 1373.284668,0.20784314,0.06666667,0,0.0,0.0,65539,0, 0)
captureUserWait ( 8 )
captureDispatchPointer( 160153216000,160225960000, 2, 502.534698, 1373.284668,0.20784314,0.06666667,0,0.0,0.0,65539,0, 0)
captureUserWait ( 8 )
captureDispatchPointer( 160153216000,160234727000, 1, 502.534698, 1373.284668,0.20784314,0.06666667,0,0.0,0.0,65539,0, 0)
captureUserWait ( 995 )
captureDispatchPointer( 161229817000,161229817000, 0, 817.243286, 1358.292480,0.20784314,0.06666667,0,0.0,0.0,65539,0, 0)
captureUserWait ( 4 )
captureDispatchPointer( 161229817000,161234037000, 2, 817.243286, 1359.291992,0.20784314,0.06666667,0,0.0,0.0,65539,0, 0)
captureUserWait ( 9 )
captureDispatchPointer( 161229817000,161243545000, 2, 817.243286, 1359.291992,0.20784314,0.06666667,0,0.0,0.0,65539,0, 0)
captureUserWait ( 47 )
captureDispatchPointer( 161229817000,161290950000, 2, 817.243286, 1359.291992,0.20784314,0.06666667,0,0.0,0.0,65539,0, 0)
captureUserWait ( 36 )
captureDispatchPointer( 161229817000,161327094000, 1, 817.243286, 1359.291992,0.20784314,0.06666667,0,0.0,0.0,65539,0, 0)
captureUserWait ( 723 )
captureDispatchPointer( 162050123000,162050123000, 0, 771.285828, 1704.112427,0.20784314,0.06666667,0,0.0,0.0,65539,0, 0)
captureUserWait ( 65 )
captureDispatchPointer( 162050123000,162115575000, 2, 771.285828, 1704.112427,0.20784314,0.06666667,0,0.0,0.0,65539,0, 0)
captureUserWait ( 18 )
captureDispatchPointer( 162050123000,162134507000, 2, 771.285828, 1704.112427,0.20784314,0.06666667,0,0.0,0.0,65539,0, 0)
captureUserWait ( 18 )
captureDispatchPointer( 162050123000,162153047000, 2, 771.285828, 1704.112427,0.20784314,0.06666667,0,0.0,0.0,65539,0, 0)
captureUserWait ( 8 )
captureDispatchPointer( 162050123000,162161164000, 1, 771.285828, 1704.112427,0.20784314,0.06666667,0,0.0,0.0,65539,0, 0)
captureUserWait ( 30 )
compareScreenshot(2014-08-01_08-32-05.jpg, 0, 0, 1080, 1920, 0, 1.0, 10)
captureDispatchPointer( 163191706000,163191706000, 0, 551.489380, 1559.187866,0.20784314,0.06666667,0,0.0,0.0,65539,0, 0)
captureUserWait ( 15 )
captureDispatchPointer( 163191706000,163207185000, 2, 551.489380, 1559.187866,0.20784314,0.06666667,0,0.0,0.0,65539,0, 0)
captureUserWait ( 18 )
captureDispatchPointer( 163191706000,163225956000, 2, 551.489380, 1559.187866,0.20784314,0.06666667,0,0.0,0.0,65539,0, 0)
captureUserWait ( 92 )
captureDispatchPointer( 163191706000,163318878000, 1, 551.489380, 1559.187866,0.20784314,0.06666667,0,0.0,0.0,65539,0, 0)
captureUserWait ( 965 )
captureDispatchPointer( 164284485000,164284485000, 0, 575.467163, 1835.044189,0.20784314,0.06666667,0,0.0,0.0,65539,0, 0)
captureUserWait ( 54 )
captureDispatchPointer( 164284485000,164338818000, 2, 575.467163, 1835.044189,0.20784314,0.06666667,0,0.0,0.0,65539,0, 0)
captureUserWait ( 76 )
captureDispatchPointer( 164284485000,164415478000, 2, 575.467163, 1835.044189,0.20784314,0.06666667,0,0.0,0.0,65539,0, 0)
captureUserWait ( 5 )
captureDispatchPointer( 164284485000,164420567000, 1, 575.467163, 1835.044189,0.20784314,0.06666667,0,0.0,0.0,65539,0, 0)
captureUserWait ( 40 )
compareScreenshot(2014-08-01_08-32-07.jpg, 0, 0, 1080, 1920, 0, 1.0, 10)
captureDispatchPointer( 165461015000,165461015000, 0, 193.820541, 1371.285767,0.20784314,0.06666667,0,0.0,0.0,65539,0, 0)
captureUserWait ( 43 )
captureDispatchPointer( 165461015000,165504232000, 2, 193.820541, 1371.285767,0.20784314,0.06666667,0,0.0,0.0,65539,0, 0)
captureUserWait ( 9 )
captureDispatchPointer( 165461015000,165513675000, 2, 193.820541, 1371.285767,0.20784314,0.06666667,0,0.0,0.0,65539,0, 0)
captureUserWait ( 46 )
captureDispatchPointer( 165461015000,165560393000, 2, 193.820541, 1371.285767,0.20784314,0.06666667,0,0.0,0.0,65539,0, 0)
captureUserWait ( 9 )
captureDispatchPointer( 165461015000,165569782000, 2, 193.820541, 1371.285767,0.20784314,0.06666667,0,0.0,0.0,65539,0, 0)
captureUserWait ( 9 )
captureDispatchPointer( 165461015000,165578997000, 2, 193.820541, 1371.285767,0.20784314,0.06666667,0,0.0,0.0,65539,0, 0)
captureUserWait ( 8 )
captureDispatchPointer( 165461015000,165587701000, 1, 193.820541, 1371.285767,0.20784314,0.06666667,0,0.0,0.0,65539,0, 0)
captureUserWait ( 156 )
compareScreenshot(2014-08-01_08-32-09.jpg, 0, 0, 1080, 1920, 0, 1.0, 10)
captureDispatchPointer( 166744418000,166744418000, 0, 815.245117, 1352.295654,0.20784314,0.06666667,0,0.0,0.0,65539,0, 0)
captureUserWait ( 18 )
captureDispatchPointer( 166744418000,166762740000, 2, 815.245117, 1352.295654,0.20784314,0.06666667,0,0.0,0.0,65539,0, 0)
captureUserWait ( 45 )
captureDispatchPointer( 166744418000,166808367000, 1, 815.245117, 1352.295654,0.20784314,0.06666667,0,0.0,0.0,65539,0, 0)
captureUserWait ( 733 )
captureDispatchPointer( 167542122000,167542122000, 0, 513.524536, 1352.295654,0.20784314,0.06666667,0,0.0,0.0,65539,0, 0)
captureUserWait ( 19 )
captureDispatchPointer( 167542122000,167561458000, 2, 513.524536, 1352.295654,0.20784314,0.06666667,0,0.0,0.0,65539,0, 0)
captureUserWait ( 7 )
captureDispatchPointer( 167542122000,167568566000, 2, 513.524536, 1352.295654,0.20784314,0.06666667,0,0.0,0.0,65539,0, 0)
captureUserWait ( 56 )
captureDispatchPointer( 167542122000,167624791000, 1, 513.524536, 1352.295654,0.20784314,0.06666667,0,0.0,0.0,65539,0, 0)
captureUserWait ( 546 )
compareScreenshot(2014-08-01_08-32-11.jpg, 0, 0, 1080, 1920, 0, 1.0, 10)
captureDispatchPointer( 169171632000,169171632000, 0, 659.389465, 1506.215454,0.20784314,0.06666667,0,0.0,0.0,65539,0, 0)
captureUserWait ( 97 )
captureDispatchPointer( 169171632000,169269011000, 1, 659.389465, 1506.215454,0.20784314,0.06666667,0,0.0,0.0,65539,0, 0)
captureUserWait ( 408 )
compareScreenshot(2014-08-01_08-32-13.jpg, 0, 0, 1080, 1920, 0, 1.0, 10)
captureDispatchPointer( 170677660000,170677660000, 0, 652.395935, 1843.040039,0.20784314,0.06666667,0,0.0,0.0,65539,0, 0)
captureUserWait ( 5 )
captureDispatchPointer( 170677660000,170683037000, 2, 652.395935, 1843.040039,0.20784314,0.06666667,0,0.0,0.0,65539,0, 0)
captureUserWait ( 102 )
captureDispatchPointer( 170677660000,170785472000, 1, 652.395935, 1843.040039,0.20784314,0.06666667,0,0.0,0.0,65539,0, 0)
captureUserWait ( 412 )
compareScreenshot(2014-08-01_08-32-14.jpg, 0, 0, 1080, 1920, 0, 1.0, 10)
captureDispatchPointer( 172198424000,172198424000, 0, 505.531921, 1361.291016,0.20784314,0.06666667,0,0.0,0.0,65539,0, 0)
captureUserWait ( 2 )
captureDispatchPointer( 172198424000,172200799000, 1, 505.531921, 1361.291016,0.20784314,0.06666667,0,0.0,0.0,65539,0, 0)
captureUserWait ( 48 )
compareScreenshot(2014-08-01_08-32-15.jpg, 0, 0, 1080, 1920, 0, 1.0, 10)
captureDispatchPointer( 173249503000,173249503000, 0, 294.727112, 1359.291992,0.20784314,0.06666667,0,0.0,0.0,65539,0, 0)
captureUserWait ( 7 )
captureDispatchPointer( 173249503000,173257356000, 2, 294.727112, 1359.291992,0.20784314,0.06666667,0,0.0,0.0,65539,0, 0)
captureUserWait ( 74 )
captureDispatchPointer( 173249503000,173331974000, 2, 294.727112, 1359.291992,0.20784314,0.06666667,0,0.0,0.0,65539,0, 0)
captureUserWait ( 8 )
captureDispatchPointer( 173249503000,173340199000, 1, 294.727112, 1359.291992,0.20784314,0.06666667,0,0.0,0.0,65539,0, 0)
captureUserWait ( 633 )
captureDispatchPointer( 173973282000,173973282000, 0, 139.870483, 1525.205566,0.20784314,0.06666667,0,0.0,0.0,65539,0, 0)
captureUserWait ( 71 )
captureDispatchPointer( 173973282000,174044594000, 2, 139.870483, 1525.205566,0.20784314,0.06666667,0,0.0,0.0,65539,0, 0)
captureUserWait ( 9 )
captureDispatchPointer( 173973282000,174053923000, 2, 139.870483, 1525.205566,0.20784314,0.06666667,0,0.0,0.0,65539,0, 0)
captureUserWait ( 7 )
captureDispatchPointer( 173973282000,174061764000, 1, 139.870483, 1525.205566,0.20784314,0.06666667,0,0.0,0.0,65539,0, 0)
captureUserWait ( 685 )
compareScreenshot(2014-08-01_08-32-18.jpg, 0, 0, 1080, 1920, 0, 1.0, 10)
captureDispatchPointer( 175746779000,175746779000, 0, 878.186890, 1670.130127,0.20784314,0.06666667,0,0.0,0.0,65539,0, 0)
captureUserWait ( 8 )
captureDispatchPointer( 175746779000,175754894000, 2, 878.186890, 1671.129639,0.20784314,0.06666667,0,0.0,0.0,65539,0, 0)
captureUserWait ( 9 )
captureDispatchPointer( 175746779000,175764145000, 2, 878.186890, 1672.129028,0.20784314,0.06666667,0,0.0,0.0,65539,0, 0)
captureUserWait ( 56 )
captureDispatchPointer( 175746779000,175820236000, 2, 878.186890, 1672.129028,0.20784314,0.06666667,0,0.0,0.0,65539,0, 0)
captureUserWait ( 8 )
captureDispatchPointer( 175746779000,175829199000, 1, 878.186890, 1672.129028,0.20784314,0.06666667,0,0.0,0.0,65539,0, 0)
captureUserWait ( 412 )
compareScreenshot(2014-08-01_08-32-20.jpg, 0, 0, 1080, 1920, 0, 1.0, 10)
captureDispatchPointer( 178241545000,178241545000, 0, 194.819611, 414.783966,0.20784314,0.06666667,0,0.0,0.0,65539,0, 0)
captureUserWait ( 113 )
captureDispatchPointer( 178241545000,178354583000, 1, 194.819611, 414.783966,0.20784314,0.06666667,0,0.0,0.0,65539,0, 0)
captureUserWait ( 890 )
compareScreenshot(2014-08-01_08-32-24.jpg, 0, 0, 1080, 1920, 0, 1.0, 10)
captureDispatchPointer( 182244885000,182244885000, 0, 723.330261, 1275.335693,0.20784314,0.06666667,0,0.0,0.0,65539,0, 0)
captureUserWait ( 4 )
captureDispatchPointer( 182244885000,182249254000, 2, 723.330261, 1275.335693,0.20784314,0.06666667,0,0.0,0.0,65539,0, 0)
captureUserWait ( 28 )
captureDispatchPointer( 182244885000,182277519000, 2, 722.331177, 1275.335693,0.20784314,0.06666667,0,0.0,0.0,65539,0, 0)
captureUserWait ( 82 )
captureDispatchPointer( 182244885000,182360398000, 1, 722.331177, 1275.335693,0.20784314,0.06666667,0,0.0,0.0,65539,0, 0)
captureUserWait ( 428 )
compareScreenshot(2014-08-01_08-32-27.jpg, 0, 0, 1080, 1920, 0, 1.0, 10)
captureDispatchPointer( 184788689000,184788689000, 0, 358.667908, 569.703247,0.20784314,0.06666667,0,0.0,0.0,65539,0, 0)
captureUserWait ( 6 )
captureDispatchPointer( 184788689000,184795449000, 2, 358.667908, 569.703247,0.20784314,0.06666667,0,0.0,0.0,65539,0, 0)
captureUserWait ( 9 )
captureDispatchPointer( 184788689000,184805250000, 2, 359.666992, 569.703247,0.20784314,0.06666667,0,0.0,0.0,65539,0, 0)
captureUserWait ( 9 )
captureDispatchPointer( 184788689000,184814271000, 2, 360.666046, 569.703247,0.20784314,0.06666667,0,0.0,0.0,65539,0, 0)
captureUserWait ( 9 )
captureDispatchPointer( 184788689000,184823843000, 2, 361.665131, 569.703247,0.20784314,0.06666667,0,0.0,0.0,65539,0, 0)
captureUserWait ( 9 )
captureDispatchPointer( 184788689000,184832998000, 2, 362.664215, 569.703247,0.20784314,0.06666667,0,0.0,0.0,65539,0, 0)
captureUserWait ( 9 )
captureDispatchPointer( 184788689000,184842613000, 2, 363.663269, 569.703247,0.20784314,0.06666667,0,0.0,0.0,65539,0, 0)
captureUserWait ( 9 )
captureDispatchPointer( 184788689000,184851636000, 2, 364.662354, 569.703247,0.20784314,0.06666667,0,0.0,0.0,65539,0, 0)
captureUserWait ( 18 )
captureDispatchPointer( 184788689000,184870634000, 2, 365.661438, 569.703247,0.20784314,0.06666667,0,0.0,0.0,65539,0, 0)
captureUserWait ( 9 )
captureDispatchPointer( 184788689000,184879995000, 2, 365.661438, 569.703247,0.20784314,0.06666667,0,0.0,0.0,65539,0, 0)
captureUserWait ( 17 )
captureDispatchPointer( 184788689000,184897345000, 1, 365.661438, 569.703247,0.20784314,0.06666667,0,0.0,0.0,65539,0, 0)
captureUserWait ( 670 )
compareScreenshot(2014-08-01_08-32-36.jpg, 0, 0, 1080, 1920, 0, 1.0, 10)
captureDispatchPointer( 194568012000,194568012000, 0, 273.746521, 880.541382,0.20784314,0.06666667,0,0.0,0.0,65539,0, 0)
captureUserWait ( 5 )
captureDispatchPointer( 194568012000,194573175000, 2, 274.745605, 880.541382,0.20784314,0.06666667,0,0.0,0.0,65539,0, 0)
captureUserWait ( 9 )
captureDispatchPointer( 194568012000,194582466000, 2, 275.744690, 880.541382,0.20784314,0.06666667,0,0.0,0.0,65539,0, 0)
captureUserWait ( 18 )
captureDispatchPointer( 194568012000,194601439000, 2, 275.744690, 880.541382,0.20784314,0.06666667,0,0.0,0.0,65539,0, 0)
captureUserWait ( 37 )
captureDispatchPointer( 194568012000,194638958000, 2, 275.744690, 880.541382,0.20784314,0.06666667,0,0.0,0.0,65539,0, 0)
captureUserWait ( 9 )
captureDispatchPointer( 194568012000,194648303000, 2, 275.744690, 880.541382,0.20784314,0.06666667,0,0.0,0.0,65539,0, 0)
captureUserWait ( 8 )
captureDispatchPointer( 194568012000,194656702000, 1, 275.744690, 880.541382,0.20784314,0.06666667,0,0.0,0.0,65539,0, 0)
captureUserWait ( 332 )
compareScreenshot(2014-08-01_08-32-38.jpg, 0, 0, 1080, 1920, 0, 1.0, 10)
captureDispatchPointer( 195988918000,195988918000, 0, 279.740967, 1055.450317,0.20784314,0.06666667,0,0.0,0.0,65539,0, 0)
captureUserWait ( 23 )
captureDispatchPointer( 195988918000,196012775000, 2, 279.740967, 1055.450317,0.20784314,0.06666667,0,0.0,0.0,65539,0, 0)
captureUserWait ( 37 )
captureDispatchPointer( 195988918000,196049852000, 2, 279.740967, 1055.450317,0.20784314,0.06666667,0,0.0,0.0,65539,0, 0)
captureUserWait ( 17 )
captureDispatchPointer( 195988918000,196067404000, 1, 279.740967, 1055.450317,0.20784314,0.06666667,0,0.0,0.0,65539,0, 0)
captureUserWait ( 833 )
compareScreenshot(2014-08-01_08-32-40.jpg, 0, 0, 1080, 1920, 0, 1.0, 10)
captureDispatchPointer( 197900994000,197900994000, 0, 318.704895, 1435.252441,0.20784314,0.06666667,0,0.0,0.0,65539,0, 0)
captureUserWait ( 4 )
captureDispatchPointer( 197900994000,197905644000, 2, 318.704895, 1435.252441,0.20784314,0.06666667,0,0.0,0.0,65539,0, 0)
captureUserWait ( 36 )
captureDispatchPointer( 197900994000,197941988000, 1, 318.704895, 1435.252441,0.20784314,0.06666667,0,0.0,0.0,65539,0, 0)
captureUserWait ( 420 )
compareScreenshot(2014-08-01_08-32-41.jpg, 0, 0, 1080, 1920, 0, 1.0, 10)
captureDispatchPointer( 199362243000,199362243000, 0, 649.398682, 577.699097,0.20784314,0.06666667,0,0.0,0.0,65539,0, 0)
captureUserWait ( 2 )
captureDispatchPointer( 199362243000,199365032000, 2, 649.398682, 577.699097,0.20784314,0.06666667,0,0.0,0.0,65539,0, 0)
captureUserWait ( 46 )
captureDispatchPointer( 199362243000,199411123000, 1, 649.398682, 577.699097,0.20784314,0.06666667,0,0.0,0.0,65539,0, 0)
captureUserWait ( 872 )
compareScreenshot(2014-08-01_08-32-43.jpg, 0, 0, 1080, 1920, 0, 1.0, 10)
captureDispatchPointer( 201283969000,201283969000, 0, 297.724335, 884.539307,0.20784314,0.06666667,0,0.0,0.0,65539,0, 0)
captureUserWait ( 4 )
captureDispatchPointer( 201283969000,201288253000, 2, 297.724335, 884.539307,0.20784314,0.06666667,0,0.0,0.0,65539,0, 0)
captureUserWait ( 28 )
captureDispatchPointer( 201283969000,201316738000, 2, 297.724335, 884.539307,0.20784314,0.06666667,0,0.0,0.0,65539,0, 0)
captureUserWait ( 8 )
captureDispatchPointer( 201283969000,201325530000, 2, 297.724335, 884.539307,0.20784314,0.06666667,0,0.0,0.0,65539,0, 0)
captureUserWait ( 18 )
captureDispatchPointer( 201283969000,201344123000, 2, 297.724335, 884.539307,0.20784314,0.06666667,0,0.0,0.0,65539,0, 0)
captureUserWait ( 8 )
captureDispatchPointer( 201283969000,201352352000, 1, 297.724335, 884.539307,0.20784314,0.06666667,0,0.0,0.0,65539,0, 0)
captureUserWait ( 125 )
compareScreenshot(2014-08-01_08-32-44.jpg, 0, 0, 1080, 1920, 0, 1.0, 10)
captureDispatchPointer( 202478048000,202478048000, 0, 283.737274, 1073.440918,0.20784314,0.06666667,0,0.0,0.0,65539,0, 0)
captureUserWait ( 5 )
captureDispatchPointer( 202478048000,202483767000, 2, 283.737274, 1073.440918,0.20784314,0.06666667,0,0.0,0.0,65539,0, 0)
captureUserWait ( 18 )
captureDispatchPointer( 202478048000,202501958000, 2, 283.737274, 1073.440918,0.20784314,0.06666667,0,0.0,0.0,65539,0, 0)
captureUserWait ( 9 )
captureDispatchPointer( 202478048000,202511479000, 2, 283.737274, 1073.440918,0.20784314,0.06666667,0,0.0,0.0,65539,0, 0)
captureUserWait ( 47 )
captureDispatchPointer( 202478048000,202558744000, 2, 283.737274, 1073.440918,0.20784314,0.06666667,0,0.0,0.0,65539,0, 0)
captureUserWait ( 8 )
captureDispatchPointer( 202478048000,202566745000, 1, 283.737274, 1073.440918,0.20784314,0.06666667,0,0.0,0.0,65539,0, 0)
captureUserWait ( 22 )
compareScreenshot(2014-08-01_08-32-45.jpg, 0, 0, 1080, 1920, 0, 1.0, 10)
captureDispatchPointer( 203589068000,203589068000, 0, 460.573547, 882.540344,0.20784314,0.06666667,0,0.0,0.0,65539,0, 0)
captureUserWait ( 79 )
captureDispatchPointer( 203589068000,203668218000, 1, 460.573547, 882.540344,0.20784314,0.06666667,0,0.0,0.0,65539,0, 0)
captureUserWait ( 313 )
compareScreenshot(2014-08-01_08-32-48.jpg, 0, 0, 1080, 1920, 0, 1.0, 10)
captureDispatchPointer( 205982024000,205982024000, 0, 313.709534, 1428.256104,0.20784314,0.06666667,0,0.0,0.0,65539,0, 0)
captureUserWait ( 52 )
captureDispatchPointer( 205982024000,206034772000, 2, 313.709534, 1428.256104,0.20784314,0.06666667,0,0.0,0.0,65539,0, 0)
captureUserWait ( 8 )
captureDispatchPointer( 205982024000,206043322000, 2, 313.709534, 1428.256104,0.20784314,0.06666667,0,0.0,0.0,65539,0, 0)
captureUserWait ( 9 )
captureDispatchPointer( 205982024000,206052998000, 2, 313.709534, 1428.256104,0.20784314,0.06666667,0,0.0,0.0,65539,0, 0)
captureUserWait ( 26 )
captureDispatchPointer( 205982024000,206079821000, 1, 313.709534, 1428.256104,0.20784314,0.06666667,0,0.0,0.0,65539,0, 0)
captureUserWait ( 637 )
compareScreenshot(2014-08-01_08-32-52.jpg, 0, 0, 1080, 1920, 0, 1.0, 10)
captureDispatchPointer( 209717608000,209717608000, 0, 524.514343, 1813.055664,0.20784314,0.06666667,0,0.0,0.0,65539,0, 0)
captureUserWait ( 18 )
captureDispatchPointer( 209717608000,209736106000, 2, 524.514343, 1813.055664,0.20784314,0.06666667,0,0.0,0.0,65539,0, 0)
captureUserWait ( 8 )
captureDispatchPointer( 209717608000,209744317000, 2, 524.514343, 1813.055664,0.20784314,0.06666667,0,0.0,0.0,65539,0, 0)
captureUserWait ( 9 )
captureDispatchPointer( 209717608000,209753801000, 2, 524.514343, 1813.055664,0.20784314,0.06666667,0,0.0,0.0,65539,0, 0)
captureUserWait ( 18 )
captureDispatchPointer( 209717608000,209772342000, 2, 524.514343, 1813.055664,0.20784314,0.06666667,0,0.0,0.0,65539,0, 0)
captureUserWait ( 18 )
captureDispatchPointer( 209717608000,209791206000, 2, 524.514343, 1813.055664,0.20784314,0.06666667,0,0.0,0.0,65539,0, 0)
captureUserWait ( 8 )
captureDispatchPointer( 209717608000,209799651000, 1, 524.514343, 1813.055664,0.20784314,0.06666667,0,0.0,0.0,65539,0, 0)
captureUserWait ( 2809 )
compareScreenshot(2014-08-01_08-32-55.jpg, 0, 0, 1080, 1920, 0, 1.0, 10)
captureDispatchPointer( 213609288000,213609288000, 0, 545.494934, 1869.026489,0.20784314,0.06666667,0,0.0,0.0,65539,0, 0)
captureUserWait ( 43 )
captureDispatchPointer( 213609288000,213653163000, 2, 545.494934, 1869.026489,0.20784314,0.06666667,0,0.0,0.0,65539,0, 0)
captureUserWait ( 35 )
captureDispatchPointer( 213609288000,213689111000, 1, 545.494934, 1869.026489,0.20784314,0.06666667,0,0.0,0.0,65539,0, 0)
captureUserWait ( 2019 )
compareScreenshot(2014-08-01_08-32-58.jpg, 0, 0, 1080, 1920, 0, 1.0, 10)
captureDispatchPointer( 215708680000,215708680000, 0, 303.718781, 1666.132202,0.20784314,0.06666667,0,0.0,0.0,65539,0, 0)
captureUserWait ( 7 )
captureDispatchPointer( 215708680000,215716561000, 2, 303.718781, 1666.132202,0.20784314,0.06666667,0,0.0,0.0,65539,0, 0)
captureUserWait ( 19 )
captureDispatchPointer( 215708680000,215735669000, 2, 303.718781, 1666.132202,0.20784314,0.06666667,0,0.0,0.0,65539,0, 0)
captureUserWait ( 46 )
captureDispatchPointer( 215708680000,215782446000, 2, 303.718781, 1666.132202,0.20784314,0.06666667,0,0.0,0.0,65539,0, 0)
captureUserWait ( 17 )
captureDispatchPointer( 215708680000,215799783000, 1, 303.718781, 1666.132202,0.20784314,0.06666667,0,0.0,0.0,65539,0, 0)
captureUserWait ( 1684 )
compareScreenshot(2014-08-01_08-33-03.jpg, 0, 0, 1080, 1920, 0, 1.0, 10)
captureDispatchPointer( 221484055000,221484055000, 0, 503.533752, 1350.296631,0.20784314,0.06666667,0,0.0,0.0,65539,0, 0)
captureUserWait ( 2 )
captureDispatchPointer( 221484055000,221486419000, 2, 503.533752, 1350.296631,0.20784314,0.06666667,0,0.0,0.0,65539,0, 0)
captureUserWait ( 6 )
captureDispatchPointer( 221484055000,221493348000, 2, 503.533752, 1350.296631,0.20784314,0.06666667,0,0.0,0.0,65539,0, 0)
captureUserWait ( 37 )
captureDispatchPointer( 221484055000,221530504000, 2, 503.533752, 1350.296631,0.20784314,0.06666667,0,0.0,0.0,65539,0, 0)
captureUserWait ( 28 )
captureDispatchPointer( 221484055000,221558822000, 2, 503.533752, 1350.296631,0.20784314,0.06666667,0,0.0,0.0,65539,0, 0)
captureUserWait ( 8 )
captureDispatchPointer( 221484055000,221567161000, 1, 503.533752, 1350.296631,0.20784314,0.06666667,0,0.0,0.0,65539,0, 0)
captureUserWait ( 847 )
captureDispatchPointer( 222414854000,222414854000, 0, 289.731720, 1360.291504,0.20784314,0.06666667,0,0.0,0.0,65539,0, 0)
captureUserWait ( 52 )
captureDispatchPointer( 222414854000,222467468000, 2, 289.731720, 1360.291504,0.20784314,0.06666667,0,0.0,0.0,65539,0, 0)
captureUserWait ( 27 )
captureDispatchPointer( 222414854000,222495090000, 1, 289.731720, 1360.291504,0.20784314,0.06666667,0,0.0,0.0,65539,0, 0)
captureUserWait ( 807 )
captureDispatchPointer( 223302729000,223302729000, 0, 130.878815, 1534.200928,0.20784314,0.06666667,0,0.0,0.0,65539,0, 0)
captureUserWait ( 64 )
captureDispatchPointer( 223302729000,223366906000, 2, 130.878815, 1534.200928,0.20784314,0.06666667,0,0.0,0.0,65539,0, 0)
captureUserWait ( 9 )
captureDispatchPointer( 223302729000,223376760000, 2, 130.878815, 1534.200928,0.20784314,0.06666667,0,0.0,0.0,65539,0, 0)
captureUserWait ( 8 )
captureDispatchPointer( 223302729000,223384905000, 1, 130.878815, 1534.200928,0.20784314,0.06666667,0,0.0,0.0,65539,0, 0)
captureUserWait ( 798 )
captureDispatchPointer( 224182972000,224182972000, 0, 555.485657, 1833.045288,0.20784314,0.06666667,0,0.0,0.0,65539,0, 0)
captureUserWait ( 93 )
captureDispatchPointer( 224182972000,224276426000, 2, 555.485657, 1833.045288,0.20784314,0.06666667,0,0.0,0.0,65539,0, 0)
captureUserWait ( 8 )
captureDispatchPointer( 224182972000,224284549000, 1, 555.485657, 1833.045288,0.20784314,0.06666667,0,0.0,0.0,65539,0, 0)
captureUserWait ( 907 )
captureDispatchPointer( 225191726000,225191726000, 0, 487.548584, 1365.288818,0.20784314,0.06666667,0,0.0,0.0,65539,0, 0)
captureUserWait ( 63 )
captureDispatchPointer( 225191726000,225255107000, 1, 487.548584, 1365.288818,0.20784314,0.06666667,0,0.0,0.0,65539,0, 0)
captureUserWait ( 894 )
captureDispatchPointer( 226149382000,226149382000, 0, 813.247009, 1348.297729,0.20784314,0.06666667,0,0.0,0.0,65539,0, 0)
captureUserWait ( 15 )
captureDispatchPointer( 226149382000,226165368000, 2, 813.247009, 1348.297729,0.20784314,0.06666667,0,0.0,0.0,65539,0, 0)
captureUserWait ( 18 )
captureDispatchPointer( 226149382000,226183792000, 2, 813.247009, 1348.297729,0.20784314,0.06666667,0,0.0,0.0,65539,0, 0)
captureUserWait ( 18 )
captureDispatchPointer( 226149382000,226202772000, 2, 813.247009, 1348.297729,0.20784314,0.06666667,0,0.0,0.0,65539,0, 0)
captureUserWait ( 9 )
captureDispatchPointer( 226149382000,226211854000, 2, 813.247009, 1348.297729,0.20784314,0.06666667,0,0.0,0.0,65539,0, 0)
captureUserWait ( 28 )
captureDispatchPointer( 226149382000,226239993000, 2, 813.247009, 1348.297729,0.20784314,0.06666667,0,0.0,0.0,65539,0, 0)
captureUserWait ( 9 )
captureDispatchPointer( 226149382000,226249624000, 2, 813.247009, 1348.297729,0.20784314,0.06666667,0,0.0,0.0,65539,0, 0)
captureUserWait ( 7 )
captureDispatchPointer( 226149382000,226257028000, 1, 813.247009, 1348.297729,0.20784314,0.06666667,0,0.0,0.0,65539,0, 0)
captureUserWait ( 1060 )
compareScreenshot(2014-08-01_08-33-11.jpg, 0, 0, 1080, 1920, 0, 1.0, 10)
captureDispatchPointer( 229317066000,229317066000, 0, 878.186890, 1693.118164,0.20784314,0.06666667,0,0.0,0.0,65539,0, 0)
captureUserWait ( 8 )
captureDispatchPointer( 229317066000,229325667000, 2, 878.186890, 1693.118164,0.20784314,0.06666667,0,0.0,0.0,65539,0, 0)
captureUserWait ( 48 )
captureDispatchPointer( 229317066000,229374597000, 1, 878.186890, 1693.118164,0.20784314,0.06666667,0,0.0,0.0,65539,0, 0)
captureUserWait ( 904 )
captureDispatchPointer( 230278961000,230278961000, 0, 298.723419, 1369.286743,0.20784314,0.06666667,0,0.0,0.0,65539,0, 0)
captureUserWait ( 14 )
captureDispatchPointer( 230278961000,230293645000, 2, 298.723419, 1369.286743,0.20784314,0.06666667,0,0.0,0.0,65539,0, 0)
captureUserWait ( 27 )
captureDispatchPointer( 230278961000,230321536000, 2, 298.723419, 1369.286743,0.20784314,0.06666667,0,0.0,0.0,65539,0, 0)
captureUserWait ( 18 )
captureDispatchPointer( 230278961000,230339757000, 2, 298.723419, 1369.286743,0.20784314,0.06666667,0,0.0,0.0,65539,0, 0)
captureUserWait ( 8 )
captureDispatchPointer( 230278961000,230347849000, 1, 298.723419, 1369.286743,0.20784314,0.06666667,0,0.0,0.0,65539,0, 0)
captureUserWait ( 1127 )
compareScreenshot(2014-08-01_08-33-15.jpg, 0, 0, 1080, 1920, 0, 1.0, 10)
captureDispatchPointer( 233475513000,233475513000, 0, 191.822388, 425.778229,0.20784314,0.06666667,0,0.0,0.0,65539,0, 0)
captureUserWait ( 11 )
captureDispatchPointer( 233475513000,233487195000, 2, 191.822388, 425.778229,0.20784314,0.06666667,0,0.0,0.0,65539,0, 0)
captureUserWait ( 11 )
captureDispatchPointer( 233475513000,233498301000, 2, 191.822388, 425.778229,0.20784314,0.06666667,0,0.0,0.0,65539,0, 0)
captureUserWait ( 7 )
captureDispatchPointer( 233475513000,233506054000, 2, 191.822388, 425.778229,0.20784314,0.06666667,0,0.0,0.0,65539,0, 0)
captureUserWait ( 9 )
captureDispatchPointer( 233475513000,233515791000, 2, 191.822388, 425.778229,0.20784314,0.06666667,0,0.0,0.0,65539,0, 0)
captureUserWait ( 27 )
captureDispatchPointer( 233475513000,233543298000, 2, 191.822388, 425.778229,0.20784314,0.06666667,0,0.0,0.0,65539,0, 0)
captureUserWait ( 9 )
captureDispatchPointer( 233475513000,233552882000, 2, 191.822388, 425.778229,0.20784314,0.06666667,0,0.0,0.0,65539,0, 0)
captureUserWait ( 8 )
captureDispatchPointer( 233475513000,233561177000, 1, 191.822388, 425.778229,0.20784314,0.06666667,0,0.0,0.0,65539,0, 0)
captureUserWait ( 1563 )
compareScreenshot(2014-08-01_08-33-18.jpg, 0, 0, 1080, 1920, 0, 1.0, 10)
captureDispatchPointer( 236124944000,236124944000, 0, 885.180420, 752.607971,0.20784314,0.06666667,0,0.0,0.0,65539,0, 0)
captureUserWait ( 71 )
captureDispatchPointer( 236124944000,236196413000, 1, 885.180420, 752.607971,0.20784314,0.06666667,0,0.0,0.0,65539,0, 0)
captureUserWait ( 1867 )
compareScreenshot(2014-08-01_08-33-20.jpg, 0, 0, 1080, 1920, 0, 1.0, 10)
captureDispatchPointer( 238063424000,238063424000, 0, 381.646637, 577.699097,0.20784314,0.06666667,0,0.0,0.0,65539,0, 0)
captureUserWait ( 68 )
captureDispatchPointer( 238063424000,238132079000, 1, 381.646637, 577.699097,0.20784314,0.06666667,0,0.0,0.0,65539,0, 0)
captureUserWait ( 1681 )
compareScreenshot(2014-08-01_08-33-22.jpg, 0, 0, 1080, 1920, 0, 1.0, 10)
captureDispatchPointer( 239813940000,239813940000, 0, 306.716003, 1056.449707,0.20784314,0.06666667,0,0.0,0.0,65539,0, 0)
captureUserWait ( 2 )
captureDispatchPointer( 239813940000,239816249000, 2, 306.716003, 1056.449707,0.20784314,0.06666667,0,0.0,0.0,65539,0, 0)
captureUserWait ( 54 )
captureDispatchPointer( 239813940000,239870778000, 2, 306.716003, 1056.449707,0.20784314,0.06666667,0,0.0,0.0,65539,0, 0)
captureUserWait ( 17 )
captureDispatchPointer( 239813940000,239888321000, 1, 306.716003, 1056.449707,0.20784314,0.06666667,0,0.0,0.0,65539,0, 0)
captureUserWait ( 1070 )
compareScreenshot(2014-08-01_08-33-28.jpg, 0, 0, 1080, 1920, 0, 1.0, 10)
captureDispatchPointer( 245958505000,245958505000, 0, 564.477356, 1411.264893,0.20784314,0.06666667,0,0.0,0.0,65539,0, 0)
captureUserWait ( 6 )
captureDispatchPointer( 245958505000,245964868000, 2, 564.477356, 1411.264893,0.20784314,0.06666667,0,0.0,0.0,65539,0, 0)
captureUserWait ( 27 )
captureDispatchPointer( 245958505000,245992771000, 2, 564.477356, 1410.265503,0.20784314,0.06666667,0,0.0,0.0,65539,0, 0)
captureUserWait ( 37 )
captureDispatchPointer( 245958505000,246030123000, 2, 564.477356, 1410.265503,0.20784314,0.06666667,0,0.0,0.0,65539,0, 0)
captureUserWait ( 8 )
captureDispatchPointer( 245958505000,246038338000, 1, 564.477356, 1410.265503,0.20784314,0.06666667,0,0.0,0.0,65539,0, 0)
captureUserWait ( 1481 )
compareScreenshot(2014-08-01_08-33-29.jpg, 0, 0, 1080, 1920, 0, 1.0, 10)
captureDispatchPointer( 247519768000,247519768000, 0, 376.651245, 588.693359,0.20784314,0.06666667,0,0.0,0.0,65539,0, 0)
captureUserWait ( 12 )
captureDispatchPointer( 247519768000,247531831000, 2, 376.651245, 588.693359,0.20784314,0.06666667,0,0.0,0.0,65539,0, 0)
captureUserWait ( 8 )
captureDispatchPointer( 247519768000,247540486000, 1, 376.651245, 588.693359,0.20784314,0.06666667,0,0.0,0.0,65539,0, 0)
captureUserWait ( 1074 )
compareScreenshot(2014-08-01_08-33-31.jpg, 0, 0, 1080, 1920, 0, 1.0, 10)
captureDispatchPointer( 248614578000,248614578000, 0, 308.714142, 860.551758,0.20784314,0.06666667,0,0.0,0.0,65539,0, 0)
captureUserWait ( 17 )
captureDispatchPointer( 248614578000,248631637000, 2, 308.714142, 860.551758,0.20784314,0.06666667,0,0.0,0.0,65539,0, 0)
captureUserWait ( 16 )
captureDispatchPointer( 248614578000,248648382000, 1, 308.714142, 860.551758,0.20784314,0.06666667,0,0.0,0.0,65539,0, 0)
captureUserWait ( 1309 )
compareScreenshot(2014-08-01_08-33-32.jpg, 0, 0, 1080, 1920, 0, 1.0, 10)
captureDispatchPointer( 249958223000,249958223000, 0, 466.567993, 1046.454956,0.20784314,0.06666667,0,0.0,0.0,65539,0, 0)
captureUserWait ( 18 )
captureDispatchPointer( 249958223000,249976252000, 2, 466.567993, 1046.454956,0.20784314,0.06666667,0,0.0,0.0,65539,0, 0)
captureUserWait ( 8 )
captureDispatchPointer( 249958223000,249984509000, 2, 466.567993, 1046.454956,0.20784314,0.06666667,0,0.0,0.0,65539,0, 0)
captureUserWait ( 8 )
captureDispatchPointer( 249958223000,249992660000, 1, 466.567993, 1046.454956,0.20784314,0.06666667,0,0.0,0.0,65539,0, 0)
captureUserWait ( 1195 )
compareScreenshot(2014-08-01_08-33-34.jpg, 0, 0, 1080, 1920, 0, 1.0, 10)
captureDispatchPointer( 252187852000,252187852000, 0, 321.702118, 1416.262329,0.20784314,0.06666667,0,0.0,0.0,65539,0, 0)
captureUserWait ( 5 )
captureDispatchPointer( 252187852000,252193090000, 2, 321.702118, 1416.262329,0.20784314,0.06666667,0,0.0,0.0,65539,0, 0)
captureUserWait ( 9 )
captureDispatchPointer( 252187852000,252202368000, 2, 321.702118, 1416.262329,0.20784314,0.06666667,0,0.0,0.0,65539,0, 0)
captureUserWait ( 27 )
captureDispatchPointer( 252187852000,252230042000, 2, 321.702118, 1416.262329,0.20784314,0.06666667,0,0.0,0.0,65539,0, 0)
captureUserWait ( 19 )
captureDispatchPointer( 252187852000,252249263000, 2, 321.702118, 1416.262329,0.20784314,0.06666667,0,0.0,0.0,65539,0, 0)
captureUserWait ( 8 )
captureDispatchPointer( 252187852000,252257513000, 1, 321.702118, 1416.262329,0.20784314,0.06666667,0,0.0,0.0,65539,0, 0)
captureUserWait ( 1243 )
compareScreenshot(2014-08-01_08-33-35.jpg, 0, 0, 1080, 1920, 0, 1.0, 10)
captureDispatchPointer( 253500636000,253500636000, 0, 648.399658, 572.701721,0.20784314,0.06666667,0,0.0,0.0,65539,0, 0)
captureUserWait ( 5 )
captureDispatchPointer( 253500636000,253506454000, 2, 647.400574, 572.701721,0.20784314,0.06666667,0,0.0,0.0,65539,0, 0)
captureUserWait ( 8 )
captureDispatchPointer( 253500636000,253515303000, 2, 646.401489, 572.701721,0.20784314,0.06666667,0,0.0,0.0,65539,0, 0)
captureUserWait ( 9 )
captureDispatchPointer( 253500636000,253524798000, 2, 645.402405, 572.701721,0.20784314,0.06666667,0,0.0,0.0,65539,0, 0)
captureUserWait ( 8 )
captureDispatchPointer( 253500636000,253533797000, 2, 644.403320, 572.701721,0.20784314,0.06666667,0,0.0,0.0,65539,0, 0)
captureUserWait ( 9 )
captureDispatchPointer( 253500636000,253543271000, 2, 643.404236, 572.701721,0.20784314,0.06666667,0,0.0,0.0,65539,0, 0)
captureUserWait ( 38 )
captureDispatchPointer( 253500636000,253581377000, 2, 643.404236, 572.701721,0.20784314,0.06666667,0,0.0,0.0,65539,0, 0)
captureUserWait ( 9 )
captureDispatchPointer( 253500636000,253590578000, 2, 643.404236, 572.701721,0.20784314,0.06666667,0,0.0,0.0,65539,0, 0)
captureUserWait ( 8 )
captureDispatchPointer( 253500636000,253598662000, 1, 643.404236, 572.701721,0.20784314,0.06666667,0,0.0,0.0,65539,0, 0)
captureUserWait ( 1687 )
compareScreenshot(2014-08-01_08-33-37.jpg, 0, 0, 1080, 1920, 0, 1.0, 10)
captureDispatchPointer( 255286125000,255286125000, 0, 309.713226, 869.547119,0.20784314,0.06666667,0,0.0,0.0,65539,0, 0)
captureUserWait ( 14 )
captureDispatchPointer( 255286125000,255300208000, 2, 309.713226, 869.547119,0.20784314,0.06666667,0,0.0,0.0,65539,0, 0)
captureUserWait ( 65 )
captureDispatchPointer( 255286125000,255366167000, 2, 309.713226, 869.547119,0.20784314,0.06666667,0,0.0,0.0,65539,0, 0)
captureUserWait ( 7 )
captureDispatchPointer( 255286125000,255373775000, 1, 309.713226, 869.547119,0.20784314,0.06666667,0,0.0,0.0,65539,0, 0)
captureUserWait ( 1029 )
compareScreenshot(2014-08-01_08-33-38.jpg, 0, 0, 1080, 1920, 0, 1.0, 10)
captureDispatchPointer( 256402890000,256402890000, 0, 453.580017, 1064.445557,0.20784314,0.06666667,0,0.0,0.0,65539,0, 0)
captureUserWait ( 34 )
captureDispatchPointer( 256402890000,256437217000, 2, 453.580017, 1064.445557,0.20784314,0.06666667,0,0.0,0.0,65539,0, 0)
captureUserWait ( 8 )
captureDispatchPointer( 256402890000,256445466000, 1, 453.580017, 1064.445557,0.20784314,0.06666667,0,0.0,0.0,65539,0, 0)
captureUserWait ( 1181 )
compareScreenshot(2014-08-01_08-33-40.jpg, 0, 0, 1080, 1920, 0, 1.0, 10)
captureDispatchPointer( 257627083000,257627083000, 0, 457.576324, 889.536682,0.20784314,0.06666667,0,0.0,0.0,65539,0, 0)
captureUserWait ( 70 )
captureDispatchPointer( 257627083000,257697267000, 2, 458.575409, 889.536682,0.20784314,0.06666667,0,0.0,0.0,65539,0, 0)
captureUserWait ( 8 )
captureDispatchPointer( 257627083000,257706017000, 1, 458.575409, 889.536682,0.20784314,0.06666667,0,0.0,0.0,65539,0, 0)
captureUserWait ( 2776 )
compareScreenshot(2014-08-01_08-33-42.jpg, 0, 0, 1080, 1920, 0, 1.0, 10)
captureDispatchPointer( 260482521000,260482521000, 0, 306.716003, 1411.264893,0.20784314,0.06666667,0,0.0,0.0,65539,0, 0)
captureUserWait ( 4 )
captureDispatchPointer( 260482521000,260486737000, 2, 306.716003, 1411.264893,0.20784314,0.06666667,0,0.0,0.0,65539,0, 0)
captureUserWait ( 65 )
captureDispatchPointer( 260482521000,260551919000, 2, 306.716003, 1411.264893,0.20784314,0.06666667,0,0.0,0.0,65539,0, 0)
captureUserWait ( 8 )
captureDispatchPointer( 260482521000,260560137000, 1, 306.716003, 1411.264893,0.20784314,0.06666667,0,0.0,0.0,65539,0, 0)
captureUserWait ( 1043 )
compareScreenshot(2014-08-01_08-33-45.jpg, 0, 0, 1080, 1920, 0, 1.0, 10)
captureDispatchPointer( 263603676000,263603676000, 0, 545.494934, 1804.060303,0.20784314,0.06666667,0,0.0,0.0,65539,0, 0)
captureUserWait ( 88 )
captureDispatchPointer( 263603676000,263692087000, 1, 545.494934, 1804.060303,0.20784314,0.06666667,0,0.0,0.0,65539,0, 0)
captureUserWait ( 1882 )
compareScreenshot(2014-08-01_08-33-50.jpg, 0, 0, 1080, 1920, 0, 1.0, 10)
captureDispatchPointer( 268574103000,268574103000, 0, 543.496765, 1840.041626,0.20784314,0.06666667,0,0.0,0.0,65539,0, 0)
captureUserWait ( 79 )
captureDispatchPointer( 268574103000,268653417000, 2, 543.496765, 1840.041626,0.20784314,0.06666667,0,0.0,0.0,65539,0, 0)
captureUserWait ( 8 )
captureDispatchPointer( 268574103000,268661984000, 1, 543.496765, 1840.041626,0.20784314,0.06666667,0,0.0,0.0,65539,0, 0)
captureUserWait ( 1349 )
compareScreenshot(2014-08-01_08-33-52.jpg, 0, 0, 1080, 1920, 0, 1.0, 10)
captureDispatchPointer( 270011657000,270011657000, 0, 303.718781, 1677.126465,0.20784314,0.06666667,0,0.0,0.0,65539,0, 0)
captureUserWait ( 8 )
captureDispatchPointer( 270011657000,270020437000, 2, 303.718781, 1677.126465,0.20784314,0.06666667,0,0.0,0.0,65539,0, 0)
captureUserWait ( 9 )
captureDispatchPointer( 270011657000,270029808000, 2, 303.718781, 1677.126465,0.20784314,0.06666667,0,0.0,0.0,65539,0, 0)
captureUserWait ( 9 )
captureDispatchPointer( 270011657000,270039175000, 2, 302.719696, 1677.126465,0.20784314,0.06666667,0,0.0,0.0,65539,0, 0)
captureUserWait ( 18 )
captureDispatchPointer( 270011657000,270058089000, 2, 301.720642, 1677.126465,0.20784314,0.06666667,0,0.0,0.0,65539,0, 0)
captureUserWait ( 9 )
captureDispatchPointer( 270011657000,270067782000, 2, 301.720642, 1677.126465,0.20784314,0.06666667,0,0.0,0.0,65539,0, 0)
captureUserWait ( 8 )
captureDispatchPointer( 270011657000,270076660000, 2, 300.721558, 1676.126953,0.20784314,0.06666667,0,0.0,0.0,65539,0, 0)
captureUserWait ( 9 )
captureDispatchPointer( 270011657000,270086363000, 2, 300.721558, 1676.126953,0.20784314,0.06666667,0,0.0,0.0,65539,0, 0)
captureUserWait ( 7 )
captureDispatchPointer( 270011657000,270094217000, 1, 300.721558, 1676.126953,0.20784314,0.06666667,0,0.0,0.0,65539,0, 0)
captureUserWait ( 1077 )
compareScreenshot(2014-08-01_08-33-56.jpg, 0, 0, 1080, 1920, 0, 1.0, 10)
captureDispatchPointer( 274171233000,274171233000, 0, 862.201660, 1688.120728,0.20784314,0.06666667,0,0.0,0.0,65539,0, 0)
captureUserWait ( 42 )
captureDispatchPointer( 274171233000,274213972000, 2, 862.201660, 1688.120728,0.20784314,0.06666667,0,0.0,0.0,65539,0, 0)
captureUserWait ( 56 )
captureDispatchPointer( 274171233000,274270179000, 2, 862.201660, 1688.120728,0.20784314,0.06666667,0,0.0,0.0,65539,0, 0)
captureUserWait ( 8 )
captureDispatchPointer( 274171233000,274278486000, 1, 862.201660, 1688.120728,0.20784314,0.06666667,0,0.0,0.0,65539,0, 0)
captureUserWait ( 1411 )
compareScreenshot(2014-08-01_08-33-58.jpg, 0, 0, 1080, 1920, 0, 1.0, 10)
captureDispatchPointer( 275690471000,275690471000, 0, 285.735443, 1351.296143,0.20784314,0.06666667,0,0.0,0.0,65539,0, 0)
captureUserWait ( 79 )
captureDispatchPointer( 275690471000,275770367000, 2, 285.735443, 1351.296143,0.20784314,0.06666667,0,0.0,0.0,65539,0, 0)
captureUserWait ( 9 )
captureDispatchPointer( 275690471000,275779693000, 2, 285.735443, 1351.296143,0.20784314,0.06666667,0,0.0,0.0,65539,0, 0)
captureUserWait ( 8 )
captureDispatchPointer( 275690471000,275788109000, 1, 285.735443, 1351.296143,0.20784314,0.06666667,0,0.0,0.0,65539,0, 0)
captureUserWait ( 234 )
captureDispatchPointer( 276022976000,276022976000, 0, 283.737274, 1348.297729,0.20784314,0.06666667,0,0.0,0.0,65539,0, 0)
captureUserWait ( 18 )
captureDispatchPointer( 276022976000,276041246000, 2, 282.738220, 1348.297729,0.20784314,0.06666667,0,0.0,0.0,65539,0, 0)
captureUserWait ( 47 )
captureDispatchPointer( 276022976000,276088722000, 2, 282.738220, 1348.297729,0.20784314,0.06666667,0,0.0,0.0,65539,0, 0)
captureUserWait ( 9 )
captureDispatchPointer( 276022976000,276098068000, 2, 282.738220, 1348.297729,0.20784314,0.06666667,0,0.0,0.0,65539,0, 0)
captureUserWait ( 7 )
captureDispatchPointer( 276022976000,276105978000, 1, 282.738220, 1348.297729,0.20784314,0.06666667,0,0.0,0.0,65539,0, 0)
captureUserWait ( 781 )
captureDispatchPointer( 276887110000,276887110000, 0, 499.537476, 1352.295654,0.20784314,0.06666667,0,0.0,0.0,65539,0, 0)
captureUserWait ( 16 )
captureDispatchPointer( 276887110000,276903958000, 2, 499.537476, 1352.295654,0.20784314,0.06666667,0,0.0,0.0,65539,0, 0)
captureUserWait ( 37 )
captureDispatchPointer( 276887110000,276941139000, 2, 499.537476, 1352.295654,0.20784314,0.06666667,0,0.0,0.0,65539,0, 0)
captureUserWait ( 18 )
captureDispatchPointer( 276887110000,276959631000, 2, 499.537476, 1352.295654,0.20784314,0.06666667,0,0.0,0.0,65539,0, 0)
captureUserWait ( 17 )
captureDispatchPointer( 276887110000,276977627000, 1, 499.537476, 1352.295654,0.20784314,0.06666667,0,0.0,0.0,65539,0, 0)
captureUserWait ( 855 )
captureDispatchPointer( 277832627000,277832627000, 0, 820.240540, 1352.295654,0.20784314,0.06666667,0,0.0,0.0,65539,0, 0)
captureUserWait ( 7 )
captureDispatchPointer( 277832627000,277840259000, 2, 821.239624, 1352.295654,0.20784314,0.06666667,0,0.0,0.0,65539,0, 0)
captureUserWait ( 56 )
captureDispatchPointer( 277832627000,277896902000, 2, 821.239624, 1352.295654,0.20784314,0.06666667,0,0.0,0.0,65539,0, 0)
captureUserWait ( 18 )
captureDispatchPointer( 277832627000,277915624000, 2, 821.239624, 1352.295654,0.20784314,0.06666667,0,0.0,0.0,65539,0, 0)
captureUserWait ( 7 )
captureDispatchPointer( 277832627000,277923382000, 1, 821.239624, 1352.295654,0.20784314,0.06666667,0,0.0,0.0,65539,0, 0)
captureUserWait ( 724 )
captureDispatchPointer( 278647558000,278647558000, 0, 772.284912, 1696.116577,0.20784314,0.06666667,0,0.0,0.0,65539,0, 0)
captureUserWait ( 18 )
captureDispatchPointer( 278647558000,278666167000, 2, 772.284912, 1696.116577,0.20784314,0.06666667,0,0.0,0.0,65539,0, 0)
captureUserWait ( 82 )
captureDispatchPointer( 278647558000,278749139000, 1, 772.284912, 1696.116577,0.20784314,0.06666667,0,0.0,0.0,65539,0, 0)
captureUserWait ( 687 )
captureDispatchPointer( 279436887000,279436887000, 0, 545.494934, 1518.209229,0.20784314,0.06666667,0,0.0,0.0,65539,0, 0)
captureUserWait ( 5 )
captureDispatchPointer( 279436887000,279442839000, 2, 545.494934, 1518.209229,0.20784314,0.06666667,0,0.0,0.0,65539,0, 0)
captureUserWait ( 94 )
captureDispatchPointer( 279436887000,279537362000, 2, 545.494934, 1518.209229,0.20784314,0.06666667,0,0.0,0.0,65539,0, 0)
captureUserWait ( 7 )
captureDispatchPointer( 279436887000,279544975000, 1, 545.494934, 1518.209229,0.20784314,0.06666667,0,0.0,0.0,65539,0, 0)
captureUserWait ( 632 )
captureDispatchPointer( 280177374000,280177374000, 0, 552.488464, 1825.049438,0.20784314,0.06666667,0,0.0,0.0,65539,0, 0)
captureUserWait ( 25 )
captureDispatchPointer( 280177374000,280202899000, 2, 552.488464, 1825.049438,0.20784314,0.06666667,0,0.0,0.0,65539,0, 0)
captureUserWait ( 8 )
captureDispatchPointer( 280177374000,280211407000, 2, 552.488464, 1826.048828,0.20784314,0.06666667,0,0.0,0.0,65539,0, 0)
captureUserWait ( 20 )
captureDispatchPointer( 280177374000,280231500000, 2, 552.488464, 1826.048828,0.20784314,0.06666667,0,0.0,0.0,65539,0, 0)
captureUserWait ( 8 )
captureDispatchPointer( 280177374000,280240133000, 2, 552.488464, 1826.048828,0.20784314,0.06666667,0,0.0,0.0,65539,0, 0)
captureUserWait ( 9 )
captureDispatchPointer( 280177374000,280249949000, 2, 552.488464, 1826.048828,0.20784314,0.06666667,0,0.0,0.0,65539,0, 0)
captureUserWait ( 7 )
captureDispatchPointer( 280177374000,280257743000, 1, 552.488464, 1826.048828,0.20784314,0.06666667,0,0.0,0.0,65539,0, 0)
captureUserWait ( 827 )
captureDispatchPointer( 281085004000,281085004000, 0, 177.835342, 1374.284180,0.20784314,0.06666667,0,0.0,0.0,65539,0, 0)
captureUserWait ( 92 )
captureDispatchPointer( 281085004000,281177223000, 2, 177.835342, 1374.284180,0.20784314,0.06666667,0,0.0,0.0,65539,0, 0)
captureUserWait ( 8 )
captureDispatchPointer( 281085004000,281186119000, 2, 177.835342, 1374.284180,0.20784314,0.06666667,0,0.0,0.0,65539,0, 0)
captureUserWait ( 8 )
captureDispatchPointer( 281085004000,281194290000, 1, 177.835342, 1374.284180,0.20784314,0.06666667,0,0.0,0.0,65539,0, 0)
captureUserWait ( 741 )
captureDispatchPointer( 281935330000,281935330000, 0, 826.234985, 1354.294556,0.20784314,0.06666667,0,0.0,0.0,65539,0, 0)
captureUserWait ( 18 )
captureDispatchPointer( 281935330000,281953640000, 2, 826.234985, 1354.294556,0.20784314,0.06666667,0,0.0,0.0,65539,0, 0)
captureUserWait ( 28 )
captureDispatchPointer( 281935330000,281982631000, 2, 826.234985, 1354.294556,0.20784314,0.06666667,0,0.0,0.0,65539,0, 0)
captureUserWait ( 18 )
captureDispatchPointer( 281935330000,282001009000, 2, 825.235901, 1354.294556,0.20784314,0.06666667,0,0.0,0.0,65539,0, 0)
captureUserWait ( 10 )
captureDispatchPointer( 281935330000,282011327000, 2, 825.235901, 1354.294556,0.20784314,0.06666667,0,0.0,0.0,65539,0, 0)
captureUserWait ( 7 )
captureDispatchPointer( 281935330000,282018821000, 1, 825.235901, 1354.294556,0.20784314,0.06666667,0,0.0,0.0,65539,0, 0)
captureUserWait ( 629 )
captureDispatchPointer( 282648113000,282648113000, 0, 483.552277, 1351.296143,0.20784314,0.06666667,0,0.0,0.0,65539,0, 0)
captureUserWait ( 8 )
captureDispatchPointer( 282648113000,282656266000, 2, 483.552277, 1351.296143,0.20784314,0.06666667,0,0.0,0.0,65539,0, 0)
captureUserWait ( 9 )
captureDispatchPointer( 282648113000,282666181000, 2, 483.552277, 1351.296143,0.20784314,0.06666667,0,0.0,0.0,65539,0, 0)
captureUserWait ( 8 )
captureDispatchPointer( 282648113000,282674322000, 1, 483.552277, 1351.296143,0.20784314,0.06666667,0,0.0,0.0,65539,0, 0)
captureUserWait ( 1018 )
compareScreenshot(2014-08-01_08-34-08.jpg, 0, 0, 1080, 1920, 0, 1.0, 10)
captureDispatchPointer( 285693176000,285693176000, 0, 646.401489, 1536.199829,0.20784314,0.06666667,0,0.0,0.0,65539,0, 0)
captureUserWait ( 14 )
captureDispatchPointer( 285693176000,285708087000, 2, 646.401489, 1536.199829,0.20784314,0.06666667,0,0.0,0.0,65539,0, 0)
captureUserWait ( 28 )
captureDispatchPointer( 285693176000,285736183000, 2, 646.401489, 1536.199829,0.20784314,0.06666667,0,0.0,0.0,65539,0, 0)
captureUserWait ( 36 )
captureDispatchPointer( 285693176000,285772715000, 1, 646.401489, 1536.199829,0.20784314,0.06666667,0,0.0,0.0,65539,0, 0)
captureUserWait ( 724 )
captureDispatchPointer( 286497481000,286497481000, 0, 583.459778, 1866.028076,0.20784314,0.06666667,0,0.0,0.0,65539,0, 0)
captureUserWait ( 64 )
captureDispatchPointer( 286497481000,286562356000, 2, 582.460693, 1866.028076,0.20784314,0.06666667,0,0.0,0.0,65539,0, 0)
captureUserWait ( 18 )
captureDispatchPointer( 286497481000,286581218000, 2, 582.460693, 1866.028076,0.20784314,0.06666667,0,0.0,0.0,65539,0, 0)
captureUserWait ( 9 )
captureDispatchPointer( 286497481000,286590278000, 2, 582.460693, 1866.028076,0.20784314,0.06666667,0,0.0,0.0,65539,0, 0)
captureUserWait ( 9 )
captureDispatchPointer( 286497481000,286600235000, 2, 582.460693, 1866.028076,0.20784314,0.06666667,0,0.0,0.0,65539,0, 0)
captureUserWait ( 7 )
captureDispatchPointer( 286497481000,286607767000, 1, 582.460693, 1866.028076,0.20784314,0.06666667,0,0.0,0.0,65539,0, 0)
captureUserWait ( 630 )
captureDispatchPointer( 287237820000,287237820000, 0, 654.394104, 1684.122803,0.20784314,0.06666667,0,0.0,0.0,65539,0, 0)
captureUserWait ( 26 )
captureDispatchPointer( 287237820000,287264338000, 2, 654.394104, 1684.122803,0.20784314,0.06666667,0,0.0,0.0,65539,0, 0)
captureUserWait ( 19 )
captureDispatchPointer( 287237820000,287284207000, 2, 654.394104, 1684.122803,0.20784314,0.06666667,0,0.0,0.0,65539,0, 0)
captureUserWait ( 18 )
captureDispatchPointer( 287237820000,287302845000, 2, 654.394104, 1685.122314,0.20784314,0.06666667,0,0.0,0.0,65539,0, 0)
captureUserWait ( 9 )
captureDispatchPointer( 287237820000,287312326000, 2, 654.394104, 1686.121826,0.20784314,0.06666667,0,0.0,0.0,65539,0, 0)
captureUserWait ( 9 )
captureDispatchPointer( 287237820000,287321378000, 2, 654.394104, 1686.121826,0.20784314,0.06666667,0,0.0,0.0,65539,0, 0)
captureUserWait ( 9 )
captureDispatchPointer( 287237820000,287330979000, 2, 654.394104, 1687.121216,0.20784314,0.06666667,0,0.0,0.0,65539,0, 0)
captureUserWait ( 17 )
captureDispatchPointer( 287237820000,287348022000, 1, 654.394104, 1687.121216,0.20784314,0.06666667,0,0.0,0.0,65539,0, 0)
captureUserWait ( 744 )
captureDispatchPointer( 288092187000,288092187000, 0, 913.154480, 1351.296143,0.20784314,0.06666667,0,0.0,0.0,65539,0, 0)
captureUserWait ( 81 )
captureDispatchPointer( 288092187000,288173569000, 2, 913.154480, 1351.296143,0.20784314,0.06666667,0,0.0,0.0,65539,0, 0)
captureUserWait ( 8 )
captureDispatchPointer( 288092187000,288181579000, 1, 913.154480, 1351.296143,0.20784314,0.06666667,0,0.0,0.0,65539,0, 0)
captureUserWait ( 926 )
captureDispatchPointer( 289108104000,289108104000, 0, 228.788162, 1534.200928,0.20784314,0.06666667,0,0.0,0.0,65539,0, 0)
captureUserWait ( 127 )
captureDispatchPointer( 289108104000,289236029000, 1, 228.788162, 1534.200928,0.20784314,0.06666667,0,0.0,0.0,65539,0, 0)
captureUserWait ( 354 )
captureDispatchPointer( 289590406000,289590406000, 0, 227.789093, 1514.211304,0.20784314,0.06666667,0,0.0,0.0,65539,0, 0)
captureUserWait ( 84 )
captureDispatchPointer( 289590406000,289674522000, 2, 227.789093, 1514.211304,0.20784314,0.06666667,0,0.0,0.0,65539,0, 0)
captureUserWait ( 6 )
captureDispatchPointer( 289590406000,289681005000, 1, 227.789093, 1514.211304,0.20784314,0.06666667,0,0.0,0.0,65539,0, 0)
captureUserWait ( 1843 )
compareScreenshot(2014-08-01_08-34-13.jpg, 0, 0, 1080, 1920, 0, 1.0, 10)
captureDispatchPointer( 291524007000,291524007000, 0, 191.822388, 412.785004,0.20784314,0.06666667,0,0.0,0.0,65539,0, 0)
captureUserWait ( 106 )
captureDispatchPointer( 291524007000,291630979000, 1, 191.822388, 412.785004,0.20784314,0.06666667,0,0.0,0.0,65539,0, 0)
captureUserWait ( 1958 )
compareScreenshot(2014-08-01_08-34-18.jpg, 0, 0, 1080, 1920, 0, 1.0, 10)
captureDispatchPointer( 296589780000,296589780000, 0, 539.500488, 890.536133,0.20784314,0.06666667,0,0.0,0.0,65539,0, 0)
captureUserWait ( 26 )
captureDispatchPointer( 296589780000,296616749000, 2, 539.500488, 890.536133,0.20784314,0.06666667,0,0.0,0.0,65539,0, 0)
captureUserWait ( 9 )
captureDispatchPointer( 296589780000,296626085000, 2, 539.500488, 890.536133,0.20784314,0.06666667,0,0.0,0.0,65539,0, 0)
captureUserWait ( 46 )
captureDispatchPointer( 296589780000,296672903000, 2, 539.500488, 890.536133,0.20784314,0.06666667,0,0.0,0.0,65539,0, 0)
captureUserWait ( 26 )
captureDispatchPointer( 296589780000,296699689000, 1, 539.500488, 890.536133,0.20784314,0.06666667,0,0.0,0.0,65539,0, 0)
captureUserWait ( 1670 )
compareScreenshot(2014-08-01_08-34-22.jpg, 0, 0, 1080, 1920, 0, 1.0, 10)
captureDispatchPointer( 300370377000,300370377000, 0, 354.671600, 566.704834,0.20784314,0.06666667,0,0.0,0.0,65539,0, 0)
captureUserWait ( 16 )
captureDispatchPointer( 300370377000,300387208000, 2, 355.670685, 566.704834,0.20784314,0.06666667,0,0.0,0.0,65539,0, 0)
captureUserWait ( 8 )
captureDispatchPointer( 300370377000,300396048000, 2, 356.669739, 566.704834,0.20784314,0.06666667,0,0.0,0.0,65539,0, 0)
captureUserWait ( 9 )
captureDispatchPointer( 300370377000,300405247000, 2, 357.668823, 566.704834,0.20784314,0.06666667,0,0.0,0.0,65539,0, 0)
captureUserWait ( 9 )
captureDispatchPointer( 300370377000,300414508000, 2, 358.667908, 566.704834,0.20784314,0.06666667,0,0.0,0.0,65539,0, 0)
captureUserWait ( 64 )
captureDispatchPointer( 300370377000,300479181000, 1, 358.667908, 566.704834,0.20784314,0.06666667,0,0.0,0.0,65539,0, 0)
captureUserWait ( 8697 )
compareScreenshot(2014-08-01_08-34-31.jpg, 0, 0, 1080, 1920, 0, 1.0, 10)
captureDispatchPointer( 309176866000,309176866000, 0, 289.731720, 887.537720,0.20784314,0.06666667,0,0.0,0.0,65539,0, 0)
captureUserWait ( 12 )
captureDispatchPointer( 309176866000,309188901000, 2, 288.732666, 887.537720,0.20784314,0.06666667,0,0.0,0.0,65539,0, 0)
captureUserWait ( 10 )
captureDispatchPointer( 309176866000,309198911000, 2, 287.733582, 887.537720,0.20784314,0.06666667,0,0.0,0.0,65539,0, 0)
captureUserWait ( 8 )
captureDispatchPointer( 309176866000,309207353000, 2, 286.734497, 887.537720,0.20784314,0.06666667,0,0.0,0.0,65539,0, 0)
captureUserWait ( 9 )
captureDispatchPointer( 309176866000,309216977000, 2, 286.734497, 887.537720,0.20784314,0.06666667,0,0.0,0.0,65539,0, 0)
captureUserWait ( 28 )
captureDispatchPointer( 309176866000,309245431000, 2, 286.734497, 887.537720,0.20784314,0.06666667,0,0.0,0.0,65539,0, 0)
captureUserWait ( 8 )
captureDispatchPointer( 309176866000,309253662000, 1, 286.734497, 887.537720,0.20784314,0.06666667,0,0.0,0.0,65539,0, 0)
captureUserWait ( 1355 )
compareScreenshot(2014-08-01_08-34-34.jpg, 0, 0, 1080, 1920, 0, 1.0, 10)
captureDispatchPointer( 311609592000,311609592000, 0, 291.729889, 1242.352905,0.20784314,0.06666667,0,0.0,0.0,65539,0, 0)
captureUserWait ( 5 )
captureDispatchPointer( 311609592000,311614632000, 2, 291.729889, 1242.352905,0.20784314,0.06666667,0,0.0,0.0,65539,0, 0)
captureUserWait ( 27 )
captureDispatchPointer( 311609592000,311642322000, 2, 291.729889, 1242.352905,0.20784314,0.06666667,0,0.0,0.0,65539,0, 0)
captureUserWait ( 8 )
captureDispatchPointer( 311609592000,311650765000, 1, 291.729889, 1242.352905,0.20784314,0.06666667,0,0.0,0.0,65539,0, 0)
captureUserWait ( 1519 )
compareScreenshot(2014-08-01_08-34-39.jpg, 0, 0, 1080, 1920, 0, 1.0, 10)
captureDispatchPointer( 317170195000,317170195000, 0, 308.714142, 1421.259766,0.20784314,0.06666667,0,0.0,0.0,65539,0, 0)
captureUserWait ( 11 )
captureDispatchPointer( 317170195000,317182178000, 2, 308.714142, 1421.259766,0.20784314,0.06666667,0,0.0,0.0,65539,0, 0)
captureUserWait ( 55 )
captureDispatchPointer( 317170195000,317237297000, 2, 308.714142, 1421.259766,0.20784314,0.06666667,0,0.0,0.0,65539,0, 0)
captureUserWait ( 8 )
captureDispatchPointer( 317170195000,317245483000, 1, 308.714142, 1421.259766,0.20784314,0.06666667,0,0.0,0.0,65539,0, 0)
captureUserWait ( 1501 )
compareScreenshot(2014-08-01_08-34-41.jpg, 0, 0, 1080, 1920, 0, 1.0, 10)
captureDispatchPointer( 318747229000,318747229000, 0, 656.392212, 576.699646,0.20784314,0.06666667,0,0.0,0.0,65539,0, 0)
captureUserWait ( 60 )
captureDispatchPointer( 318747229000,318808065000, 1, 656.392212, 576.699646,0.20784314,0.06666667,0,0.0,0.0,65539,0, 0)
captureUserWait ( 1844 )
compareScreenshot(2014-08-01_08-34-43.jpg, 0, 0, 1080, 1920, 0, 1.0, 10)
captureDispatchPointer( 320652669000,320652669000, 0, 269.750244, 880.541382,0.20784314,0.06666667,0,0.0,0.0,65539,0, 0)
captureUserWait ( 12 )
captureDispatchPointer( 320652669000,320665457000, 2, 269.750244, 880.541382,0.20784314,0.06666667,0,0.0,0.0,65539,0, 0)
captureUserWait ( 9 )
captureDispatchPointer( 320652669000,320674471000, 2, 269.750244, 880.541382,0.20784314,0.06666667,0,0.0,0.0,65539,0, 0)
captureUserWait ( 9 )
captureDispatchPointer( 320652669000,320684210000, 2, 269.750244, 880.541382,0.20784314,0.06666667,0,0.0,0.0,65539,0, 0)
captureUserWait ( 8 )
captureDispatchPointer( 320652669000,320693053000, 2, 269.750244, 880.541382,0.20784314,0.06666667,0,0.0,0.0,65539,0, 0)
captureUserWait ( 19 )
captureDispatchPointer( 320652669000,320712438000, 2, 269.750244, 880.541382,0.20784314,0.06666667,0,0.0,0.0,65539,0, 0)
captureUserWait ( 17 )
captureDispatchPointer( 320652669000,320729906000, 1, 269.750244, 880.541382,0.20784314,0.06666667,0,0.0,0.0,65539,0, 0)
captureUserWait ( 885 )
captureDispatchPointer( 321615460000,321615460000, 0, 275.744690, 1265.340942,0.20784314,0.06666667,0,0.0,0.0,65539,0, 0)
captureUserWait ( 44 )
captureDispatchPointer( 321615460000,321659756000, 2, 275.744690, 1265.340942,0.20784314,0.06666667,0,0.0,0.0,65539,0, 0)
captureUserWait ( 7 )
captureDispatchPointer( 321615460000,321667307000, 1, 275.744690, 1265.340942,0.20784314,0.06666667,0,0.0,0.0,65539,0, 0)
captureUserWait ( 1239 )
compareScreenshot(2014-08-01_08-34-45.jpg, 0, 0, 1080, 1920, 0, 1.0, 10)
captureDispatchPointer( 322907066000,322907066000, 0, 633.413513, 871.546021,0.20784314,0.06666667,0,0.0,0.0,65539,0, 0)
captureUserWait ( 63 )
captureDispatchPointer( 322907066000,322970851000, 2, 633.413513, 871.546021,0.20784314,0.06666667,0,0.0,0.0,65539,0, 0)
captureUserWait ( 8 )
captureDispatchPointer( 322907066000,322979069000, 1, 633.413513, 871.546021,0.20784314,0.06666667,0,0.0,0.0,65539,0, 0)
captureUserWait ( 1750 )
compareScreenshot(2014-08-01_08-34-48.jpg, 0, 0, 1080, 1920, 0, 1.0, 10)
captureDispatchPointer( 325729538000,325729538000, 0, 314.708618, 1416.262329,0.20784314,0.06666667,0,0.0,0.0,65539,0, 0)
captureUserWait ( 10 )
captureDispatchPointer( 325729538000,325740199000, 2, 313.709534, 1416.262329,0.20784314,0.06666667,0,0.0,0.0,65539,0, 0)
captureUserWait ( 8 )
captureDispatchPointer( 325729538000,325748392000, 1, 313.709534, 1416.262329,0.20784314,0.06666667,0,0.0,0.0,65539,0, 0)
captureUserWait ( 1758 )
compareScreenshot(2014-08-01_08-34-50.jpg, 0, 0, 1080, 1920, 0, 1.0, 10)
captureDispatchPointer( 328506399000,328506399000, 0, 679.370972, 1819.052490,0.20784314,0.06666667,0,0.0,0.0,65539,0, 0)
captureUserWait ( 67 )
captureDispatchPointer( 328506399000,328573695000, 1, 679.370972, 1819.052490,0.20784314,0.06666667,0,0.0,0.0,65539,0, 0)
captureUserWait ( 1741 )
compareScreenshot(2014-08-01_08-34-54.jpg, 0, 0, 1080, 1920, 0, 1.0, 10)
captureDispatchKey( 0, 0, 0, 3, 0,0,0,0)
captureUserWait ( 94 )
captureDispatchKey( 0, 0, 1, 3, 0,0,0,0)
captureUserWait ( 1861 )
compareScreenshot(2014-08-01_08-34-58.jpg, 0, 0, 1080, 1920, 0, 1.0, 10)
captureUserWait ( 1500 )
