type=raw events 1
count= 1
speed=1.0
start data >>

## 18-browse-sports-map.txt

# launch browser
RunCmd(am start -n com.android.browser/.BrowserActivity --activity-single-top)
captureUserWait ( 4500 )

#
compareScreenshot(2014-09-22_06-35-52.jpg, 0, 0, 1080, 1920, 0, 1.0, 10)
captureDispatchPointer( 4337792819000,4337792819000, 0, 724.329346, 192.899521,0.20784314,0.06666667,0,0.0,0.0,65539,0, 0)
captureUserWait ( 5 )
captureDispatchPointer( 4337792819000,4337798783000, 2, 723.330261, 192.899521,0.20784314,0.06666667,0,0.0,0.0,65539,0, 0)
captureUserWait ( 9 )
captureDispatchPointer( 4337792819000,4337807885000, 2, 723.330261, 192.899521,0.20784314,0.06666667,0,0.0,0.0,65539,0, 0)
captureUserWait ( 73 )
captureDispatchPointer( 4337792819000,4337881717000, 1, 723.330261, 192.899521,0.20784314,0.06666667,0,0.0,0.0,65539,0, 0)
captureUserWait ( 1004 )

#
compareScreenshot(2014-09-22_06-35-55.jpg, 0, 0, 1080, 1920, 0, 1.0, 10)
captureDispatchPointer( 4340386236000,4340386236000, 0, 653.395020, 1508.214478,0.20784314,0.06666667,0,0.0,0.0,65539,0, 0)
captureUserWait ( 9 )
captureDispatchPointer( 4340386236000,4340395303000, 2, 653.395020, 1509.213867,0.20784314,0.06666667,0,0.0,0.0,65539,0, 0)
captureUserWait ( 66 )
captureDispatchPointer( 4340386236000,4340461496000, 2, 653.395020, 1509.213867,0.20784314,0.06666667,0,0.0,0.0,65539,0, 0)
captureUserWait ( 8 )
captureDispatchPointer( 4340386236000,4340470378000, 2, 653.395020, 1509.213867,0.20784314,0.06666667,0,0.0,0.0,65539,0, 0)
captureUserWait ( 8 )
captureDispatchPointer( 4340386236000,4340478997000, 1, 653.395020, 1509.213867,0.20784314,0.06666667,0,0.0,0.0,65539,0, 0)
captureUserWait ( 32 )

compareScreenshot(2014-09-22_06-35-57.jpg, 0, 0, 1080, 1920, 0, 1.0, 10)
captureDispatchPointer( 4342311004000,4342311004000, 0, 497.539307, 1346.298828,0.20784314,0.06666667,0,0.0,0.0,65539,0, 0)
captureUserWait ( 25 )
captureDispatchPointer( 4342311004000,4342336271000, 2, 497.539307, 1346.298828,0.20784314,0.06666667,0,0.0,0.0,65539,0, 0)
captureUserWait ( 9 )
captureDispatchPointer( 4342311004000,4342345615000, 2, 497.539307, 1346.298828,0.20784314,0.06666667,0,0.0,0.0,65539,0, 0)
captureUserWait ( 18 )
captureDispatchPointer( 4342311004000,4342364365000, 2, 497.539307, 1346.298828,0.20784314,0.06666667,0,0.0,0.0,65539,0, 0)
captureUserWait ( 18 )
captureDispatchPointer( 4342311004000,4342383049000, 2, 497.539307, 1346.298828,0.20784314,0.06666667,0,0.0,0.0,65539,0, 0)
captureUserWait ( 9 )
captureDispatchPointer( 4342311004000,4342392061000, 1, 497.539307, 1346.298828,0.20784314,0.06666667,0,0.0,0.0,65539,0, 0)
captureUserWait ( 37 )

compareScreenshot(2014-09-22_06-35-58.jpg, 0, 0, 1080, 1920, 0, 1.0, 10)
captureDispatchPointer( 4344129702000,4344129702000, 0, 503.533752, 1345.299316,0.20784314,0.06666667,0,0.0,0.0,65539,0, 0)
captureUserWait ( 5 )
captureDispatchPointer( 4344129702000,4344135406000, 2, 503.533752, 1345.299316,0.20784314,0.06666667,0,0.0,0.0,65539,0, 0)
captureUserWait ( 19 )
captureDispatchPointer( 4344129702000,4344154447000, 2, 503.533752, 1345.299316,0.20784314,0.06666667,0,0.0,0.0,65539,0, 0)
captureUserWait ( 9 )
captureDispatchPointer( 4344129702000,4344163729000, 2, 503.533752, 1345.299316,0.20784314,0.06666667,0,0.0,0.0,65539,0, 0)
captureUserWait ( 9 )
captureDispatchPointer( 4344129702000,4344173191000, 2, 503.533752, 1345.299316,0.20784314,0.06666667,0,0.0,0.0,65539,0, 0)
captureUserWait ( 9 )
captureDispatchPointer( 4344129702000,4344182306000, 2, 503.533752, 1345.299316,0.20784314,0.06666667,0,0.0,0.0,65539,0, 0)
captureUserWait ( 18 )
captureDispatchPointer( 4344129702000,4344201253000, 2, 503.533752, 1345.299316,0.20784314,0.06666667,0,0.0,0.0,65539,0, 0)
captureUserWait ( 9 )
captureDispatchPointer( 4344129702000,4344210529000, 2, 503.533752, 1345.299316,0.20784314,0.06666667,0,0.0,0.0,65539,0, 0)
captureUserWait ( 8 )
captureDispatchPointer( 4344129702000,4344218969000, 1, 503.533752, 1345.299316,0.20784314,0.06666667,0,0.0,0.0,65539,0, 0)
captureUserWait ( 31 )

compareScreenshot(2014-09-22_06-36-01.jpg, 0, 0, 1080, 1920, 0, 1.0, 10)
captureDispatchPointer( 4346450167000,4346450167000, 0, 1029.047241, 1342.300903,0.20784314,0.06666667,0,0.0,0.0,65539,0, 0)
captureUserWait ( 7 )
captureDispatchPointer( 4346450167000,4346457795000, 2, 1027.049072, 1342.300903,0.20784314,0.06666667,0,0.0,0.0,65539,0, 0)
captureUserWait ( 12 )
captureDispatchPointer( 4346450167000,4346578670000, 1, 1027.049072, 1342.300903,0.20784314,0.06666667,0,0.0,0.0,65539,0, 0)
captureUserWait ( 22 )

compareScreenshot(2014-09-22_06-36-03.jpg, 0, 0, 1080, 1920, 0, 1.0, 10)
captureDispatchPointer( 4348981199000,4348981199000, 0, 77.927841, 1864.029053,0.20784314,0.06666667,0,0.0,0.0,65539,0, 0)
captureUserWait ( 81 )
captureDispatchPointer( 4348981199000,4349063008000, 2, 77.927841, 1865.028564,0.20784314,0.06666667,0,0.0,0.0,65539,0, 0)
captureUserWait ( 26 )
captureDispatchPointer( 4348981199000,4349089936000, 1, 77.927841, 1865.028564,0.20784314,0.06666667,0,0.0,0.0,65539,0, 0)
captureUserWait ( 23 )

compareScreenshot(2014-09-22_06-36-06.jpg, 0, 0, 1080, 1920, 0, 1.0, 10)
captureDispatchPointer( 4351414967000,4351414967000, 0, 533.506042, 1680.124878,0.20784314,0.06666667,0,0.0,0.0,65539,0, 0)
captureUserWait ( 45 )
captureDispatchPointer( 4351414967000,4351460746000, 2, 533.506042, 1680.124878,0.20784314,0.06666667,0,0.0,0.0,65539,0, 0)
captureUserWait ( 8 )
captureDispatchPointer( 4351414967000,4351469159000, 1, 533.506042, 1680.124878,0.20784314,0.06666667,0,0.0,0.0,65539,0, 0)
captureUserWait ( 25 )

compareScreenshot(2014-09-22_06-36-08.jpg, 0, 0, 1080, 1920, 0, 1.0, 10)
captureDispatchPointer( 4353977890000,4353977890000, 0, 342.682709, 1842.040527,0.20784314,0.06666667,0,0.0,0.0,65539,0, 0)
captureUserWait ( 61 )
captureDispatchPointer( 4353977890000,4354039578000, 2, 342.682709, 1842.040527,0.20784314,0.06666667,0,0.0,0.0,65539,0, 0)
captureUserWait ( 27 )
captureDispatchPointer( 4353977890000,4354066841000, 1, 342.682709, 1842.040527,0.20784314,0.06666667,0,0.0,0.0,65539,0, 0)
captureUserWait ( 31 )

compareScreenshot(2014-09-22_06-36-11.jpg, 0, 0, 1080, 1920, 0, 1.0, 10)
captureDispatchPointer( 4356298252000,4356298252000, 0, 343.681763, 1838.042603,0.20784314,0.06666667,0,0.0,0.0,65539,0, 0)
captureUserWait ( 91 )
captureDispatchPointer( 4356298252000,4356389315000, 1, 343.681763, 1838.042603,0.20784314,0.06666667,0,0.0,0.0,65539,0, 0)
captureUserWait ( 20 )

compareScreenshot(2014-09-22_06-36-13.jpg, 0, 0, 1080, 1920, 0, 1.0, 10)
captureDispatchPointer( 4358670087000,4358670087000, 0, 98.908417, 1843.040039,0.20784314,0.06666667,0,0.0,0.0,65539,0, 0)
captureUserWait ( 91 )
captureDispatchPointer( 4358670087000,4358761672000, 2, 98.908417, 1843.040039,0.20784314,0.06666667,0,0.0,0.0,65539,0, 0)
captureUserWait ( 9 )
captureDispatchPointer( 4358670087000,4358771031000, 2, 98.908417, 1843.040039,0.20784314,0.06666667,0,0.0,0.0,65539,0, 0)
captureUserWait ( 9 )
captureDispatchPointer( 4358670087000,4358780274000, 2, 98.908417, 1843.040039,0.20784314,0.06666667,0,0.0,0.0,65539,0, 0)
captureUserWait ( 7 )
captureDispatchPointer( 4358670087000,4358788126000, 1, 98.908417, 1843.040039,0.20784314,0.06666667,0,0.0,0.0,65539,0, 0)
captureUserWait ( 26 )

compareScreenshot(2014-09-22_06-36-16.jpg, 0, 0, 1080, 1920, 0, 1.0, 10)
captureDispatchPointer( 4361456158000,4361456158000, 0, 394.634613, 1346.298828,0.20784314,0.06666667,0,0.0,0.0,65539,0, 0)
captureUserWait ( 17 )
captureDispatchPointer( 4361456158000,4361473942000, 2, 394.634613, 1346.298828,0.20784314,0.06666667,0,0.0,0.0,65539,0, 0)
captureUserWait ( 74 )
captureDispatchPointer( 4361456158000,4361548720000, 2, 394.634613, 1346.298828,0.20784314,0.06666667,0,0.0,0.0,65539,0, 0)
captureUserWait ( 7 )
captureDispatchPointer( 4361456158000,4361556650000, 1, 394.634613, 1346.298828,0.20784314,0.06666667,0,0.0,0.0,65539,0, 0)
captureUserWait ( 22 )

compareScreenshot(2014-09-22_06-36-18.jpg, 0, 0, 1080, 1920, 0, 1.0, 10)
captureDispatchPointer( 4363819493000,4363819493000, 0, 108.899170, 1839.042114,0.20784314,0.06666667,0,0.0,0.0,65539,0, 0)
captureUserWait ( 19 )
captureDispatchPointer( 4363819493000,4363918812000, 1, 108.899170, 1839.042114,0.20784314,0.06666667,0,0.0,0.0,65539,0, 0)
captureUserWait ( 18 )

compareScreenshot(2014-09-22_06-36-20.jpg, 0, 0, 1080, 1920, 0, 1.0, 10)
captureDispatchPointer( 4365777649000,4365777649000, 0, 280.740051, 1333.305542,0.20784314,0.06666667,0,0.0,0.0,65539,0, 0)
captureUserWait ( 27 )
captureDispatchPointer( 4365777649000,4365805151000, 2, 280.740051, 1333.305542,0.20784314,0.06666667,0,0.0,0.0,65539,0, 0)
captureUserWait ( 47 )
captureDispatchPointer( 4365777649000,4365852244000, 2, 280.740051, 1333.305542,0.20784314,0.06666667,0,0.0,0.0,65539,0, 0)
captureUserWait ( 18 )
captureDispatchPointer( 4365777649000,4365870790000, 2, 280.740051, 1333.305542,0.20784314,0.06666667,0,0.0,0.0,65539,0, 0)
captureUserWait ( 7 )
captureDispatchPointer( 4365777649000,4365878688000, 1, 280.740051, 1333.305542,0.20784314,0.06666667,0,0.0,0.0,65539,0, 0)
captureUserWait ( 26 )

compareScreenshot(2014-09-22_06-36-23.jpg, 0, 0, 1080, 1920, 0, 1.0, 10)
captureDispatchPointer( 4368478961000,4368478961000, 0, 99.907494, 1831.046265,0.20784314,0.06666667,0,0.0,0.0,65539,0, 0)
captureUserWait ( 70 )
captureDispatchPointer( 4368478961000,4368549355000, 2, 99.907494, 1831.046265,0.20784314,0.06666667,0,0.0,0.0,65539,0, 0)
captureUserWait ( 17 )
captureDispatchPointer( 4368478961000,4368566975000, 1, 99.907494, 1831.046265,0.20784314,0.06666667,0,0.0,0.0,65539,0, 0)
captureUserWait ( 20 )

compareScreenshot(2014-09-22_06-36-25.jpg, 0, 0, 1080, 1920, 0, 1.0, 10)
captureDispatchPointer( 4370727692000,4370727692000, 0, 742.312683, 1499.219116,0.20784314,0.06666667,0,0.0,0.0,65539,0, 0)
captureUserWait ( 26 )
captureDispatchPointer( 4370727692000,4370754316000, 2, 742.312683, 1499.219116,0.20784314,0.06666667,0,0.0,0.0,65539,0, 0)
captureUserWait ( 19 )
captureDispatchPointer( 4370727692000,4370773553000, 2, 742.312683, 1499.219116,0.20784314,0.06666667,0,0.0,0.0,65539,0, 0)
captureUserWait ( 9 )
captureDispatchPointer( 4370727692000,4370782715000, 2, 742.312683, 1499.219116,0.20784314,0.06666667,0,0.0,0.0,65539,0, 0)
captureUserWait ( 47 )
captureDispatchPointer( 4370727692000,4370829826000, 2, 742.312683, 1499.219116,0.20784314,0.06666667,0,0.0,0.0,65539,0, 0)
captureUserWait ( 8 )
captureDispatchPointer( 4370727692000,4370838071000, 1, 742.312683, 1499.219116,0.20784314,0.06666667,0,0.0,0.0,65539,0, 0)
captureUserWait ( 25 )

compareScreenshot(2014-09-22_06-36-27.jpg, 0, 0, 1080, 1920, 0, 1.0, 10)
captureDispatchPointer( 4372953739000,4372953739000, 0, 102.904716, 1847.037964,0.20784314,0.06666667,0,0.0,0.0,65539,0, 0)
captureUserWait ( 54 )
captureDispatchPointer( 4372953739000,4373007797000, 2, 102.904716, 1847.037964,0.20784314,0.06666667,0,0.0,0.0,65539,0, 0)
captureUserWait ( 9 )
captureDispatchPointer( 4372953739000,4373016945000, 2, 102.904716, 1848.037476,0.20784314,0.06666667,0,0.0,0.0,65539,0, 0)
captureUserWait ( 36 )
captureDispatchPointer( 4372953739000,4373053286000, 1, 102.904716, 1848.037476,0.20784314,0.06666667,0,0.0,0.0,65539,0, 0)
captureUserWait ( 17 )

compareScreenshot(2014-09-22_06-36-29.jpg, 0, 0, 1080, 1920, 0, 1.0, 10)
captureDispatchPointer( 4374796213000,4374796213000, 0, 505.531921, 1341.301392,0.20784314,0.06666667,0,0.0,0.0,65539,0, 0)
captureUserWait ( 15 )
captureDispatchPointer( 4374796213000,4374811606000, 2, 505.531921, 1341.301392,0.20784314,0.06666667,0,0.0,0.0,65539,0, 0)
captureUserWait ( 38 )
captureDispatchPointer( 4374796213000,4374849754000, 2, 505.531921, 1341.301392,0.20784314,0.06666667,0,0.0,0.0,65539,0, 0)
captureUserWait ( 27 )
captureDispatchPointer( 4374796213000,4374877026000, 2, 505.531921, 1341.301392,0.20784314,0.06666667,0,0.0,0.0,65539,0, 0)
captureUserWait ( 8 )
captureDispatchPointer( 4374796213000,4374885963000, 1, 505.531921, 1341.301392,0.20784314,0.06666667,0,0.0,0.0,65539,0, 0)
captureUserWait ( 22 )

compareScreenshot(2014-09-22_06-36-31.jpg, 0, 0, 1080, 1920, 0, 1.0, 10)
captureDispatchPointer( 4377161329000,4377161329000, 0, 296.725250, 1342.300903,0.20784314,0.06666667,0,0.0,0.0,65539,0, 0)
captureUserWait ( 73 )
captureDispatchPointer( 4377161329000,4377234986000, 2, 296.725250, 1342.300903,0.20784314,0.06666667,0,0.0,0.0,65539,0, 0)
captureUserWait ( 8 )
captureDispatchPointer( 4377161329000,4377243244000, 1, 296.725250, 1342.300903,0.20784314,0.06666667,0,0.0,0.0,65539,0, 0)
captureUserWait ( 25 )

compareScreenshot(2014-09-22_06-36-34.jpg, 0, 0, 1080, 1920, 0, 1.0, 10)
captureDispatchPointer( 4379578585000,4379578585000, 0, 812.247925, 1342.300903,0.20784314,0.06666667,0,0.0,0.0,65539,0, 0)
captureUserWait ( 15 )
captureDispatchPointer( 4379578585000,4379594139000, 2, 812.247925, 1342.300903,0.20784314,0.06666667,0,0.0,0.0,65539,0, 0)
captureUserWait ( 18 )
captureDispatchPointer( 4379578585000,4379612913000, 2, 812.247925, 1342.300903,0.20784314,0.06666667,0,0.0,0.0,65539,0, 0)
captureUserWait ( 56 )
captureDispatchPointer( 4379578585000,4379669783000, 2, 812.247925, 1342.300903,0.20784314,0.06666667,0,0.0,0.0,65539,0, 0)
captureUserWait ( 8 )
captureDispatchPointer( 4379578585000,4379678032000, 1, 812.247925, 1342.300903,0.20784314,0.06666667,0,0.0,0.0,65539,0, 0)
captureUserWait ( 54 )

compareScreenshot(2014-09-22_06-36-37.jpg, 0, 0, 1080, 1920, 0, 1.0, 10)
captureDispatchPointer( 4382632567000,4382632567000, 0, 872.192444, 1840.041626,0.20784314,0.06666667,0,0.0,0.0,65539,0, 0)
captureUserWait ( 5 )
captureDispatchPointer( 4382632567000,4382638172000, 2, 872.192444, 1840.041626,0.20784314,0.06666667,0,0.0,0.0,65539,0, 0)
captureUserWait ( 47 )
captureDispatchPointer( 4382632567000,4382685320000, 2, 872.192444, 1840.041626,0.20784314,0.06666667,0,0.0,0.0,65539,0, 0)
captureUserWait ( 45 )
captureDispatchPointer( 4382632567000,4382730959000, 1, 872.192444, 1840.041626,0.20784314,0.06666667,0,0.0,0.0,65539,0, 0)
captureUserWait ( 24 )

compareScreenshot(2014-09-22_06-36-39.jpg, 0, 0, 1080, 1920, 0, 1.0, 10)
captureDispatchPointer( 4385125466000,4385125466000, 0, 79.925995, 1845.038940,0.20784314,0.06666667,0,0.0,0.0,65539,0, 0)
captureUserWait ( 62 )
captureDispatchPointer( 4385125466000,4385188458000, 2, 79.925995, 1845.038940,0.20784314,0.06666667,0,0.0,0.0,65539,0, 0)
captureUserWait ( 17 )
captureDispatchPointer( 4385125466000,4385205528000, 1, 79.925995, 1845.038940,0.20784314,0.06666667,0,0.0,0.0,65539,0, 0)
captureUserWait ( 28 )

compareScreenshot(2014-09-22_06-36-42.jpg, 0, 0, 1080, 1920, 0, 1.0, 10)
captureDispatchPointer( 4387314521000,4387314521000, 0, 1072.007446, 1334.305054,0.20784314,0.06666667,0,0.0,0.0,65539,0, 0)
captureUserWait ( 13 )
captureDispatchPointer( 4387314521000,4387327685000, 2, 1070.009277, 1334.305054,0.20784314,0.06666667,0,0.0,0.0,65539,0, 0)
captureUserWait ( 9 )
captureDispatchPointer( 4387314521000,4387337119000, 2, 1068.011108, 1334.305054,0.20784314,0.06666667,0,0.0,0.0,65539,0, 0)
captureUserWait ( 9 )
captureDispatchPointer( 4387314521000,4387346449000, 2, 1066.012939, 1334.305054,0.20784314,0.06666667,0,0.0,0.0,65539,0, 0)
captureUserWait ( 9 )
captureDispatchPointer( 4387314521000,4387355932000, 2, 1065.013916, 1334.305054,0.20784314,0.06666667,0,0.0,0.0,65539,0, 0)
captureUserWait ( 9 )
captureDispatchPointer( 4387314521000,4387365242000, 2, 1064.014771, 1333.305542,0.20784314,0.06666667,0,0.0,0.0,65539,0, 0)
captureUserWait ( 9 )
captureDispatchPointer( 4387314521000,4387375060000, 2, 1063.015747, 1333.305542,0.20784314,0.06666667,0,0.0,0.0,65539,0, 0)
captureUserWait ( 35 )
captureDispatchPointer( 4387314521000,4387410999000, 1, 1063.015747, 1333.305542,0.20784314,0.06666667,0,0.0,0.0,65539,0, 0)
captureUserWait ( 15 )

compareScreenshot(2014-09-22_06-36-44.jpg, 0, 0, 1080, 1920, 0, 1.0, 10)
captureDispatchPointer( 4389316266000,4389316266000, 0, 117.890839, 1511.212891,0.20784314,0.06666667,0,0.0,0.0,65539,0, 0)
captureUserWait ( 81 )
captureDispatchPointer( 4389316266000,4389398222000, 1, 117.890839, 1511.212891,0.20784314,0.06666667,0,0.0,0.0,65539,0, 0)
captureUserWait ( 25 )

compareScreenshot(2014-09-22_06-36-46.jpg, 0, 0, 1080, 1920, 0, 1.0, 10)
captureDispatchPointer( 4391683253000,4391683253000, 0, 761.295105, 1662.134277,0.20784314,0.06666667,0,0.0,0.0,65539,0, 0)
captureUserWait ( 11 )
captureDispatchPointer( 4391683253000,4391785054000, 1, 761.295105, 1662.134277,0.20784314,0.06666667,0,0.0,0.0,65539,0, 0)
captureUserWait ( 27 )

compareScreenshot(2014-09-22_06-36-49.jpg, 0, 0, 1080, 1920, 0, 1.0, 10)
captureDispatchPointer( 4394490722000,4394490722000, 0, 445.587433, 1660.135254,0.20784314,0.06666667,0,0.0,0.0,65539,0, 0)
captureUserWait ( 82 )
captureDispatchPointer( 4394490722000,4394572853000, 2, 445.587433, 1660.135254,0.20784314,0.06666667,0,0.0,0.0,65539,0, 0)
captureUserWait ( 8 )
captureDispatchPointer( 4394490722000,4394580963000, 1, 445.587433, 1660.135254,0.20784314,0.06666667,0,0.0,0.0,65539,0, 0)
captureUserWait ( 13 )

compareScreenshot(2014-09-22_06-36-51.jpg, 0, 0, 1080, 1920, 0, 1.0, 10)
captureDispatchPointer( 4396984420000,4396984420000, 0, 115.892693, 1518.209229,0.20784314,0.06666667,0,0.0,0.0,65539,0, 0)
captureUserWait ( 8 )
captureDispatchPointer( 4396984420000,4396992471000, 2, 115.892693, 1518.209229,0.20784314,0.06666667,0,0.0,0.0,65539,0, 0)
captureUserWait ( 27 )
captureDispatchPointer( 4396984420000,4397019996000, 2, 115.892693, 1518.209229,0.20784314,0.06666667,0,0.0,0.0,65539,0, 0)
captureUserWait ( 19 )
captureDispatchPointer( 4396984420000,4397039300000, 2, 115.892693, 1518.209229,0.20784314,0.06666667,0,0.0,0.0,65539,0, 0)
captureUserWait ( 8 )
captureDispatchPointer( 4396984420000,4397048207000, 2, 115.892693, 1518.209229,0.20784314,0.06666667,0,0.0,0.0,65539,0, 0)
captureUserWait ( 18 )
captureDispatchPointer( 4396984420000,4397067152000, 2, 115.892693, 1519.208740,0.20784314,0.06666667,0,0.0,0.0,65539,0, 0)
captureUserWait ( 18 )
captureDispatchPointer( 4396984420000,4397086125000, 2, 114.893616, 1519.208740,0.20784314,0.06666667,0,0.0,0.0,65539,0, 0)
captureUserWait ( 8 )
captureDispatchPointer( 4396984420000,4397095027000, 2, 114.893616, 1519.208740,0.20784314,0.06666667,0,0.0,0.0,65539,0, 0)
captureUserWait ( 8 )
captureDispatchPointer( 4396984420000,4397103120000, 1, 114.893616, 1519.208740,0.20784314,0.06666667,0,0.0,0.0,65539,0, 0)
captureUserWait ( 57 )

compareScreenshot(2014-09-22_06-36-53.jpg, 0, 0, 1080, 1920, 0, 1.0, 10)
captureDispatchPointer( 4399160714000,4399160714000, 0, 859.204468, 1499.219116,0.20784314,0.06666667,0,0.0,0.0,65539,0, 0)
captureUserWait ( 109 )
captureDispatchPointer( 4399160714000,4399270307000, 2, 859.204468, 1499.219116,0.20784314,0.06666667,0,0.0,0.0,65539,0, 0)
captureUserWait ( 8 )
captureDispatchPointer( 4399160714000,4399278311000, 1, 859.204468, 1499.219116,0.20784314,0.06666667,0,0.0,0.0,65539,0, 0)
captureUserWait ( 21 )

compareScreenshot(2014-09-22_06-36-56.jpg, 0, 0, 1080, 1920, 0, 1.0, 10)
captureDispatchPointer( 4401609353000,4401609353000, 0, 285.735443, 1343.300293,0.20784314,0.06666667,0,0.0,0.0,65539,0, 0)
captureUserWait ( 64 )
captureDispatchPointer( 4401609353000,4401673640000, 2, 285.735443, 1343.300293,0.20784314,0.06666667,0,0.0,0.0,65539,0, 0)
captureUserWait ( 9 )
captureDispatchPointer( 4401609353000,4401682754000, 2, 285.735443, 1343.300293,0.20784314,0.06666667,0,0.0,0.0,65539,0, 0)
captureUserWait ( 8 )
captureDispatchPointer( 4401609353000,4401690972000, 1, 285.735443, 1343.300293,0.20784314,0.06666667,0,0.0,0.0,65539,0, 0)
captureUserWait ( 24 )

compareScreenshot(2014-09-22_06-36-58.jpg, 0, 0, 1080, 1920, 0, 1.0, 10)
captureDispatchPointer( 4403985823000,4403985823000, 0, 112.895470, 1515.210815,0.20784314,0.06666667,0,0.0,0.0,65539,0, 0)
captureUserWait ( 7 )
captureDispatchPointer( 4403985823000,4403992972000, 2, 112.895470, 1515.210815,0.20784314,0.06666667,0,0.0,0.0,65539,0, 0)
captureUserWait ( 9 )
captureDispatchPointer( 4403985823000,4404002565000, 2, 112.895470, 1515.210815,0.20784314,0.06666667,0,0.0,0.0,65539,0, 0)
captureUserWait ( 56 )
captureDispatchPointer( 4403985823000,4404058732000, 2, 112.895470, 1515.210815,0.20784314,0.06666667,0,0.0,0.0,65539,0, 0)
captureUserWait ( 18 )
captureDispatchPointer( 4403985823000,4404077438000, 2, 112.895470, 1515.210815,0.20784314,0.06666667,0,0.0,0.0,65539,0, 0)
captureUserWait ( 8 )
captureDispatchPointer( 4403985823000,4404085696000, 1, 112.895470, 1515.210815,0.20784314,0.06666667,0,0.0,0.0,65539,0, 0)
captureUserWait ( 58 )

compareScreenshot(2014-09-22_06-37-01.jpg, 0, 0, 1080, 1920, 0, 1.0, 10)
captureDispatchPointer( 4406744680000,4406744680000, 0, 1036.040649, 1337.303467,0.20784314,0.06666667,0,0.0,0.0,65539,0, 0)
captureUserWait ( 7 )
captureDispatchPointer( 4406744680000,4406752267000, 2, 1037.039795, 1338.302979,0.20784314,0.06666667,0,0.0,0.0,65539,0, 0)
captureUserWait ( 37 )
captureDispatchPointer( 4406744680000,4406789728000, 2, 1036.040649, 1338.302979,0.20784314,0.06666667,0,0.0,0.0,65539,0, 0)
captureUserWait ( 66 )
captureDispatchPointer( 4406744680000,4406856121000, 2, 1036.040649, 1339.302368,0.20784314,0.06666667,0,0.0,0.0,65539,0, 0)
captureUserWait ( 26 )
captureDispatchPointer( 4406744680000,4406882989000, 1, 1036.040649, 1339.302368,0.20784314,0.06666667,0,0.0,0.0,65539,0, 0)
captureUserWait ( 24 )

compareScreenshot(2014-09-22_06-37-03.jpg, 0, 0, 1080, 1920, 0, 1.0, 10)
captureDispatchPointer( 4409107827000,4409107827000, 0, 1037.039795, 1328.308105,0.20784314,0.06666667,0,0.0,0.0,65539,0, 0)
captureUserWait ( 6 )
captureDispatchPointer( 4409107827000,4409114710000, 2, 1036.040649, 1328.308105,0.20784314,0.06666667,0,0.0,0.0,65539,0, 0)
captureUserWait ( 8 )
captureDispatchPointer( 4409107827000,4409123602000, 2, 1035.041626, 1328.308105,0.20784314,0.06666667,0,0.0,0.0,65539,0, 0)
captureUserWait ( 9 )
captureDispatchPointer( 4409107827000,4409132933000, 2, 1034.042603, 1328.308105,0.20784314,0.06666667,0,0.0,0.0,65539,0, 0)
captureUserWait ( 9 )
captureDispatchPointer( 4409107827000,4409142308000, 2, 1034.042603, 1328.308105,0.20784314,0.06666667,0,0.0,0.0,65539,0, 0)
captureUserWait ( 75 )
captureDispatchPointer( 4409107827000,4409217309000, 2, 1034.042603, 1328.308105,0.20784314,0.06666667,0,0.0,0.0,65539,0, 0)
captureUserWait ( 8 )
captureDispatchPointer( 4409107827000,4409225739000, 1, 1034.042603, 1328.308105,0.20784314,0.06666667,0,0.0,0.0,65539,0, 0)
captureUserWait ( 19 )

compareScreenshot(2014-09-22_06-37-05.jpg, 0, 0, 1080, 1920, 0, 1.0, 10)
captureDispatchPointer( 4411035197000,4411035197000, 0, 212.802963, 1502.217529,0.20784314,0.06666667,0,0.0,0.0,65539,0, 0)
captureUserWait ( 7 )
captureDispatchPointer( 4411035197000,4411042443000, 2, 212.802963, 1502.217529,0.20784314,0.06666667,0,0.0,0.0,65539,0, 0)
captureUserWait ( 9 )
captureDispatchPointer( 4411035197000,4411051793000, 2, 212.802963, 1502.217529,0.20784314,0.06666667,0,0.0,0.0,65539,0, 0)
captureUserWait ( 56 )
captureDispatchPointer( 4411035197000,4411108268000, 2, 212.802963, 1502.217529,0.20784314,0.06666667,0,0.0,0.0,65539,0, 0)
captureUserWait ( 7 )
captureDispatchPointer( 4411035197000,4411116221000, 1, 212.802963, 1502.217529,0.20784314,0.06666667,0,0.0,0.0,65539,0, 0)
captureUserWait ( 20 )

compareScreenshot(2014-09-22_06-37-08.jpg, 0, 0, 1080, 1920, 0, 1.0, 10)
captureDispatchPointer( 4413726387000,4413726387000, 0, 859.204468, 1831.046265,0.20784314,0.06666667,0,0.0,0.0,65539,0, 0)
captureUserWait ( 8 )
captureDispatchPointer( 4413726387000,4413734466000, 2, 859.204468, 1832.045776,0.20784314,0.06666667,0,0.0,0.0,65539,0, 0)
captureUserWait ( 9 )
captureDispatchPointer( 4413726387000,4413744021000, 2, 859.204468, 1833.045288,0.20784314,0.06666667,0,0.0,0.0,65539,0, 0)
captureUserWait ( 9 )
captureDispatchPointer( 4413726387000,4413753221000, 2, 859.204468, 1834.044678,0.20784314,0.06666667,0,0.0,0.0,65539,0, 0)
captureUserWait ( 9 )
captureDispatchPointer( 4413726387000,4413762573000, 2, 859.204468, 1835.044189,0.20784314,0.06666667,0,0.0,0.0,65539,0, 0)
captureUserWait ( 9 )
captureDispatchPointer( 4413726387000,4413772041000, 2, 859.204468, 1836.043701,0.20784314,0.06666667,0,0.0,0.0,65539,0, 0)
captureUserWait ( 9 )
captureDispatchPointer( 4413726387000,4413781312000, 2, 859.204468, 1837.043213,0.20784314,0.06666667,0,0.0,0.0,65539,0, 0)
captureUserWait ( 9 )
captureDispatchPointer( 4413726387000,4413790718000, 2, 859.204468, 1838.042603,0.20784314,0.06666667,0,0.0,0.0,65539,0, 0)
captureUserWait ( 19 )
captureDispatchPointer( 4413726387000,4413810037000, 2, 859.204468, 1839.042114,0.20784314,0.06666667,0,0.0,0.0,65539,0, 0)
captureUserWait ( 18 )
captureDispatchPointer( 4413726387000,4413828951000, 2, 860.203491, 1839.042114,0.20784314,0.06666667,0,0.0,0.0,65539,0, 0)
captureUserWait ( 9 )
captureDispatchPointer( 4413726387000,4413838169000, 2, 861.202576, 1839.042114,0.20784314,0.06666667,0,0.0,0.0,65539,0, 0)
captureUserWait ( 8 )
captureDispatchPointer( 4413726387000,4413846420000, 1, 861.202576, 1839.042114,0.20784314,0.06666667,0,0.0,0.0,65539,0, 0)
captureUserWait ( 13 )

compareScreenshot(2014-09-22_06-37-10.jpg, 0, 0, 1080, 1920, 0, 1.0, 10)
captureDispatchPointer( 4415549806000,4415549806000, 0, 425.605927, 1649.140991,0.20784314,0.06666667,0,0.0,0.0,65539,0, 0)
captureUserWait ( 16 )
captureDispatchPointer( 4415549806000,4415565811000, 2, 425.605927, 1649.140991,0.20784314,0.06666667,0,0.0,0.0,65539,0, 0)
captureUserWait ( 19 )
captureDispatchPointer( 4415549806000,4415584982000, 2, 425.605927, 1649.140991,0.20784314,0.06666667,0,0.0,0.0,65539,0, 0)
captureUserWait ( 9 )
captureDispatchPointer( 4415549806000,4415594227000, 2, 425.605927, 1649.140991,0.20784314,0.06666667,0,0.0,0.0,65539,0, 0)
captureUserWait ( 56 )
captureDispatchPointer( 4415549806000,4415650645000, 2, 426.605011, 1649.140991,0.20784314,0.06666667,0,0.0,0.0,65539,0, 0)
captureUserWait ( 9 )
captureDispatchPointer( 4415549806000,4415660215000, 2, 427.604065, 1650.140503,0.20784314,0.06666667,0,0.0,0.0,65539,0, 0)
captureUserWait ( 17 )
captureDispatchPointer( 4415549806000,4415677559000, 1, 427.604065, 1650.140503,0.20784314,0.06666667,0,0.0,0.0,65539,0, 0)
captureUserWait ( 54 )

compareScreenshot(2014-09-22_06-37-12.jpg, 0, 0, 1080, 1920, 0, 1.0, 10)
captureDispatchPointer( 4417631686000,4417631686000, 0, 918.149841, 1344.299805,0.20784314,0.06666667,0,0.0,0.0,65539,0, 0)
captureUserWait ( 117 )
captureDispatchPointer( 4417631686000,4417749219000, 1, 918.149841, 1344.299805,0.20784314,0.06666667,0,0.0,0.0,65539,0, 0)
captureUserWait ( 83 )

compareScreenshot(2014-09-22_06-37-15.jpg, 0, 0, 1080, 1920, 0, 1.0, 10)
captureDispatchPointer( 4420232496000,4420232496000, 0, 868.196106, 1670.130127,0.20784314,0.06666667,0,0.0,0.0,65539,0, 0)
captureUserWait ( 43 )
captureDispatchPointer( 4420232496000,4420275953000, 2, 869.195190, 1670.130127,0.20784314,0.06666667,0,0.0,0.0,65539,0, 0)
captureUserWait ( 9 )
captureDispatchPointer( 4420232496000,4420285438000, 2, 870.194275, 1670.130127,0.20784314,0.06666667,0,0.0,0.0,65539,0, 0)
captureUserWait ( 18 )
captureDispatchPointer( 4420232496000,4420304279000, 2, 870.194275, 1670.130127,0.20784314,0.06666667,0,0.0,0.0,65539,0, 0)
captureUserWait ( 8 )
captureDispatchPointer( 4420232496000,4420312542000, 1, 870.194275, 1670.130127,0.20784314,0.06666667,0,0.0,0.0,65539,0, 0)
captureUserWait ( 38 )

compareScreenshot(2014-09-22_06-37-18.jpg, 0, 0, 1080, 1920, 0, 1.0, 10)
captureDispatchPointer( 4423481465000,4423481465000, 0, 219.796478, 1836.043701,0.20784314,0.06666667,0,0.0,0.0,65539,0, 0)
captureUserWait ( 27 )
captureDispatchPointer( 4423481465000,4423508702000, 2, 219.796478, 1837.043213,0.20784314,0.06666667,0,0.0,0.0,65539,0, 0)
captureUserWait ( 8 )
captureDispatchPointer( 4423481465000,4423516947000, 2, 219.796478, 1838.042603,0.20784314,0.06666667,0,0.0,0.0,65539,0, 0)
captureUserWait ( 9 )
captureDispatchPointer( 4423481465000,4423526299000, 2, 219.796478, 1839.042114,0.20784314,0.06666667,0,0.0,0.0,65539,0, 0)
captureUserWait ( 75 )
captureDispatchPointer( 4423481465000,4423601874000, 2, 219.796478, 1839.042114,0.20784314,0.06666667,0,0.0,0.0,65539,0, 0)
captureUserWait ( 8 )
captureDispatchPointer( 4423481465000,4423609908000, 1, 219.796478, 1839.042114,0.20784314,0.06666667,0,0.0,0.0,65539,0, 0)
captureUserWait ( 41 )

compareScreenshot(2014-09-22_06-37-22.jpg, 0, 0, 1080, 1920, 0, 1.0, 10)
captureDispatchPointer( 4427710592000,4427710592000, 0, 220.795563, 1514.211304,0.20784314,0.06666667,0,0.0,0.0,65539,0, 0)
captureUserWait ( 26 )
captureDispatchPointer( 4427710592000,4427736856000, 2, 220.795563, 1514.211304,0.20784314,0.06666667,0,0.0,0.0,65539,0, 0)
captureUserWait ( 8 )
captureDispatchPointer( 4427710592000,4427745569000, 2, 220.795563, 1515.210815,0.20784314,0.06666667,0,0.0,0.0,65539,0, 0)
captureUserWait ( 47 )
captureDispatchPointer( 4427710592000,4427792621000, 2, 220.795563, 1515.210815,0.20784314,0.06666667,0,0.0,0.0,65539,0, 0)
captureUserWait ( 8 )
captureDispatchPointer( 4427710592000,4427801075000, 1, 220.795563, 1515.210815,0.20784314,0.06666667,0,0.0,0.0,65539,0, 0)
captureUserWait ( 23 )

compareScreenshot(2014-09-22_06-37-24.jpg, 0, 0, 1080, 1920, 0, 1.0, 10)
captureDispatchPointer( 4430144209000,4430144209000, 0, 1038.038818, 1343.300293,0.20784314,0.06666667,0,0.0,0.0,65539,0, 0)
captureUserWait ( 10 )
captureDispatchPointer( 4430144209000,4430244888000, 1, 1038.038818, 1343.300293,0.20784314,0.06666667,0,0.0,0.0,65539,0, 0)
captureUserWait ( 22 )

compareScreenshot(2014-09-22_06-37-27.jpg, 0, 0, 1080, 1920, 0, 1.0, 10)
captureDispatchPointer( 4432536825000,4432536825000, 0, 916.151733, 1338.302979,0.20784314,0.06666667,0,0.0,0.0,65539,0, 0)
captureUserWait ( 8 )
captureDispatchPointer( 4432536825000,4432544854000, 2, 916.151733, 1338.302979,0.20784314,0.06666667,0,0.0,0.0,65539,0, 0)
captureUserWait ( 19 )
captureDispatchPointer( 4432536825000,4432564243000, 2, 916.151733, 1338.302979,0.20784314,0.06666667,0,0.0,0.0,65539,0, 0)
captureUserWait ( 8 )
captureDispatchPointer( 4432536825000,4432572950000, 2, 916.151733, 1338.302979,0.20784314,0.06666667,0,0.0,0.0,65539,0, 0)
captureUserWait ( 75 )
captureDispatchPointer( 4432536825000,4432648587000, 2, 916.151733, 1338.302979,0.20784314,0.06666667,0,0.0,0.0,65539,0, 0)
captureUserWait ( 18 )
captureDispatchPointer( 4432536825000,4432667089000, 2, 916.151733, 1338.302979,0.20784314,0.06666667,0,0.0,0.0,65539,0, 0)
captureUserWait ( 17 )
captureDispatchPointer( 4432536825000,4432684926000, 1, 916.151733, 1338.302979,0.20784314,0.06666667,0,0.0,0.0,65539,0, 0)
captureUserWait ( 24 )

compareScreenshot(2014-09-22_06-37-29.jpg, 0, 0, 1080, 1920, 0, 1.0, 10)
captureDispatchPointer( 4435121635000,4435121635000, 0, 394.634613, 1341.301392,0.20784314,0.06666667,0,0.0,0.0,65539,0, 0)
captureUserWait ( 13 )
captureDispatchPointer( 4435121635000,4435257999000, 1, 394.634613, 1341.301392,0.20784314,0.06666667,0,0.0,0.0,65539,0, 0)
captureUserWait ( 18 )

compareScreenshot(2014-09-22_06-37-31.jpg, 0, 0, 1080, 1920, 0, 1.0, 10)
captureDispatchPointer( 4436936000000,4436936000000, 0, 498.538391, 1333.305542,0.20784314,0.06666667,0,0.0,0.0,65539,0, 0)
captureUserWait ( 8 )
captureDispatchPointer( 4436936000000,4436944992000, 2, 498.538391, 1333.305542,0.20784314,0.06666667,0,0.0,0.0,65539,0, 0)
captureUserWait ( 8 )
captureDispatchPointer( 4436936000000,4436953755000, 2, 498.538391, 1333.305542,0.20784314,0.06666667,0,0.0,0.0,65539,0, 0)
captureUserWait ( 66 )
captureDispatchPointer( 4436936000000,4437020050000, 2, 498.538391, 1333.305542,0.20784314,0.06666667,0,0.0,0.0,65539,0, 0)
captureUserWait ( 17 )
captureDispatchPointer( 4436936000000,4437037247000, 1, 498.538391, 1333.305542,0.20784314,0.06666667,0,0.0,0.0,65539,0, 0)
captureUserWait ( 25 )

compareScreenshot(2014-09-22_06-37-34.jpg, 0, 0, 1080, 1920, 0, 1.0, 10)
captureDispatchPointer( 4439541630000,4439541630000, 0, 227.789093, 1504.216553,0.20784314,0.06666667,0,0.0,0.0,65539,0, 0)
captureUserWait ( 16 )
captureDispatchPointer( 4439541630000,4439558176000, 2, 227.789093, 1504.216553,0.20784314,0.06666667,0,0.0,0.0,65539,0, 0)
captureUserWait ( 36 )
captureDispatchPointer( 4439541630000,4439595126000, 2, 227.789093, 1505.215942,0.20784314,0.06666667,0,0.0,0.0,65539,0, 0)
captureUserWait ( 9 )
captureDispatchPointer( 4439541630000,4439604429000, 2, 227.789093, 1506.215454,0.20784314,0.06666667,0,0.0,0.0,65539,0, 0)
captureUserWait ( 26 )
captureDispatchPointer( 4439541630000,4439631326000, 1, 227.789093, 1506.215454,0.20784314,0.06666667,0,0.0,0.0,65539,0, 0)
captureUserWait ( 75 )

compareScreenshot(2014-09-22_06-37-35.jpg, 0, 0, 1080, 1920, 0, 1.0, 10)
captureDispatchPointer( 4440906985000,4440906985000, 0, 586.456970, 1822.051025,0.20784314,0.06666667,0,0.0,0.0,65539,0, 0)
captureUserWait ( 26 )
captureDispatchPointer( 4440906985000,4440933859000, 2, 586.456970, 1822.051025,0.20784314,0.06666667,0,0.0,0.0,65539,0, 0)
captureUserWait ( 9 )
captureDispatchPointer( 4440906985000,4440943260000, 2, 586.456970, 1822.051025,0.20784314,0.06666667,0,0.0,0.0,65539,0, 0)
captureUserWait ( 66 )
captureDispatchPointer( 4440906985000,4441009507000, 2, 586.456970, 1822.051025,0.20784314,0.06666667,0,0.0,0.0,65539,0, 0)
captureUserWait ( 7 )
captureDispatchPointer( 4440906985000,4441016963000, 1, 586.456970, 1822.051025,0.20784314,0.06666667,0,0.0,0.0,65539,0, 0)
captureUserWait ( 58 )

compareScreenshot(2014-09-22_06-37-36.jpg, 0, 0, 1080, 1920, 0, 1.0, 10)
captureDispatchPointer( 4442075653000,4442075653000, 0, 657.391296, 1674.128052,0.20784314,0.06666667,0,0.0,0.0,65539,0, 0)
captureUserWait ( 17 )
captureDispatchPointer( 4442075653000,4442093530000, 2, 657.391296, 1674.128052,0.20784314,0.06666667,0,0.0,0.0,65539,0, 0)
captureUserWait ( 28 )
captureDispatchPointer( 4442075653000,4442121761000, 2, 657.391296, 1674.128052,0.20784314,0.06666667,0,0.0,0.0,65539,0, 0)
captureUserWait ( 19 )
captureDispatchPointer( 4442075653000,4442140896000, 2, 657.391296, 1674.128052,0.20784314,0.06666667,0,0.0,0.0,65539,0, 0)
captureUserWait ( 28 )
captureDispatchPointer( 4442075653000,4442168984000, 2, 657.391296, 1674.128052,0.20784314,0.06666667,0,0.0,0.0,65539,0, 0)
captureUserWait ( 7 )
captureDispatchPointer( 4442075653000,4442176938000, 1, 657.391296, 1674.128052,0.20784314,0.06666667,0,0.0,0.0,65539,0, 0)
captureUserWait ( 16 )

compareScreenshot(2014-09-22_06-37-38.jpg, 0, 0, 1080, 1920, 0, 1.0, 10)
captureDispatchPointer( 4443833224000,4443833224000, 0, 124.884369, 1516.210327,0.20784314,0.06666667,0,0.0,0.0,65539,0, 0)
captureUserWait ( 19 )
captureDispatchPointer( 4443833224000,4443852224000, 2, 124.884369, 1516.210327,0.20784314,0.06666667,0,0.0,0.0,65539,0, 0)
captureUserWait ( 8 )
captureDispatchPointer( 4443833224000,4443860749000, 2, 124.884369, 1516.210327,0.20784314,0.06666667,0,0.0,0.0,65539,0, 0)
captureUserWait ( 28 )
captureDispatchPointer( 4443833224000,4443889387000, 2, 124.884369, 1516.210327,0.20784314,0.06666667,0,0.0,0.0,65539,0, 0)
captureUserWait ( 45 )
captureDispatchPointer( 4443833224000,4443935293000, 1, 124.884369, 1516.210327,0.20784314,0.06666667,0,0.0,0.0,65539,0, 0)
captureUserWait ( 33 )

compareScreenshot(2014-09-22_06-37-40.jpg, 0, 0, 1080, 1920, 0, 1.0, 10)
captureDispatchPointer( 4445769238000,4445769238000, 0, 390.638306, 1334.305054,0.20784314,0.06666667,0,0.0,0.0,65539,0, 0)
captureUserWait ( 63 )
captureDispatchPointer( 4445769238000,4445832669000, 2, 390.638306, 1334.305054,0.20784314,0.06666667,0,0.0,0.0,65539,0, 0)
captureUserWait ( 9 )
captureDispatchPointer( 4445769238000,4445842418000, 2, 390.638306, 1334.305054,0.20784314,0.06666667,0,0.0,0.0,65539,0, 0)
captureUserWait ( 7 )
captureDispatchPointer( 4445769238000,4445849997000, 1, 390.638306, 1334.305054,0.20784314,0.06666667,0,0.0,0.0,65539,0, 0)
captureUserWait ( 17 )

compareScreenshot(2014-09-22_06-37-42.jpg, 0, 0, 1080, 1920, 0, 1.0, 10)
captureDispatchPointer( 4447516997000,4447516997000, 0, 857.206299, 1821.051514,0.20784314,0.06666667,0,0.0,0.0,65539,0, 0)
captureUserWait ( 19 )
captureDispatchPointer( 4447516997000,4447536165000, 2, 857.206299, 1822.051025,0.20784314,0.06666667,0,0.0,0.0,65539,0, 0)
captureUserWait ( 7 )
captureDispatchPointer( 4447516997000,4447544007000, 2, 857.206299, 1823.050415,0.20784314,0.06666667,0,0.0,0.0,65539,0, 0)
captureUserWait ( 9 )
captureDispatchPointer( 4447516997000,4447553193000, 2, 857.206299, 1824.049927,0.20784314,0.06666667,0,0.0,0.0,65539,0, 0)
captureUserWait ( 9 )
captureDispatchPointer( 4447516997000,4447562644000, 2, 858.205383, 1825.049438,0.20784314,0.06666667,0,0.0,0.0,65539,0, 0)
captureUserWait ( 10 )
captureDispatchPointer( 4447516997000,4447572647000, 2, 859.204468, 1826.048828,0.20784314,0.06666667,0,0.0,0.0,65539,0, 0)
captureUserWait ( 9 )
captureDispatchPointer( 4447516997000,4447582033000, 2, 859.204468, 1827.048340,0.20784314,0.06666667,0,0.0,0.0,65539,0, 0)
captureUserWait ( 9 )
captureDispatchPointer( 4447516997000,4447591273000, 2, 859.204468, 1828.047852,0.20784314,0.06666667,0,0.0,0.0,65539,0, 0)
captureUserWait ( 9 )
captureDispatchPointer( 4447516997000,4447600735000, 2, 859.204468, 1829.047363,0.20784314,0.06666667,0,0.0,0.0,65539,0, 0)
captureUserWait ( 9 )
captureDispatchPointer( 4447516997000,4447609887000, 2, 859.204468, 1830.046753,0.20784314,0.06666667,0,0.0,0.0,65539,0, 0)
captureUserWait ( 9 )
captureDispatchPointer( 4447516997000,4447619433000, 2, 859.204468, 1831.046265,0.20784314,0.06666667,0,0.0,0.0,65539,0, 0)
captureUserWait ( 9 )
captureDispatchPointer( 4447516997000,4447628597000, 2, 859.204468, 1832.045776,0.20784314,0.06666667,0,0.0,0.0,65539,0, 0)
captureUserWait ( 9 )
captureDispatchPointer( 4447516997000,4447638385000, 2, 860.203491, 1833.045288,0.20784314,0.06666667,0,0.0,0.0,65539,0, 0)
captureUserWait ( 9 )
captureDispatchPointer( 4447516997000,4447647410000, 2, 861.202576, 1834.044678,0.20784314,0.06666667,0,0.0,0.0,65539,0, 0)
captureUserWait ( 26 )
captureDispatchPointer( 4447516997000,4447674119000, 1, 861.202576, 1834.044678,0.20784314,0.06666667,0,0.0,0.0,65539,0, 0)
captureUserWait ( 62 )

compareScreenshot(2014-09-22_06-37-44.jpg, 0, 0, 1080, 1920, 0, 1.0, 10)
captureDispatchPointer( 4449536444000,4449536444000, 0, 648.399658, 1505.215942,0.20784314,0.06666667,0,0.0,0.0,65539,0, 0)
captureUserWait ( 5 )
captureDispatchPointer( 4449536444000,4449542233000, 2, 648.399658, 1505.215942,0.20784314,0.06666667,0,0.0,0.0,65539,0, 0)
captureUserWait ( 9 )
captureDispatchPointer( 4449536444000,4449551805000, 2, 648.399658, 1505.215942,0.20784314,0.06666667,0,0.0,0.0,65539,0, 0)
captureUserWait ( 75 )
captureDispatchPointer( 4449536444000,4449626809000, 2, 648.399658, 1505.215942,0.20784314,0.06666667,0,0.0,0.0,65539,0, 0)
captureUserWait ( 8 )
captureDispatchPointer( 4449536444000,4449634984000, 1, 648.399658, 1505.215942,0.20784314,0.06666667,0,0.0,0.0,65539,0, 0)
captureUserWait ( 16 )

compareScreenshot(2014-09-22_06-37-46.jpg, 0, 0, 1080, 1920, 0, 1.0, 10)
captureDispatchPointer( 4451277304000,4451277304000, 0, 493.543030, 1334.305054,0.20784314,0.06666667,0,0.0,0.0,65539,0, 0)
captureUserWait ( 6 )
captureDispatchPointer( 4451277304000,4451284122000, 2, 492.543945, 1334.305054,0.20784314,0.06666667,0,0.0,0.0,65539,0, 0)
captureUserWait ( 18 )
captureDispatchPointer( 4451277304000,4451302902000, 2, 492.543945, 1334.305054,0.20784314,0.06666667,0,0.0,0.0,65539,0, 0)
captureUserWait ( 46 )
captureDispatchPointer( 4451277304000,4451349886000, 2, 492.543945, 1334.305054,0.20784314,0.06666667,0,0.0,0.0,65539,0, 0)
captureUserWait ( 8 )
captureDispatchPointer( 4451277304000,4451358191000, 1, 492.543945, 1334.305054,0.20784314,0.06666667,0,0.0,0.0,65539,0, 0)
captureUserWait ( 19 )

compareScreenshot(2014-09-22_06-37-47.jpg, 0, 0, 1080, 1920, 0, 1.0, 10)
captureDispatchPointer( 4453147783000,4453147783000, 0, 862.201660, 1660.135254,0.20784314,0.06666667,0,0.0,0.0,65539,0, 0)
captureUserWait ( 35 )
captureDispatchPointer( 4453147783000,4453182799000, 2, 862.201660, 1661.134766,0.20784314,0.06666667,0,0.0,0.0,65539,0, 0)
captureUserWait ( 65 )
captureDispatchPointer( 4453147783000,4453248271000, 2, 862.201660, 1661.134766,0.20784314,0.06666667,0,0.0,0.0,65539,0, 0)
captureUserWait ( 8 )
captureDispatchPointer( 4453147783000,4453256519000, 1, 862.201660, 1661.134766,0.20784314,0.06666667,0,0.0,0.0,65539,0, 0)
captureUserWait ( 19 )

compareScreenshot(2014-09-22_06-37-49.jpg, 0, 0, 1080, 1920, 0, 1.0, 10)
captureDispatchPointer( 4454845966000,4454845966000, 0, 1005.069397, 1831.046265,0.20784314,0.06666667,0,0.0,0.0,65539,0, 0)
captureUserWait ( 45 )
captureDispatchPointer( 4454845966000,4454891187000, 2, 1005.069397, 1832.045776,0.20784314,0.06666667,0,0.0,0.0,65539,0, 0)
captureUserWait ( 9 )
captureDispatchPointer( 4454845966000,4454900809000, 2, 1005.069397, 1832.045776,0.20784314,0.06666667,0,0.0,0.0,65539,0, 0)
captureUserWait ( 9 )
captureDispatchPointer( 4454845966000,4454910200000, 2, 1005.069397, 1833.045288,0.20784314,0.06666667,0,0.0,0.0,65539,0, 0)
captureUserWait ( 9 )
captureDispatchPointer( 4454845966000,4454919513000, 2, 1005.069397, 1833.045288,0.20784314,0.06666667,0,0.0,0.0,65539,0, 0)
captureUserWait ( 9 )
captureDispatchPointer( 4454845966000,4454928906000, 2, 1005.069397, 1834.044678,0.20784314,0.06666667,0,0.0,0.0,65539,0, 0)
captureUserWait ( 9 )
captureDispatchPointer( 4454845966000,4454938272000, 2, 1005.069397, 1834.044678,0.20784314,0.06666667,0,0.0,0.0,65539,0, 0)
captureUserWait ( 17 )
captureDispatchPointer( 4454845966000,4454955758000, 1, 1005.069397, 1834.044678,0.20784314,0.06666667,0,0.0,0.0,65539,0, 0)
captureUserWait ( 10565 )

# enter result
compareScreenshot(2014-09-22_06-39-27.jpg, 0, 0, 1080, 1920, 0, 1.0, 10)
captureDispatchPointer( 4552222922000,4552222922000, 0, 236.780762, 965.497131,0.20784314,0.06666667,0,0.0,0.0,65539,0, 0)
captureUserWait ( 6 )
captureDispatchPointer( 4552222922000,4552229293000, 2, 236.780762, 965.497131,0.20784314,0.06666667,0,0.0,0.0,65539,0, 0)
captureUserWait ( 19 )
captureDispatchPointer( 4552222922000,4552248389000, 2, 236.780762, 965.497131,0.20784314,0.06666667,0,0.0,0.0,65539,0, 0)
captureUserWait ( 74 )
captureDispatchPointer( 4552222922000,4552322895000, 2, 235.781677, 966.496582,0.20784314,0.06666667,0,0.0,0.0,65539,0, 0)
captureUserWait ( 18 )
captureDispatchPointer( 4552222922000,4552341385000, 2, 234.782608, 966.496582,0.20784314,0.06666667,0,0.0,0.0,65539,0, 0)
captureUserWait ( 9 )
captureDispatchPointer( 4552222922000,4552350712000, 2, 233.783539, 966.496582,0.20784314,0.06666667,0,0.0,0.0,65539,0, 0)
captureUserWait ( 8 )
captureDispatchPointer( 4552222922000,4552358938000, 1, 233.783539, 966.496582,0.20784314,0.06666667,0,0.0,0.0,65539,0, 0)
captureUserWait ( 10796 )

# scroll
compareScreenshot(2014-09-22_06-39-42.jpg, 0, 0, 1080, 1920, 0, 1.0, 10)
captureDispatchPointer( 4568155433000,4568155433000, 0, 926.142456, 1376.283203,0.20784314,0.06666667,0,0.0,0.0,65539,0, 0)
captureUserWait ( 5 )
captureDispatchPointer( 4568155433000,4568160516000, 2, 926.142456, 1376.283203,0.20784314,0.06666667,0,0.0,0.0,65539,0, 0)
captureUserWait ( 9 )
captureDispatchPointer( 4568155433000,4568169533000, 2, 927.141541, 1376.283203,0.20784314,0.06666667,0,0.0,0.0,65539,0, 0)
captureUserWait ( 9 )
captureDispatchPointer( 4568155433000,4568178999000, 2, 928.140625, 1375.283691,0.20784314,0.06666667,0,0.0,0.0,65539,0, 0)
captureUserWait ( 9 )
captureDispatchPointer( 4568155433000,4568188472000, 2, 929.139709, 1374.284180,0.20784314,0.06666667,0,0.0,0.0,65539,0, 0)
captureUserWait ( 9 )
captureDispatchPointer( 4568155433000,4568198355000, 2, 930.138794, 1372.285278,0.20784314,0.06666667,0,0.0,0.0,65539,0, 0)
captureUserWait ( 9 )
captureDispatchPointer( 4568155433000,4568207725000, 2, 931.137817, 1370.286255,0.20784314,0.06666667,0,0.0,0.0,65539,0, 0)
captureUserWait ( 8 )
captureDispatchPointer( 4568155433000,4568216719000, 2, 932.136902, 1367.287842,0.20784314,0.06666667,0,0.0,0.0,65539,0, 0)
captureUserWait ( 9 )
captureDispatchPointer( 4568155433000,4568225728000, 2, 934.135071, 1364.289429,0.20784314,0.06666667,0,0.0,0.0,65539,0, 0)
captureUserWait ( 9 )
captureDispatchPointer( 4568155433000,4568235300000, 2, 936.133240, 1360.291504,0.20784314,0.06666667,0,0.0,0.0,65539,0, 0)
captureUserWait ( 9 )
captureDispatchPointer( 4568155433000,4568244939000, 2, 938.131348, 1355.294067,0.20784314,0.06666667,0,0.0,0.0,65539,0, 0)
captureUserWait ( 9 )
captureDispatchPointer( 4568155433000,4568254007000, 2, 939.130432, 1350.296631,0.20784314,0.06666667,0,0.0,0.0,65539,0, 0)
captureUserWait ( 9 )
captureDispatchPointer( 4568155433000,4568263859000, 2, 940.129517, 1346.298828,0.20784314,0.06666667,0,0.0,0.0,65539,0, 0)
captureUserWait ( 8 )
captureDispatchPointer( 4568155433000,4568272606000, 2, 941.128601, 1342.300903,0.20784314,0.06666667,0,0.0,0.0,65539,0, 0)
captureUserWait ( 9 )
captureDispatchPointer( 4568155433000,4568281954000, 2, 942.127686, 1339.302368,0.20784314,0.06666667,0,0.0,0.0,65539,0, 0)
captureUserWait ( 9 )
captureDispatchPointer( 4568155433000,4568291334000, 2, 943.126709, 1336.303955,0.20784314,0.06666667,0,0.0,0.0,65539,0, 0)
captureUserWait ( 9 )
captureDispatchPointer( 4568155433000,4568300746000, 2, 944.125793, 1333.305542,0.20784314,0.06666667,0,0.0,0.0,65539,0, 0)
captureUserWait ( 9 )
captureDispatchPointer( 4568155433000,4568310360000, 2, 945.124878, 1330.307129,0.20784314,0.06666667,0,0.0,0.0,65539,0, 0)
captureUserWait ( 8 )
captureDispatchPointer( 4568155433000,4568319315000, 2, 946.123962, 1326.309204,0.20784314,0.06666667,0,0.0,0.0,65539,0, 0)
captureUserWait ( 9 )
captureDispatchPointer( 4568155433000,4568328648000, 2, 947.123047, 1322.311279,0.20784314,0.06666667,0,0.0,0.0,65539,0, 0)
captureUserWait ( 9 )
captureDispatchPointer( 4568155433000,4568338502000, 2, 948.122131, 1318.313354,0.20784314,0.06666667,0,0.0,0.0,65539,0, 0)
captureUserWait ( 8 )
captureDispatchPointer( 4568155433000,4568347408000, 2, 949.121216, 1314.315430,0.20784314,0.06666667,0,0.0,0.0,65539,0, 0)
captureUserWait ( 9 )
captureDispatchPointer( 4568155433000,4568356780000, 2, 950.120239, 1309.317993,0.20784314,0.06666667,0,0.0,0.0,65539,0, 0)
captureUserWait ( 9 )
captureDispatchPointer( 4568155433000,4568366552000, 2, 951.119324, 1305.320068,0.20784314,0.06666667,0,0.0,0.0,65539,0, 0)
captureUserWait ( 9 )
captureDispatchPointer( 4568155433000,4568376158000, 2, 952.118408, 1301.322144,0.20784314,0.06666667,0,0.0,0.0,65539,0, 0)
captureUserWait ( 8 )
captureDispatchPointer( 4568155433000,4568385138000, 2, 953.117493, 1296.324829,0.20784314,0.06666667,0,0.0,0.0,65539,0, 0)
captureUserWait ( 9 )
captureDispatchPointer( 4568155433000,4568394887000, 2, 955.115662, 1291.327393,0.20784314,0.06666667,0,0.0,0.0,65539,0, 0)
captureUserWait ( 9 )
captureDispatchPointer( 4568155433000,4568404307000, 2, 957.113770, 1286.329956,0.20784314,0.06666667,0,0.0,0.0,65539,0, 0)
captureUserWait ( 9 )
captureDispatchPointer( 4568155433000,4568413555000, 2, 959.111938, 1281.332642,0.20784314,0.06666667,0,0.0,0.0,65539,0, 0)
captureUserWait ( 9 )
captureDispatchPointer( 4568155433000,4568422581000, 2, 961.110107, 1275.335693,0.20784314,0.06666667,0,0.0,0.0,65539,0, 0)
captureUserWait ( 9 )
captureDispatchPointer( 4568155433000,4568432029000, 2, 963.108215, 1269.338867,0.20784314,0.06666667,0,0.0,0.0,65539,0, 0)
captureUserWait ( 9 )
captureDispatchPointer( 4568155433000,4568441135000, 2, 964.107300, 1263.341919,0.20784314,0.06666667,0,0.0,0.0,65539,0, 0)
captureUserWait ( 9 )
captureDispatchPointer( 4568155433000,4568451058000, 2, 966.105469, 1257.345093,0.20784314,0.06666667,0,0.0,0.0,65539,0, 0)
captureUserWait ( 9 )
captureDispatchPointer( 4568155433000,4568460626000, 2, 968.103638, 1249.349243,0.20784314,0.06666667,0,0.0,0.0,65539,0, 0)
captureUserWait ( 9 )
captureDispatchPointer( 4568155433000,4568469733000, 2, 970.101746, 1240.354004,0.20784314,0.06666667,0,0.0,0.0,65539,0, 0)
captureUserWait ( 9 )
captureDispatchPointer( 4568155433000,4568479358000, 2, 972.099915, 1232.358154,0.20784314,0.06666667,0,0.0,0.0,65539,0, 0)
captureUserWait ( 8 )
captureDispatchPointer( 4568155433000,4568487979000, 2, 973.098999, 1223.362793,0.20784314,0.06666667,0,0.0,0.0,65539,0, 0)
captureUserWait ( 9 )
captureDispatchPointer( 4568155433000,4568497495000, 2, 974.098083, 1214.367432,0.20784314,0.06666667,0,0.0,0.0,65539,0, 0)
captureUserWait ( 9 )
captureDispatchPointer( 4568155433000,4568507420000, 2, 975.097168, 1206.371704,0.20784314,0.06666667,0,0.0,0.0,65539,0, 0)
captureUserWait ( 8 )
captureDispatchPointer( 4568155433000,4568516194000, 2, 976.096191, 1198.375854,0.20784314,0.06666667,0,0.0,0.0,65539,0, 0)
captureUserWait ( 10 )
captureDispatchPointer( 4568155433000,4568526209000, 2, 977.095276, 1190.380005,0.20784314,0.06666667,0,0.0,0.0,65539,0, 0)
captureUserWait ( 9 )
captureDispatchPointer( 4568155433000,4568535325000, 2, 978.094360, 1182.384155,0.20784314,0.06666667,0,0.0,0.0,65539,0, 0)
captureUserWait ( 9 )
captureDispatchPointer( 4568155433000,4568544830000, 2, 979.093445, 1172.389404,0.20784314,0.06666667,0,0.0,0.0,65539,0, 0)
captureUserWait ( 9 )
captureDispatchPointer( 4568155433000,4568554230000, 2, 980.092529, 1162.394531,0.20784314,0.06666667,0,0.0,0.0,65539,0, 0)
captureUserWait ( 9 )
captureDispatchPointer( 4568155433000,4568563426000, 2, 981.091614, 1151.400269,0.20784314,0.06666667,0,0.0,0.0,65539,0, 0)
captureUserWait ( 9 )
captureDispatchPointer( 4568155433000,4568573077000, 2, 983.089722, 1138.407104,0.20784314,0.06666667,0,0.0,0.0,65539,0, 0)
captureUserWait ( 8 )
captureDispatchPointer( 4568155433000,4568581980000, 2, 985.087891, 1125.413818,0.20784314,0.06666667,0,0.0,0.0,65539,0, 0)
captureUserWait ( 9 )
captureDispatchPointer( 4568155433000,4568591507000, 2, 987.086060, 1113.420044,0.20784314,0.06666667,0,0.0,0.0,65539,0, 0)
captureUserWait ( 9 )
captureDispatchPointer( 4568155433000,4568600922000, 2, 989.084167, 1100.426880,0.20784314,0.06666667,0,0.0,0.0,65539,0, 0)
captureUserWait ( 8 )
captureDispatchPointer( 4568155433000,4568609733000, 2, 991.082336, 1088.433105,0.20784314,0.06666667,0,0.0,0.0,65539,0, 0)
captureUserWait ( 9 )
captureDispatchPointer( 4568155433000,4568619656000, 2, 994.079590, 1078.438232,0.20784314,0.06666667,0,0.0,0.0,65539,0, 0)
captureUserWait ( 9 )
captureDispatchPointer( 4568155433000,4568628893000, 2, 997.076782, 1067.443970,0.20784314,0.06666667,0,0.0,0.0,65539,0, 0)
captureUserWait ( 9 )
captureDispatchPointer( 4568155433000,4568638002000, 2, 1000.074036, 1057.449219,0.20784314,0.06666667,0,0.0,0.0,65539,0, 0)
captureUserWait ( 9 )
captureDispatchPointer( 4568155433000,4568647225000, 2, 1004.070312, 1048.453857,0.20784314,0.06666667,0,0.0,0.0,65539,0, 0)
captureUserWait ( 10 )
captureDispatchPointer( 4568155433000,4568657330000, 2, 1008.066589, 1039.458618,0.20784314,0.06666667,0,0.0,0.0,65539,0, 0)
captureUserWait ( 8 )
captureDispatchPointer( 4568155433000,4568665752000, 2, 1012.062927, 1031.462769,0.20784314,0.06666667,0,0.0,0.0,65539,0, 0)
captureUserWait ( 10 )
captureDispatchPointer( 4568155433000,4568675851000, 2, 1018.057373, 1023.466919,0.20784314,0.06666667,0,0.0,0.0,65539,0, 0)
captureUserWait ( 8 )
captureDispatchPointer( 4568155433000,4568684084000, 1, 1018.057373, 1023.466919,0.20784314,0.06666667,0,0.0,0.0,65539,0, 0)
captureUserWait ( 1176 )

# scroll
compareScreenshot(2014-09-22_06-39-45.jpg, 0, 0, 1080, 1920, 0, 1.0, 10)
captureDispatchPointer( 4570860761000,4570860761000, 0, 895.171143, 1466.236328,0.20784314,0.06666667,0,0.0,0.0,65539,0, 0)
captureUserWait ( 12 )
captureDispatchPointer( 4570860761000,4570872923000, 2, 895.171143, 1466.236328,0.20784314,0.06666667,0,0.0,0.0,65539,0, 0)
captureUserWait ( 9 )
captureDispatchPointer( 4570860761000,4570882741000, 2, 896.170227, 1465.236816,0.20784314,0.06666667,0,0.0,0.0,65539,0, 0)
captureUserWait ( 8 )
captureDispatchPointer( 4570860761000,4570891589000, 2, 897.169312, 1464.237305,0.20784314,0.06666667,0,0.0,0.0,65539,0, 0)
captureUserWait ( 9 )
captureDispatchPointer( 4570860761000,4570901483000, 2, 898.168396, 1462.238403,0.20784314,0.06666667,0,0.0,0.0,65539,0, 0)
captureUserWait ( 9 )
captureDispatchPointer( 4570860761000,4570910996000, 2, 899.167419, 1459.239990,0.20784314,0.06666667,0,0.0,0.0,65539,0, 0)
captureUserWait ( 9 )
captureDispatchPointer( 4570860761000,4570920346000, 2, 900.166504, 1456.241455,0.20784314,0.06666667,0,0.0,0.0,65539,0, 0)
captureUserWait ( 9 )
captureDispatchPointer( 4570860761000,4570929404000, 2, 901.165588, 1452.243530,0.20784314,0.06666667,0,0.0,0.0,65539,0, 0)
captureUserWait ( 9 )
captureDispatchPointer( 4570860761000,4570939102000, 2, 903.163757, 1447.246216,0.20784314,0.06666667,0,0.0,0.0,65539,0, 0)
captureUserWait ( 8 )
captureDispatchPointer( 4570860761000,4570947744000, 2, 905.161865, 1442.248779,0.20784314,0.06666667,0,0.0,0.0,65539,0, 0)
captureUserWait ( 10 )
captureDispatchPointer( 4570860761000,4570957808000, 2, 907.160034, 1437.251343,0.20784314,0.06666667,0,0.0,0.0,65539,0, 0)
captureUserWait ( 8 )
captureDispatchPointer( 4570860761000,4570966550000, 2, 908.159119, 1432.254028,0.20784314,0.06666667,0,0.0,0.0,65539,0, 0)
captureUserWait ( 9 )
captureDispatchPointer( 4570860761000,4570975902000, 2, 910.157288, 1427.256592,0.20784314,0.06666667,0,0.0,0.0,65539,0, 0)
captureUserWait ( 9 )
captureDispatchPointer( 4570860761000,4570985174000, 2, 912.155396, 1422.259155,0.20784314,0.06666667,0,0.0,0.0,65539,0, 0)
captureUserWait ( 9 )
captureDispatchPointer( 4570860761000,4570994688000, 2, 914.153564, 1418.261230,0.20784314,0.06666667,0,0.0,0.0,65539,0, 0)
captureUserWait ( 9 )
captureDispatchPointer( 4570860761000,4571004643000, 2, 915.152649, 1414.263428,0.20784314,0.06666667,0,0.0,0.0,65539,0, 0)
captureUserWait ( 8 )
captureDispatchPointer( 4570860761000,4571013553000, 2, 916.151733, 1409.265991,0.20784314,0.06666667,0,0.0,0.0,65539,0, 0)
captureUserWait ( 9 )
captureDispatchPointer( 4570860761000,4571023160000, 2, 917.150818, 1405.268066,0.20784314,0.06666667,0,0.0,0.0,65539,0, 0)
captureUserWait ( 9 )
captureDispatchPointer( 4570860761000,4571032578000, 2, 918.149841, 1400.270630,0.20784314,0.06666667,0,0.0,0.0,65539,0, 0)
captureUserWait ( 8 )
captureDispatchPointer( 4570860761000,4571041449000, 2, 919.148926, 1395.273315,0.20784314,0.06666667,0,0.0,0.0,65539,0, 0)
captureUserWait ( 9 )
captureDispatchPointer( 4570860761000,4571051255000, 2, 920.148010, 1390.275879,0.20784314,0.06666667,0,0.0,0.0,65539,0, 0)
captureUserWait ( 8 )
captureDispatchPointer( 4570860761000,4571060076000, 2, 921.147095, 1384.278931,0.20784314,0.06666667,0,0.0,0.0,65539,0, 0)
captureUserWait ( 9 )
captureDispatchPointer( 4570860761000,4571069751000, 2, 921.147095, 1379.281616,0.20784314,0.06666667,0,0.0,0.0,65539,0, 0)
captureUserWait ( 8 )
captureDispatchPointer( 4570860761000,4571078744000, 2, 921.147095, 1373.284668,0.20784314,0.06666667,0,0.0,0.0,65539,0, 0)
captureUserWait ( 10 )
captureDispatchPointer( 4570860761000,4571089290000, 2, 921.147095, 1367.287842,0.20784314,0.06666667,0,0.0,0.0,65539,0, 0)
captureUserWait ( 9 )
captureDispatchPointer( 4570860761000,4571098439000, 2, 921.147095, 1361.291016,0.20784314,0.06666667,0,0.0,0.0,65539,0, 0)
captureUserWait ( 9 )
captureDispatchPointer( 4570860761000,4571107500000, 2, 921.147095, 1356.293579,0.20784314,0.06666667,0,0.0,0.0,65539,0, 0)
captureUserWait ( 9 )
captureDispatchPointer( 4570860761000,4571117220000, 2, 921.147095, 1350.296631,0.20784314,0.06666667,0,0.0,0.0,65539,0, 0)
captureUserWait ( 8 )
captureDispatchPointer( 4570860761000,4571125846000, 2, 921.147095, 1344.299805,0.20784314,0.06666667,0,0.0,0.0,65539,0, 0)
captureUserWait ( 20 )
captureDispatchPointer( 4570860761000,4571146314000, 2, 921.147095, 1338.302979,0.20784314,0.06666667,0,0.0,0.0,65539,0, 0)
captureUserWait ( 2 )
captureDispatchPointer( 4570860761000,4571148599000, 2, 921.147095, 1332.306030,0.20784314,0.06666667,0,0.0,0.0,65539,0, 0)
captureUserWait ( 5 )
captureDispatchPointer( 4570860761000,4571154006000, 2, 922.146179, 1325.309692,0.20784314,0.06666667,0,0.0,0.0,65539,0, 0)
captureUserWait ( 9 )
captureDispatchPointer( 4570860761000,4571163473000, 2, 923.145264, 1317.313843,0.20784314,0.06666667,0,0.0,0.0,65539,0, 0)
captureUserWait ( 9 )
captureDispatchPointer( 4570860761000,4571173335000, 2, 924.144287, 1309.317993,0.20784314,0.06666667,0,0.0,0.0,65539,0, 0)
captureUserWait ( 9 )
captureDispatchPointer( 4570860761000,4571182956000, 2, 925.143372, 1300.322754,0.20784314,0.06666667,0,0.0,0.0,65539,0, 0)
captureUserWait ( 8 )
captureDispatchPointer( 4570860761000,4571191365000, 2, 926.142456, 1289.328491,0.20784314,0.06666667,0,0.0,0.0,65539,0, 0)
captureUserWait ( 9 )
captureDispatchPointer( 4570860761000,4571200798000, 2, 928.140625, 1276.335205,0.20784314,0.06666667,0,0.0,0.0,65539,0, 0)
captureUserWait ( 9 )
captureDispatchPointer( 4570860761000,4571210166000, 2, 930.138794, 1264.341431,0.20784314,0.06666667,0,0.0,0.0,65539,0, 0)
captureUserWait ( 9 )
captureDispatchPointer( 4570860761000,4571219527000, 2, 932.136902, 1251.348267,0.20784314,0.06666667,0,0.0,0.0,65539,0, 0)
captureUserWait ( 9 )
captureDispatchPointer( 4570860761000,4571228903000, 2, 934.135071, 1237.355469,0.20784314,0.06666667,0,0.0,0.0,65539,0, 0)
captureUserWait ( 10 )
captureDispatchPointer( 4570860761000,4571238962000, 2, 935.134155, 1221.363892,0.20784314,0.06666667,0,0.0,0.0,65539,0, 0)
captureUserWait ( 8 )
captureDispatchPointer( 4570860761000,4571247888000, 2, 937.132263, 1204.372681,0.20784314,0.06666667,0,0.0,0.0,65539,0, 0)
captureUserWait ( 9 )
captureDispatchPointer( 4570860761000,4571257454000, 2, 940.129517, 1185.382568,0.20784314,0.06666667,0,0.0,0.0,65539,0, 0)
captureUserWait ( 10 )
captureDispatchPointer( 4570860761000,4571267701000, 2, 943.126709, 1168.391479,0.20784314,0.06666667,0,0.0,0.0,65539,0, 0)
captureUserWait ( 7 )
captureDispatchPointer( 4570860761000,4571275604000, 2, 945.124878, 1154.398682,0.20784314,0.06666667,0,0.0,0.0,65539,0, 0)
captureUserWait ( 10 )
captureDispatchPointer( 4570860761000,4571286498000, 2, 947.123047, 1142.405029,0.20784314,0.06666667,0,0.0,0.0,65539,0, 0)
captureUserWait ( 8 )
captureDispatchPointer( 4570860761000,4571294674000, 2, 948.122131, 1132.410156,0.20784314,0.06666667,0,0.0,0.0,65539,0, 0)
captureUserWait ( 10 )
captureDispatchPointer( 4570860761000,4571305348000, 2, 950.120239, 1122.415405,0.20784314,0.06666667,0,0.0,0.0,65539,0, 0)
captureUserWait ( 8 )
captureDispatchPointer( 4570860761000,4571313479000, 2, 952.118408, 1114.419556,0.20784314,0.06666667,0,0.0,0.0,65539,0, 0)
captureUserWait ( 9 )
captureDispatchPointer( 4570860761000,4571323273000, 2, 955.115662, 1106.423706,0.20784314,0.06666667,0,0.0,0.0,65539,0, 0)
captureUserWait ( 9 )
captureDispatchPointer( 4570860761000,4571332470000, 2, 958.112854, 1098.427856,0.20784314,0.06666667,0,0.0,0.0,65539,0, 0)
captureUserWait ( 8 )
captureDispatchPointer( 4570860761000,4571341339000, 2, 961.110107, 1090.432007,0.20784314,0.06666667,0,0.0,0.0,65539,0, 0)
captureUserWait ( 10 )
captureDispatchPointer( 4570860761000,4571351805000, 2, 963.108215, 1085.434692,0.20784314,0.06666667,0,0.0,0.0,65539,0, 0)
captureUserWait ( 7 )
captureDispatchPointer( 4570860761000,4571359070000, 1, 963.108215, 1085.434692,0.20784314,0.06666667,0,0.0,0.0,65539,0, 0)
captureUserWait ( 1032 )

# scroll
compareScreenshot(2014-09-22_06-39-47.jpg, 0, 0, 1080, 1920, 0, 1.0, 10)
captureDispatchPointer( 4572991231000,4572991231000, 0, 888.177612, 1544.195679,0.20784314,0.06666667,0,0.0,0.0,65539,0, 0)
captureUserWait ( 15 )
captureDispatchPointer( 4572991231000,4573007226000, 2, 888.177612, 1544.195679,0.20784314,0.06666667,0,0.0,0.0,65539,0, 0)
captureUserWait ( 18 )
captureDispatchPointer( 4572991231000,4573025491000, 2, 889.176697, 1543.196167,0.20784314,0.06666667,0,0.0,0.0,65539,0, 0)
captureUserWait ( 9 )
captureDispatchPointer( 4572991231000,4573034851000, 2, 890.175781, 1541.197266,0.20784314,0.06666667,0,0.0,0.0,65539,0, 0)
captureUserWait ( 9 )
captureDispatchPointer( 4572991231000,4573044213000, 2, 891.174866, 1539.198242,0.20784314,0.06666667,0,0.0,0.0,65539,0, 0)
captureUserWait ( 9 )
captureDispatchPointer( 4572991231000,4573053477000, 2, 891.174866, 1535.200439,0.20784314,0.06666667,0,0.0,0.0,65539,0, 0)
captureUserWait ( 9 )
captureDispatchPointer( 4572991231000,4573062859000, 2, 891.174866, 1529.203491,0.20784314,0.06666667,0,0.0,0.0,65539,0, 0)
captureUserWait ( 9 )
captureDispatchPointer( 4572991231000,4573072181000, 2, 890.175781, 1521.207642,0.20784314,0.06666667,0,0.0,0.0,65539,0, 0)
captureUserWait ( 9 )
captureDispatchPointer( 4572991231000,4573081429000, 2, 890.175781, 1511.212891,0.20784314,0.06666667,0,0.0,0.0,65539,0, 0)
captureUserWait ( 9 )
captureDispatchPointer( 4572991231000,4573090613000, 2, 890.175781, 1499.219116,0.20784314,0.06666667,0,0.0,0.0,65539,0, 0)
captureUserWait ( 9 )
captureDispatchPointer( 4572991231000,4573099847000, 2, 891.174866, 1486.225830,0.20784314,0.06666667,0,0.0,0.0,65539,0, 0)
captureUserWait ( 9 )
captureDispatchPointer( 4572991231000,4573109349000, 2, 892.173889, 1473.232666,0.20784314,0.06666667,0,0.0,0.0,65539,0, 0)
captureUserWait ( 9 )
captureDispatchPointer( 4572991231000,4573118566000, 2, 892.173889, 1459.239990,0.20784314,0.06666667,0,0.0,0.0,65539,0, 0)
captureUserWait ( 9 )
captureDispatchPointer( 4572991231000,4573127878000, 2, 892.173889, 1448.245728,0.20784314,0.06666667,0,0.0,0.0,65539,0, 0)
captureUserWait ( 9 )
captureDispatchPointer( 4572991231000,4573137853000, 2, 892.173889, 1437.251343,0.20784314,0.06666667,0,0.0,0.0,65539,0, 0)
captureUserWait ( 9 )
captureDispatchPointer( 4572991231000,4573146869000, 2, 892.173889, 1426.257080,0.20784314,0.06666667,0,0.0,0.0,65539,0, 0)
captureUserWait ( 9 )
captureDispatchPointer( 4572991231000,4573155989000, 2, 891.174866, 1416.262329,0.20784314,0.06666667,0,0.0,0.0,65539,0, 0)
captureUserWait ( 9 )
captureDispatchPointer( 4572991231000,4573165964000, 2, 892.173889, 1404.268555,0.20784314,0.06666667,0,0.0,0.0,65539,0, 0)
captureUserWait ( 9 )
captureDispatchPointer( 4572991231000,4573175105000, 2, 892.173889, 1391.275391,0.20784314,0.06666667,0,0.0,0.0,65539,0, 0)
captureUserWait ( 9 )
captureDispatchPointer( 4572991231000,4573184676000, 2, 891.174866, 1377.282593,0.20784314,0.06666667,0,0.0,0.0,65539,0, 0)
captureUserWait ( 9 )
captureDispatchPointer( 4572991231000,4573194023000, 2, 892.173889, 1364.289429,0.20784314,0.06666667,0,0.0,0.0,65539,0, 0)
captureUserWait ( 9 )
captureDispatchPointer( 4572991231000,4573203278000, 2, 892.173889, 1351.296143,0.20784314,0.06666667,0,0.0,0.0,65539,0, 0)
captureUserWait ( 10 )
captureDispatchPointer( 4572991231000,4573213973000, 2, 892.173889, 1338.302979,0.20784314,0.06666667,0,0.0,0.0,65539,0, 0)
captureUserWait ( 7 )
captureDispatchPointer( 4572991231000,4573221920000, 2, 894.172058, 1324.310181,0.20784314,0.06666667,0,0.0,0.0,65539,0, 0)
captureUserWait ( 10 )
captureDispatchPointer( 4572991231000,4573232720000, 2, 895.171143, 1312.316528,0.20784314,0.06666667,0,0.0,0.0,65539,0, 0)
captureUserWait ( 7 )
captureDispatchPointer( 4572991231000,4573240234000, 2, 896.170227, 1302.321655,0.20784314,0.06666667,0,0.0,0.0,65539,0, 0)
captureUserWait ( 10 )
captureDispatchPointer( 4572991231000,4573250831000, 2, 897.169312, 1293.326416,0.20784314,0.06666667,0,0.0,0.0,65539,0, 0)
captureUserWait ( 8 )
captureDispatchPointer( 4572991231000,4573259464000, 2, 898.168396, 1285.330566,0.20784314,0.06666667,0,0.0,0.0,65539,0, 0)
captureUserWait ( 9 )
captureDispatchPointer( 4572991231000,4573269080000, 2, 898.168396, 1276.335205,0.20784314,0.06666667,0,0.0,0.0,65539,0, 0)
captureUserWait ( 9 )
captureDispatchPointer( 4572991231000,4573278932000, 2, 898.168396, 1267.339844,0.20784314,0.06666667,0,0.0,0.0,65539,0, 0)
captureUserWait ( 8 )
captureDispatchPointer( 4572991231000,4573287362000, 2, 897.169312, 1257.345093,0.20784314,0.06666667,0,0.0,0.0,65539,0, 0)
captureUserWait ( 10 )
captureDispatchPointer( 4572991231000,4573297547000, 2, 898.168396, 1245.351318,0.20784314,0.06666667,0,0.0,0.0,65539,0, 0)
captureUserWait ( 8 )
captureDispatchPointer( 4572991231000,4573306414000, 2, 898.168396, 1233.357544,0.20784314,0.06666667,0,0.0,0.0,65539,0, 0)
captureUserWait ( 10 )
captureDispatchPointer( 4572991231000,4573317038000, 2, 899.167419, 1222.363281,0.20784314,0.06666667,0,0.0,0.0,65539,0, 0)
captureUserWait ( 7 )
captureDispatchPointer( 4572991231000,4573324531000, 2, 900.166504, 1212.368530,0.20784314,0.06666667,0,0.0,0.0,65539,0, 0)
captureUserWait ( 9 )
captureDispatchPointer( 4572991231000,4573334273000, 2, 900.166504, 1201.374268,0.20784314,0.06666667,0,0.0,0.0,65539,0, 0)
captureUserWait ( 9 )
captureDispatchPointer( 4572991231000,4573343287000, 2, 900.166504, 1191.379517,0.20784314,0.06666667,0,0.0,0.0,65539,0, 0)
captureUserWait ( 9 )
captureDispatchPointer( 4572991231000,4573352913000, 2, 900.166504, 1181.384644,0.20784314,0.06666667,0,0.0,0.0,65539,0, 0)
captureUserWait ( 9 )
captureDispatchPointer( 4572991231000,4573362537000, 2, 901.165588, 1168.391479,0.20784314,0.06666667,0,0.0,0.0,65539,0, 0)
captureUserWait ( 9 )
captureDispatchPointer( 4572991231000,4573371963000, 2, 903.163757, 1157.397217,0.20784314,0.06666667,0,0.0,0.0,65539,0, 0)
captureUserWait ( 10 )
captureDispatchPointer( 4572991231000,4573382202000, 2, 905.161865, 1146.402832,0.20784314,0.06666667,0,0.0,0.0,65539,0, 0)
captureUserWait ( 9 )
captureDispatchPointer( 4572991231000,4573391338000, 2, 907.160034, 1135.408569,0.20784314,0.06666667,0,0.0,0.0,65539,0, 0)
captureUserWait ( 9 )
captureDispatchPointer( 4572991231000,4573401071000, 2, 909.158203, 1126.413330,0.20784314,0.06666667,0,0.0,0.0,65539,0, 0)
captureUserWait ( 9 )
captureDispatchPointer( 4572991231000,4573410141000, 2, 910.157288, 1117.417969,0.20784314,0.06666667,0,0.0,0.0,65539,0, 0)
captureUserWait ( 8 )
captureDispatchPointer( 4572991231000,4573419135000, 2, 912.155396, 1108.422729,0.20784314,0.06666667,0,0.0,0.0,65539,0, 0)
captureUserWait ( 10 )
captureDispatchPointer( 4572991231000,4573429689000, 2, 914.153564, 1101.426270,0.20784314,0.06666667,0,0.0,0.0,65539,0, 0)
captureUserWait ( 8 )
captureDispatchPointer( 4572991231000,4573438009000, 2, 915.152649, 1096.428955,0.20784314,0.06666667,0,0.0,0.0,65539,0, 0)
captureUserWait ( 10 )
captureDispatchPointer( 4572991231000,4573448237000, 2, 917.150818, 1092.431030,0.20784314,0.06666667,0,0.0,0.0,65539,0, 0)
captureUserWait ( 8 )
captureDispatchPointer( 4572991231000,4573456970000, 2, 918.149841, 1089.432617,0.20784314,0.06666667,0,0.0,0.0,65539,0, 0)
captureUserWait ( 8 )
captureDispatchPointer( 4572991231000,4573464999000, 1, 918.149841, 1089.432617,0.20784314,0.06666667,0,0.0,0.0,65539,0, 0)
captureUserWait ( 2020 )

# touch map
compareScreenshot(2014-09-22_06-39-49.jpg, 0, 0, 1080, 1920, 0, 1.0, 10)
captureDispatchPointer( 4574985693000,4574985693000, 0, 655.393188, 1251.348267,0.20784314,0.06666667,0,0.0,0.0,65539,0, 0)
captureUserWait ( 22 )
captureDispatchPointer( 4574985693000,4575007823000, 2, 655.393188, 1251.348267,0.20784314,0.06666667,0,0.0,0.0,65539,0, 0)
captureUserWait ( 9 )
captureDispatchPointer( 4574985693000,4575016999000, 2, 655.393188, 1251.348267,0.20784314,0.06666667,0,0.0,0.0,65539,0, 0)
captureUserWait ( 18 )
captureDispatchPointer( 4574985693000,4575035548000, 2, 655.393188, 1251.348267,0.20784314,0.06666667,0,0.0,0.0,65539,0, 0)
captureUserWait ( 18 )
captureDispatchPointer( 4574985693000,4575054074000, 2, 655.393188, 1251.348267,0.20784314,0.06666667,0,0.0,0.0,65539,0, 0)
captureUserWait ( 18 )
captureDispatchPointer( 4574985693000,4575072472000, 2, 655.393188, 1251.348267,0.20784314,0.06666667,0,0.0,0.0,65539,0, 0)
captureUserWait ( 28 )
captureDispatchPointer( 4574985693000,4575101311000, 2, 655.393188, 1252.347656,0.20784314,0.06666667,0,0.0,0.0,65539,0, 0)
captureUserWait ( 7 )
captureDispatchPointer( 4574985693000,4575108678000, 1, 655.393188, 1252.347656,0.20784314,0.06666667,0,0.0,0.0,65539,0, 0)
captureUserWait ( 1973 )

# select google map
compareScreenshot(2014-09-22_06-39-51.jpg, 0, 0, 1080, 1920, 0, 1.0, 10)
captureDispatchPointer( 4577082375000,4577082375000, 0, 413.617035, 1175.387817,0.20784314,0.06666667,0,0.0,0.0,65539,0, 0)
captureUserWait ( 5 )
captureDispatchPointer( 4577082375000,4577088234000, 2, 413.617035, 1175.387817,0.20784314,0.06666667,0,0.0,0.0,65539,0, 0)
captureUserWait ( 9 )
captureDispatchPointer( 4577082375000,4577097256000, 2, 413.617035, 1175.387817,0.20784314,0.06666667,0,0.0,0.0,65539,0, 0)
captureUserWait ( 65 )
captureDispatchPointer( 4577082375000,4577162804000, 2, 413.617035, 1175.387817,0.20784314,0.06666667,0,0.0,0.0,65539,0, 0)
captureUserWait ( 18 )
captureDispatchPointer( 4577082375000,4577181572000, 2, 413.617035, 1175.387817,0.20784314,0.06666667,0,0.0,0.0,65539,0, 0)
captureUserWait ( 8 )
captureDispatchPointer( 4577082375000,4577189804000, 1, 413.617035, 1175.387817,0.20784314,0.06666667,0,0.0,0.0,65539,0, 0)
captureUserWait ( 5026 )

#
compareScreenshot(2014-09-22_06-39-53.jpg, 0, 0, 1080, 1920, 0, 1.0, 10)
captureDispatchPointer( 4578616550000,4578616550000, 0, 432.599457, 1172.389404,0.20784314,0.06666667,0,0.0,0.0,65539,0, 0)
captureUserWait ( 44 )
captureDispatchPointer( 4578616550000,4578661483000, 2, 431.600372, 1172.389404,0.20784314,0.06666667,0,0.0,0.0,65539,0, 0)
captureUserWait ( 18 )
captureDispatchPointer( 4578616550000,4578680238000, 2, 430.601288, 1172.389404,0.20784314,0.06666667,0,0.0,0.0,65539,0, 0)
captureUserWait ( 18 )
captureDispatchPointer( 4578616550000,4578698915000, 2, 429.602234, 1172.389404,0.20784314,0.06666667,0,0.0,0.0,65539,0, 0)
captureUserWait ( 9 )
captureDispatchPointer( 4578616550000,4578708293000, 2, 428.603149, 1172.389404,0.20784314,0.06666667,0,0.0,0.0,65539,0, 0)
captureUserWait ( 8 )
captureDispatchPointer( 4578616550000,4578716464000, 1, 428.603149, 1172.389404,0.20784314,0.06666667,0,0.0,0.0,65539,0, 0)
captureUserWait ( 5550 )

#
compareScreenshot(2014-09-22_06-40-00.jpg, 0, 0, 1080, 1920, 0, 1.0, 10)
captureDispatchPointer( 4585267342000,4585267342000, 0, 758.297852, 1557.188965,0.20784314,0.06666667,0,0.0,0.0,65539,0, 0)
captureUserWait ( 27 )
captureDispatchPointer( 4585267342000,4585294401000, 2, 758.297852, 1557.188965,0.20784314,0.06666667,0,0.0,0.0,65539,0, 0)
captureUserWait ( 75 )
captureDispatchPointer( 4585267342000,4585369461000, 2, 758.297852, 1557.188965,0.20784314,0.06666667,0,0.0,0.0,65539,0, 0)
captureUserWait ( 17 )
captureDispatchPointer( 4585267342000,4585387319000, 1, 758.297852, 1557.188965,0.20784314,0.06666667,0,0.0,0.0,65539,0, 0)
captureUserWait ( 5339 )

#
compareScreenshot(2014-09-22_06-40-08.jpg, 0, 0, 1080, 1920, 0, 1.0, 10)
captureDispatchPointer( 4593726621000,4593726621000, 0, 697.354309, 1753.086914,0.20784314,0.06666667,0,0.0,0.0,65539,0, 0)
captureUserWait ( 8 )
captureDispatchPointer( 4593726621000,4593734677000, 2, 697.354309, 1753.086914,0.20784314,0.06666667,0,0.0,0.0,65539,0, 0)
captureUserWait ( 82 )
captureDispatchPointer( 4593726621000,4593817125000, 1, 697.354309, 1753.086914,0.20784314,0.06666667,0,0.0,0.0,65539,0, 0)
captureUserWait ( 5881 )

# scroll
compareScreenshot(2014-09-22_06-40-17.jpg, 0, 0, 1080, 1920, 0, 1.0, 10)
captureDispatchPointer( 4602698782000,4602698782000, 0, 587.456055, 1691.119141,0.20784314,0.06666667,0,0.0,0.0,65539,0, 0)
captureUserWait ( 5 )
captureDispatchPointer( 4602698782000,4602704487000, 2, 587.456055, 1691.119141,0.20784314,0.06666667,0,0.0,0.0,65539,0, 0)
captureUserWait ( 9 )
captureDispatchPointer( 4602698782000,4602713641000, 2, 587.456055, 1689.120239,0.20784314,0.06666667,0,0.0,0.0,65539,0, 0)
captureUserWait ( 9 )
captureDispatchPointer( 4602698782000,4602722859000, 2, 587.456055, 1683.123291,0.20784314,0.06666667,0,0.0,0.0,65539,0, 0)
captureUserWait ( 9 )
captureDispatchPointer( 4602698782000,4602732349000, 2, 587.456055, 1670.130127,0.20784314,0.06666667,0,0.0,0.0,65539,0, 0)
captureUserWait ( 9 )
captureDispatchPointer( 4602698782000,4602742020000, 2, 588.455139, 1656.137329,0.20784314,0.06666667,0,0.0,0.0,65539,0, 0)
captureUserWait ( 9 )
captureDispatchPointer( 4602698782000,4602751069000, 2, 589.454224, 1639.146240,0.20784314,0.06666667,0,0.0,0.0,65539,0, 0)
captureUserWait ( 9 )
captureDispatchPointer( 4602698782000,4602760922000, 2, 590.453308, 1622.155029,0.20784314,0.06666667,0,0.0,0.0,65539,0, 0)
captureUserWait ( 9 )
captureDispatchPointer( 4602698782000,4602770294000, 2, 593.450500, 1601.166016,0.20784314,0.06666667,0,0.0,0.0,65539,0, 0)
captureUserWait ( 9 )
captureDispatchPointer( 4602698782000,4602779665000, 2, 596.447754, 1581.176392,0.20784314,0.06666667,0,0.0,0.0,65539,0, 0)
captureUserWait ( 8 )
captureDispatchPointer( 4602698782000,4602788375000, 2, 598.445862, 1563.185791,0.20784314,0.06666667,0,0.0,0.0,65539,0, 0)
captureUserWait ( 9 )
captureDispatchPointer( 4602698782000,4602797729000, 2, 600.444031, 1544.195679,0.20784314,0.06666667,0,0.0,0.0,65539,0, 0)
captureUserWait ( 10 )
captureDispatchPointer( 4602698782000,4602807776000, 2, 602.442200, 1519.208740,0.20784314,0.06666667,0,0.0,0.0,65539,0, 0)
captureUserWait ( 8 )
captureDispatchPointer( 4602698782000,4602816461000, 2, 604.440308, 1497.220215,0.20784314,0.06666667,0,0.0,0.0,65539,0, 0)
captureUserWait ( 9 )
captureDispatchPointer( 4602698782000,4602826429000, 2, 606.438477, 1473.232666,0.20784314,0.06666667,0,0.0,0.0,65539,0, 0)
captureUserWait ( 8 )
captureDispatchPointer( 4602698782000,4602835172000, 2, 608.436646, 1442.248779,0.20784314,0.06666667,0,0.0,0.0,65539,0, 0)
captureUserWait ( 9 )
captureDispatchPointer( 4602698782000,4602844476000, 2, 610.434814, 1416.262329,0.20784314,0.06666667,0,0.0,0.0,65539,0, 0)
captureUserWait ( 9 )
captureDispatchPointer( 4602698782000,4602854390000, 2, 613.432007, 1390.275879,0.20784314,0.06666667,0,0.0,0.0,65539,0, 0)
captureUserWait ( 9 )
captureDispatchPointer( 4602698782000,4602863819000, 2, 617.428284, 1360.291504,0.20784314,0.06666667,0,0.0,0.0,65539,0, 0)
captureUserWait ( 8 )
captureDispatchPointer( 4602698782000,4602872591000, 2, 620.425537, 1335.304443,0.20784314,0.06666667,0,0.0,0.0,65539,0, 0)
captureUserWait ( 9 )
captureDispatchPointer( 4602698782000,4602882047000, 2, 625.420898, 1310.317505,0.20784314,0.06666667,0,0.0,0.0,65539,0, 0)
captureUserWait ( 9 )
captureDispatchPointer( 4602698782000,4602891476000, 2, 629.417236, 1287.329468,0.20784314,0.06666667,0,0.0,0.0,65539,0, 0)
captureUserWait ( 9 )
captureDispatchPointer( 4602698782000,4602901288000, 2, 634.412598, 1268.339355,0.20784314,0.06666667,0,0.0,0.0,65539,0, 0)
captureUserWait ( 9 )
captureDispatchPointer( 4602698782000,4602910751000, 2, 638.408875, 1252.347656,0.20784314,0.06666667,0,0.0,0.0,65539,0, 0)
captureUserWait ( 9 )
captureDispatchPointer( 4602698782000,4602920233000, 2, 642.405212, 1237.355469,0.20784314,0.06666667,0,0.0,0.0,65539,0, 0)
captureUserWait ( 9 )
captureDispatchPointer( 4602698782000,4602929672000, 2, 647.400574, 1219.364868,0.20784314,0.06666667,0,0.0,0.0,65539,0, 0)
captureUserWait ( 9 )
captureDispatchPointer( 4602698782000,4602939118000, 2, 652.395935, 1198.375854,0.20784314,0.06666667,0,0.0,0.0,65539,0, 0)
captureUserWait ( 8 )
captureDispatchPointer( 4602698782000,4602947828000, 2, 657.391296, 1176.387329,0.20784314,0.06666667,0,0.0,0.0,65539,0, 0)
captureUserWait ( 10 )
captureDispatchPointer( 4602698782000,4602957899000, 2, 664.384827, 1149.401367,0.20784314,0.06666667,0,0.0,0.0,65539,0, 0)
captureUserWait ( 8 )
captureDispatchPointer( 4602698782000,4602966716000, 2, 674.375610, 1118.417480,0.20784314,0.06666667,0,0.0,0.0,65539,0, 0)
captureUserWait ( 9 )
captureDispatchPointer( 4602698782000,4602976644000, 2, 685.365417, 1090.432007,0.20784314,0.06666667,0,0.0,0.0,65539,0, 0)
captureUserWait ( 9 )
captureDispatchPointer( 4602698782000,4602985768000, 2, 694.357056, 1062.446655,0.20784314,0.06666667,0,0.0,0.0,65539,0, 0)
captureUserWait ( 8 )
captureDispatchPointer( 4602698782000,4602993974000, 1, 694.357056, 1062.446655,0.20784314,0.06666667,0,0.0,0.0,65539,0, 0)
captureUserWait ( 3565 )

# back
compareScreenshot(2014-09-22_06-40-28.jpg, 0, 0, 1080, 1920, 0, 1.0, 10)
captureDispatchKey( 0, 0, 0, 4, 0,0,0,0)
captureUserWait ( 119 )
captureDispatchKey( 0, 0, 1, 4, 0,0,0,0)
captureUserWait ( 2248 )

# back
compareScreenshot(2014-09-22_06-40-32.jpg, 0, 0, 1080, 1920, 0, 1.0, 10)
captureDispatchKey( 0, 0, 0, 4, 0,0,0,0)
captureUserWait ( 62 )
captureDispatchKey( 0, 0, 1, 4, 0,0,0,0)
captureUserWait ( 2062 )

# back
compareScreenshot(2014-09-22_06-40-35.jpg, 0, 0, 1080, 1920, 0, 1.0, 10)
captureDispatchKey( 0, 0, 0, 4, 0,0,0,0)
captureUserWait ( 60 )
captureDispatchKey( 0, 0, 1, 4, 0,0,0,0)
captureUserWait ( 2691 )

# home
compareScreenshot(2014-09-22_06-40-39.jpg, 0, 0, 1080, 1920, 0, 1.0, 10)
captureDispatchKey( 0, 0, 0, 3, 0,0,0,0)
captureUserWait ( 128 )
captureDispatchKey( 0, 0, 1, 3, 0,0,0,0)
captureUserWait ( 4587 )
