type=raw events 1
count= 1
speed=1.0
start data >>



## 21-tweet-on-twitter-2.txt

RunCmd(am start -n com.twitter.android/.MainActivity --activity-single-top)
captureUserWait ( 4500 )
compareScreenshot(2014-09-17_11-45-20.jpg, 0, 0, 1080, 1920, 0, 1.0, 10)
captureDispatchPointer( 17145966127000,17145966127000, 0, 187.826080, 328.828735,0.20784314,0.06666667,0,0.0,0.0,65539,0, 0)
captureUserWait ( 43 )
captureDispatchPointer( 17145966127000,17146009458000, 1, 187.826080, 328.828735,0.20784314,0.06666667,0,0.0,0.0,65539,0, 0)
captureUserWait ( 1183 )
compareScreenshot(2014-09-17_11-45-25.jpg, 0, 0, 1080, 1920, 0, 1.0, 10)
captureDispatchPointer( 17150193189000,17150193189000, 0, 324.699341, 1885.018188,0.20784314,0.06666667,0,0.0,0.0,65539,0, 0)
captureUserWait ( 17 )
captureDispatchPointer( 17150193189000,17150211133000, 2, 324.699341, 1885.018188,0.20784314,0.06666667,0,0.0,0.0,65539,0, 0)
captureUserWait ( 109 )
captureDispatchPointer( 17150193189000,17150321097000, 2, 324.699341, 1885.018188,0.20784314,0.06666667,0,0.0,0.0,65539,0, 0)
captureUserWait ( 8 )
captureDispatchPointer( 17150193189000,17150329242000, 1, 324.699341, 1885.018188,0.20784314,0.06666667,0,0.0,0.0,65539,0, 0)
captureUserWait ( 450 )
compareScreenshot(2014-09-17_11-45-33.jpg, 0, 0, 1080, 1920, 0, 1.0, 10)
captureDispatchPointer( 17158779982000,17158779982000, 0, 86.919518, 1685.122314,0.20784314,0.06666667,0,0.0,0.0,65539,0, 0)
captureUserWait ( 100 )
captureDispatchPointer( 17158779982000,17158880317000, 2, 86.919518, 1686.121826,0.20784314,0.06666667,0,0.0,0.0,65539,0, 0)
captureUserWait ( 17 )
captureDispatchPointer( 17158779982000,17158897482000, 1, 86.919518, 1686.121826,0.20784314,0.06666667,0,0.0,0.0,65539,0, 0)
captureUserWait ( 475 )
compareScreenshot(2014-09-17_11-45-36.jpg, 0, 0, 1080, 1920, 0, 1.0, 10)
captureDispatchPointer( 17161373120000,17161373120000, 0, 12.987974, 1650.140503,0.20784314,0.06666667,0,0.0,0.0,65539,0, 0)
captureUserWait ( 26 )
captureDispatchPointer( 17161373120000,17161399815000, 2, 18.982424, 1652.139526,0.20784314,0.06666667,0,0.0,0.0,65539,0, 0)
captureUserWait ( 9 )
captureDispatchPointer( 17161373120000,17161409089000, 2, 21.979649, 1653.138916,0.20784314,0.06666667,0,0.0,0.0,65539,0, 0)
captureUserWait ( 9 )
captureDispatchPointer( 17161373120000,17161418210000, 2, 25.975948, 1654.138428,0.20784314,0.06666667,0,0.0,0.0,65539,0, 0)
captureUserWait ( 9 )
captureDispatchPointer( 17161373120000,17161427405000, 2, 27.974098, 1655.137939,0.20784314,0.06666667,0,0.0,0.0,65539,0, 0)
captureUserWait ( 9 )
captureDispatchPointer( 17161373120000,17161436600000, 2, 29.972248, 1656.137329,0.20784314,0.06666667,0,0.0,0.0,65539,0, 0)
captureUserWait ( 9 )
captureDispatchPointer( 17161373120000,17161445753000, 2, 31.970398, 1657.136841,0.20784314,0.06666667,0,0.0,0.0,65539,0, 0)
captureUserWait ( 9 )
captureDispatchPointer( 17161373120000,17161454921000, 2, 33.968548, 1658.136353,0.20784314,0.06666667,0,0.0,0.0,65539,0, 0)
captureUserWait ( 9 )
captureDispatchPointer( 17161373120000,17161464121000, 2, 35.966698, 1659.135864,0.20784314,0.06666667,0,0.0,0.0,65539,0, 0)
captureUserWait ( 9 )
captureDispatchPointer( 17161373120000,17161473306000, 2, 37.964848, 1659.135864,0.20784314,0.06666667,0,0.0,0.0,65539,0, 0)
captureUserWait ( 9 )
captureDispatchPointer( 17161373120000,17161482513000, 2, 38.963921, 1659.135864,0.20784314,0.06666667,0,0.0,0.0,65539,0, 0)
captureUserWait ( 18 )
captureDispatchPointer( 17161373120000,17161501024000, 2, 39.962997, 1659.135864,0.20784314,0.06666667,0,0.0,0.0,65539,0, 0)
captureUserWait ( 26 )
captureDispatchPointer( 17161373120000,17161527533000, 1, 39.962997, 1659.135864,0.20784314,0.06666667,0,0.0,0.0,65539,0, 0)
captureUserWait ( 938 )
captureDispatchPointer( 17162466160000,17162466160000, 0, 763.293274, 1698.115479,0.20784314,0.06666667,0,0.0,0.0,65539,0, 0)
captureUserWait ( 8 )
captureDispatchPointer( 17162466160000,17162474710000, 2, 763.293274, 1698.115479,0.20784314,0.06666667,0,0.0,0.0,65539,0, 0)
captureUserWait ( 109 )
captureDispatchPointer( 17162466160000,17162583869000, 1, 763.293274, 1698.115479,0.20784314,0.06666667,0,0.0,0.0,65539,0, 0)
captureUserWait ( 50 )
compareScreenshot(2014-09-17_11-45-38.jpg, 0, 0, 1080, 1920, 0, 1.0, 10)
captureDispatchPointer( 17163634105000,17163634105000, 0, 918.149841, 1357.293091,0.20784314,0.06666667,0,0.0,0.0,65539,0, 0)
captureUserWait ( 34 )
captureDispatchPointer( 17163634105000,17163668873000, 2, 918.149841, 1357.293091,0.20784314,0.06666667,0,0.0,0.0,65539,0, 0)
captureUserWait ( 9 )
captureDispatchPointer( 17163634105000,17163678094000, 2, 918.149841, 1357.293091,0.20784314,0.06666667,0,0.0,0.0,65539,0, 0)
captureUserWait ( 8 )
captureDispatchPointer( 17163634105000,17163686144000, 1, 918.149841, 1357.293091,0.20784314,0.06666667,0,0.0,0.0,65539,0, 0)
captureUserWait ( 511 )
compareScreenshot(2014-09-17_11-45-40.jpg, 0, 0, 1080, 1920, 0, 1.0, 10)
captureDispatchPointer( 17165197238000,17165197238000, 0, 190.823318, 1339.302368,0.20784314,0.06666667,0,0.0,0.0,65539,0, 0)
captureUserWait ( 62 )
captureDispatchPointer( 17165197238000,17165259915000, 1, 190.823318, 1339.302368,0.20784314,0.06666667,0,0.0,0.0,65539,0, 0)
captureUserWait ( 445 )
compareScreenshot(2014-09-17_11-45-41.jpg, 0, 0, 1080, 1920, 0, 1.0, 10)
captureDispatchPointer( 17166705293000,17166705293000, 0, 569.472717, 1826.048828,0.20784314,0.06666667,0,0.0,0.0,65539,0, 0)
captureUserWait ( 72 )
captureDispatchPointer( 17166705293000,17166778137000, 2, 569.472717, 1826.048828,0.20784314,0.06666667,0,0.0,0.0,65539,0, 0)
captureUserWait ( 8 )
captureDispatchPointer( 17166705293000,17166786453000, 1, 569.472717, 1826.048828,0.20784314,0.06666667,0,0.0,0.0,65539,0, 0)
captureUserWait ( 838 )
compareScreenshot(2014-09-17_11-45-46.jpg, 0, 0, 1080, 1920, 0, 1.0, 10)
captureDispatchPointer( 17171625059000,17171625059000, 0, 230.786316, 1527.204590,0.20784314,0.06666667,0,0.0,0.0,65539,0, 0)
captureUserWait ( 107 )
captureDispatchPointer( 17171625059000,17171732809000, 1, 230.786316, 1527.204590,0.20784314,0.06666667,0,0.0,0.0,65539,0, 0)
captureUserWait ( 957 )
captureDispatchPointer( 17172689877000,17172689877000, 0, 500.536530, 1356.293579,0.20784314,0.06666667,0,0.0,0.0,65539,0, 0)
captureUserWait ( 17 )
captureDispatchPointer( 17172689877000,17172707557000, 2, 500.536530, 1357.293091,0.20784314,0.06666667,0,0.0,0.0,65539,0, 0)
captureUserWait ( 9 )
captureDispatchPointer( 17172689877000,17172716800000, 2, 500.536530, 1358.292480,0.20784314,0.06666667,0,0.0,0.0,65539,0, 0)
captureUserWait ( 9 )
captureDispatchPointer( 17172689877000,17172726040000, 2, 500.536530, 1359.291992,0.20784314,0.06666667,0,0.0,0.0,65539,0, 0)
captureUserWait ( 9 )
captureDispatchPointer( 17172689877000,17172735257000, 2, 500.536530, 1360.291504,0.20784314,0.06666667,0,0.0,0.0,65539,0, 0)
captureUserWait ( 9 )
captureDispatchPointer( 17172689877000,17172744627000, 2, 500.536530, 1360.291504,0.20784314,0.06666667,0,0.0,0.0,65539,0, 0)
captureUserWait ( 8 )
captureDispatchPointer( 17172689877000,17172753619000, 2, 500.536530, 1360.291504,0.20784314,0.06666667,0,0.0,0.0,65539,0, 0)
captureUserWait ( 35 )
captureDispatchPointer( 17172689877000,17172789434000, 1, 500.536530, 1360.291504,0.20784314,0.06666667,0,0.0,0.0,65539,0, 0)
captureUserWait ( 686 )
compareScreenshot(2014-09-17_11-45-49.jpg, 0, 0, 1080, 1920, 0, 1.0, 10)
captureDispatchPointer( 17174475434000,17174475434000, 0, 119.888992, 1525.205566,0.20784314,0.06666667,0,0.0,0.0,65539,0, 0)
captureUserWait ( 43 )
captureDispatchPointer( 17174475434000,17174519022000, 1, 119.888992, 1525.205566,0.20784314,0.06666667,0,0.0,0.0,65539,0, 0)
captureUserWait ( 238 )
compareScreenshot(2014-09-17_11-45-50.jpg, 0, 0, 1080, 1920, 0, 1.0, 10)
captureDispatchPointer( 17175757354000,17175757354000, 0, 385.642914, 1360.291504,0.20784314,0.06666667,0,0.0,0.0,65539,0, 0)
captureUserWait ( 8 )
captureDispatchPointer( 17175757354000,17175765868000, 2, 385.642914, 1360.291504,0.20784314,0.06666667,0,0.0,0.0,65539,0, 0)
captureUserWait ( 27 )
captureDispatchPointer( 17175757354000,17175793484000, 2, 385.642914, 1360.291504,0.20784314,0.06666667,0,0.0,0.0,65539,0, 0)
captureUserWait ( 45 )
captureDispatchPointer( 17175757354000,17175839479000, 2, 385.642914, 1360.291504,0.20784314,0.06666667,0,0.0,0.0,65539,0, 0)
captureUserWait ( 26 )
captureDispatchPointer( 17175757354000,17175865873000, 1, 385.642914, 1360.291504,0.20784314,0.06666667,0,0.0,0.0,65539,0, 0)
captureUserWait ( 820 )
compareScreenshot(2014-09-17_11-45-52.jpg, 0, 0, 1080, 1920, 0, 1.0, 10)
captureDispatchPointer( 17177686847000,17177686847000, 0, 496.540253, 1349.297241,0.20784314,0.06666667,0,0.0,0.0,65539,0, 0)
captureUserWait ( 34 )
captureDispatchPointer( 17177686847000,17177721351000, 1, 496.540253, 1349.297241,0.20784314,0.06666667,0,0.0,0.0,65539,0, 0)
captureUserWait ( 832 )
compareScreenshot(2014-09-17_11-45-58.jpg, 0, 0, 1080, 1920, 0, 1.0, 10)
captureDispatchPointer( 17183553923000,17183553923000, 0, 636.410706, 1825.049438,0.20784314,0.06666667,0,0.0,0.0,65539,0, 0)
captureUserWait ( 7 )
captureDispatchPointer( 17183553923000,17183561657000, 2, 636.410706, 1825.049438,0.20784314,0.06666667,0,0.0,0.0,65539,0, 0)
captureUserWait ( 9 )
captureDispatchPointer( 17183553923000,17183570848000, 2, 636.410706, 1825.049438,0.20784314,0.06666667,0,0.0,0.0,65539,0, 0)
captureUserWait ( 9 )
captureDispatchPointer( 17183553923000,17183579987000, 2, 636.410706, 1826.048828,0.20784314,0.06666667,0,0.0,0.0,65539,0, 0)
captureUserWait ( 9 )
captureDispatchPointer( 17183553923000,17183589238000, 2, 636.410706, 1827.048340,0.20784314,0.06666667,0,0.0,0.0,65539,0, 0)
captureUserWait ( 9 )
captureDispatchPointer( 17183553923000,17183598419000, 2, 636.410706, 1828.047852,0.20784314,0.06666667,0,0.0,0.0,65539,0, 0)
captureUserWait ( 9 )
captureDispatchPointer( 17183553923000,17183607649000, 2, 636.410706, 1828.047852,0.20784314,0.06666667,0,0.0,0.0,65539,0, 0)
captureUserWait ( 9 )
captureDispatchPointer( 17183553923000,17183616863000, 2, 636.410706, 1829.047363,0.20784314,0.06666667,0,0.0,0.0,65539,0, 0)
captureUserWait ( 18 )
captureDispatchPointer( 17183553923000,17183635162000, 2, 636.410706, 1829.047363,0.20784314,0.06666667,0,0.0,0.0,65539,0, 0)
captureUserWait ( 18 )
captureDispatchPointer( 17183553923000,17183653503000, 2, 636.410706, 1829.047363,0.20784314,0.06666667,0,0.0,0.0,65539,0, 0)
captureUserWait ( 8 )
captureDispatchPointer( 17183553923000,17183661802000, 1, 636.410706, 1829.047363,0.20784314,0.06666667,0,0.0,0.0,65539,0, 0)
captureUserWait ( 201 )
compareScreenshot(2014-09-17_11-45-59.jpg, 0, 0, 1080, 1920, 0, 1.0, 10)
captureDispatchPointer( 17184863229000,17184863229000, 0, 187.826080, 1348.297729,0.20784314,0.06666667,0,0.0,0.0,65539,0, 0)
captureUserWait ( 8 )
captureDispatchPointer( 17184863229000,17184871951000, 2, 187.826080, 1348.297729,0.20784314,0.06666667,0,0.0,0.0,65539,0, 0)
captureUserWait ( 9 )
captureDispatchPointer( 17184863229000,17184880976000, 2, 186.827011, 1348.297729,0.20784314,0.06666667,0,0.0,0.0,65539,0, 0)
captureUserWait ( 9 )
captureDispatchPointer( 17184863229000,17184890145000, 2, 185.827942, 1348.297729,0.20784314,0.06666667,0,0.0,0.0,65539,0, 0)
captureUserWait ( 9 )
captureDispatchPointer( 17184863229000,17184899375000, 2, 184.828857, 1348.297729,0.20784314,0.06666667,0,0.0,0.0,65539,0, 0)
captureUserWait ( 9 )
captureDispatchPointer( 17184863229000,17184908556000, 2, 183.829788, 1348.297729,0.20784314,0.06666667,0,0.0,0.0,65539,0, 0)
captureUserWait ( 9 )
captureDispatchPointer( 17184863229000,17184917747000, 2, 183.829788, 1349.297241,0.20784314,0.06666667,0,0.0,0.0,65539,0, 0)
captureUserWait ( 9 )
captureDispatchPointer( 17184863229000,17184927022000, 2, 183.829788, 1350.296631,0.20784314,0.06666667,0,0.0,0.0,65539,0, 0)
captureUserWait ( 9 )
captureDispatchPointer( 17184863229000,17184936101000, 2, 183.829788, 1351.296143,0.20784314,0.06666667,0,0.0,0.0,65539,0, 0)
captureUserWait ( 9 )
captureDispatchPointer( 17184863229000,17184945350000, 2, 183.829788, 1352.295654,0.20784314,0.06666667,0,0.0,0.0,65539,0, 0)
captureUserWait ( 9 )
captureDispatchPointer( 17184863229000,17184954537000, 2, 183.829788, 1353.295166,0.20784314,0.06666667,0,0.0,0.0,65539,0, 0)
captureUserWait ( 46 )
captureDispatchPointer( 17184863229000,17185000904000, 2, 183.829788, 1353.295166,0.20784314,0.06666667,0,0.0,0.0,65539,0, 0)
captureUserWait ( 7 )
captureDispatchPointer( 17184863229000,17185008790000, 1, 183.829788, 1353.295166,0.20784314,0.06666667,0,0.0,0.0,65539,0, 0)
captureUserWait ( 882 )
captureDispatchPointer( 17185891775000,17185891775000, 0, 125.883438, 1524.206055,0.20784314,0.06666667,0,0.0,0.0,65539,0, 0)
captureUserWait ( 45 )
captureDispatchPointer( 17185891775000,17185937135000, 2, 125.883438, 1524.206055,0.20784314,0.06666667,0,0.0,0.0,65539,0, 0)
captureUserWait ( 9 )
captureDispatchPointer( 17185891775000,17185946445000, 2, 125.883438, 1524.206055,0.20784314,0.06666667,0,0.0,0.0,65539,0, 0)
captureUserWait ( 27 )
captureDispatchPointer( 17185891775000,17185973919000, 2, 125.883438, 1524.206055,0.20784314,0.06666667,0,0.0,0.0,65539,0, 0)
captureUserWait ( 27 )
captureDispatchPointer( 17185891775000,17186001470000, 2, 125.883438, 1524.206055,0.20784314,0.06666667,0,0.0,0.0,65539,0, 0)
captureUserWait ( 8 )
captureDispatchPointer( 17185891775000,17186010090000, 1, 125.883438, 1524.206055,0.20784314,0.06666667,0,0.0,0.0,65539,0, 0)
captureUserWait ( 192 )
compareScreenshot(2014-09-17_11-46-02.jpg, 0, 0, 1080, 1920, 0, 1.0, 10)
captureDispatchPointer( 17187202283000,17187202283000, 0, 482.553192, 1351.296143,0.20784314,0.06666667,0,0.0,0.0,65539,0, 0)
captureUserWait ( 45 )
captureDispatchPointer( 17187202283000,17187247433000, 2, 482.553192, 1351.296143,0.20784314,0.06666667,0,0.0,0.0,65539,0, 0)
captureUserWait ( 8 )
captureDispatchPointer( 17187202283000,17187255755000, 1, 482.553192, 1351.296143,0.20784314,0.06666667,0,0.0,0.0,65539,0, 0)
captureUserWait ( 57 )
compareScreenshot(2014-09-17_11-46-03.jpg, 0, 0, 1080, 1920, 0, 1.0, 10)
captureDispatchPointer( 17188313444000,17188313444000, 0, 437.594818, 1697.116089,0.20784314,0.06666667,0,0.0,0.0,65539,0, 0)
captureUserWait ( 8 )
captureDispatchPointer( 17188313444000,17188322022000, 2, 437.594818, 1697.116089,0.20784314,0.06666667,0,0.0,0.0,65539,0, 0)
captureUserWait ( 55 )
captureDispatchPointer( 17188313444000,17188377104000, 2, 437.594818, 1697.116089,0.20784314,0.06666667,0,0.0,0.0,65539,0, 0)
captureUserWait ( 9 )
captureDispatchPointer( 17188313444000,17188386296000, 2, 437.594818, 1697.116089,0.20784314,0.06666667,0,0.0,0.0,65539,0, 0)
captureUserWait ( 18 )
captureDispatchPointer( 17188313444000,17188404686000, 2, 437.594818, 1697.116089,0.20784314,0.06666667,0,0.0,0.0,65539,0, 0)
captureUserWait ( 9 )
captureDispatchPointer( 17188313444000,17188413875000, 2, 437.594818, 1697.116089,0.20784314,0.06666667,0,0.0,0.0,65539,0, 0)
captureUserWait ( 8 )
captureDispatchPointer( 17188313444000,17188421898000, 1, 437.594818, 1697.116089,0.20784314,0.06666667,0,0.0,0.0,65539,0, 0)
captureUserWait ( 159 )
compareScreenshot(2014-09-17_11-46-04.jpg, 0, 0, 1080, 1920, 0, 1.0, 10)
captureDispatchPointer( 17189581318000,17189581318000, 0, 638.408875, 1520.208130,0.20784314,0.06666667,0,0.0,0.0,65539,0, 0)
captureUserWait ( 27 )
captureDispatchPointer( 17189581318000,17189608637000, 2, 638.408875, 1520.208130,0.20784314,0.06666667,0,0.0,0.0,65539,0, 0)
captureUserWait ( 8 )
captureDispatchPointer( 17189581318000,17189617265000, 2, 638.408875, 1520.208130,0.20784314,0.06666667,0,0.0,0.0,65539,0, 0)
captureUserWait ( 18 )
captureDispatchPointer( 17189581318000,17189635651000, 2, 638.408875, 1520.208130,0.20784314,0.06666667,0,0.0,0.0,65539,0, 0)
captureUserWait ( 18 )
captureDispatchPointer( 17189581318000,17189654030000, 2, 638.408875, 1520.208130,0.20784314,0.06666667,0,0.0,0.0,65539,0, 0)
captureUserWait ( 26 )
captureDispatchPointer( 17189581318000,17189680652000, 1, 638.408875, 1520.208130,0.20784314,0.06666667,0,0.0,0.0,65539,0, 0)
captureUserWait ( 382 )
compareScreenshot(2014-09-17_11-46-07.jpg, 0, 0, 1080, 1920, 0, 1.0, 10)
captureDispatchPointer( 17192063521000,17192063521000, 0, 812.247925, 1373.284668,0.20784314,0.06666667,0,0.0,0.0,65539,0, 0)
captureUserWait ( 71 )
captureDispatchPointer( 17192063521000,17192135044000, 1, 812.247925, 1373.284668,0.20784314,0.06666667,0,0.0,0.0,65539,0, 0)
captureUserWait ( 49 )
compareScreenshot(2014-09-17_11-46-08.jpg, 0, 0, 1080, 1920, 0, 1.0, 10)
captureDispatchPointer( 17193184459000,17193184459000, 0, 749.306213, 1687.121216,0.20784314,0.06666667,0,0.0,0.0,65539,0, 0)
captureUserWait ( 35 )
captureDispatchPointer( 17193184459000,17193219941000, 2, 749.306213, 1687.121216,0.20784314,0.06666667,0,0.0,0.0,65539,0, 0)
captureUserWait ( 8 )
captureDispatchPointer( 17193184459000,17193228036000, 1, 749.306213, 1687.121216,0.20784314,0.06666667,0,0.0,0.0,65539,0, 0)
captureUserWait ( 993 )
captureDispatchPointer( 17194221478000,17194221478000, 0, 546.494019, 1536.199829,0.20784314,0.06666667,0,0.0,0.0,65539,0, 0)
captureUserWait ( 91 )
captureDispatchPointer( 17194221478000,17194312879000, 2, 546.494019, 1536.199829,0.20784314,0.06666667,0,0.0,0.0,65539,0, 0)
captureUserWait ( 7 )
captureDispatchPointer( 17194221478000,17194320825000, 1, 546.494019, 1536.199829,0.20784314,0.06666667,0,0.0,0.0,65539,0, 0)
captureUserWait ( 755 )
compareScreenshot(2014-09-17_11-46-11.jpg, 0, 0, 1080, 1920, 0, 1.0, 10)
captureDispatchPointer( 17196076438000,17196076438000, 0, 597.446838, 1838.042603,0.20784314,0.06666667,0,0.0,0.0,65539,0, 0)
captureUserWait ( 98 )
captureDispatchPointer( 17196076438000,17196175213000, 1, 597.446838, 1838.042603,0.20784314,0.06666667,0,0.0,0.0,65539,0, 0)
captureUserWait ( 302 )
compareScreenshot(2014-09-17_11-46-12.jpg, 0, 0, 1080, 1920, 0, 1.0, 10)
captureDispatchPointer( 17197477718000,17197477718000, 0, 125.883438, 1541.197266,0.20784314,0.06666667,0,0.0,0.0,65539,0, 0)
captureUserWait ( 8 )
captureDispatchPointer( 17197477718000,17197486368000, 2, 125.883438, 1541.197266,0.20784314,0.06666667,0,0.0,0.0,65539,0, 0)
captureUserWait ( 36 )
captureDispatchPointer( 17197477718000,17197523170000, 2, 125.883438, 1541.197266,0.20784314,0.06666667,0,0.0,0.0,65539,0, 0)
captureUserWait ( 64 )
captureDispatchPointer( 17197477718000,17197587466000, 2, 125.883438, 1541.197266,0.20784314,0.06666667,0,0.0,0.0,65539,0, 0)
captureUserWait ( 9 )
captureDispatchPointer( 17197477718000,17197596897000, 2, 125.883438, 1541.197266,0.20784314,0.06666667,0,0.0,0.0,65539,0, 0)
captureUserWait ( 7 )
captureDispatchPointer( 17197477718000,17197604655000, 1, 125.883438, 1541.197266,0.20784314,0.06666667,0,0.0,0.0,65539,0, 0)
captureUserWait ( 821 )
compareScreenshot(2014-09-17_11-46-14.jpg, 0, 0, 1080, 1920, 0, 1.0, 10)
captureDispatchPointer( 17199426008000,17199426008000, 0, 527.511597, 1833.045288,0.20784314,0.06666667,0,0.0,0.0,65539,0, 0)
captureUserWait ( 53 )
captureDispatchPointer( 17199426008000,17199479064000, 2, 527.511597, 1833.045288,0.20784314,0.06666667,0,0.0,0.0,65539,0, 0)
captureUserWait ( 8 )
captureDispatchPointer( 17199426008000,17199487358000, 1, 527.511597, 1833.045288,0.20784314,0.06666667,0,0.0,0.0,65539,0, 0)
captureUserWait ( 929 )
captureDispatchPointer( 17200416487000,17200416487000, 0, 442.590210, 1533.201416,0.20784314,0.06666667,0,0.0,0.0,65539,0, 0)
captureUserWait ( 91 )
captureDispatchPointer( 17200416487000,17200507687000, 2, 442.590210, 1533.201416,0.20784314,0.06666667,0,0.0,0.0,65539,0, 0)
captureUserWait ( 8 )
captureDispatchPointer( 17200416487000,17200515816000, 1, 442.590210, 1533.201416,0.20784314,0.06666667,0,0.0,0.0,65539,0, 0)
captureUserWait ( 584 )
compareScreenshot(2014-09-17_11-46-17.jpg, 0, 0, 1080, 1920, 0, 1.0, 10)
captureDispatchPointer( 17202100362000,17202100362000, 0, 919.148926, 1346.298828,0.20784314,0.06666667,0,0.0,0.0,65539,0, 0)
captureUserWait ( 118 )
captureDispatchPointer( 17202100362000,17202219103000, 2, 919.148926, 1346.298828,0.20784314,0.06666667,0,0.0,0.0,65539,0, 0)
captureUserWait ( 18 )
captureDispatchPointer( 17202100362000,17202237205000, 2, 919.148926, 1346.298828,0.20784314,0.06666667,0,0.0,0.0,65539,0, 0)
captureUserWait ( 8 )
captureDispatchPointer( 17202100362000,17202245338000, 1, 919.148926, 1346.298828,0.20784314,0.06666667,0,0.0,0.0,65539,0, 0)
captureUserWait ( 831 )
captureDispatchPointer( 17203076830000,17203076830000, 0, 913.154480, 1343.300293,0.20784314,0.06666667,0,0.0,0.0,65539,0, 0)
captureUserWait ( 110 )
captureDispatchPointer( 17203076830000,17203186887000, 2, 913.154480, 1343.300293,0.20784314,0.06666667,0,0.0,0.0,65539,0, 0)
captureUserWait ( 7 )
captureDispatchPointer( 17203076830000,17203194772000, 1, 913.154480, 1343.300293,0.20784314,0.06666667,0,0.0,0.0,65539,0, 0)
captureUserWait ( 498 )
compareScreenshot(2014-09-17_11-46-19.jpg, 0, 0, 1080, 1920, 0, 1.0, 10)
captureDispatchPointer( 17204693457000,17204693457000, 0, 335.689178, 1526.205078,0.20784314,0.06666667,0,0.0,0.0,65539,0, 0)
captureUserWait ( 89 )
captureDispatchPointer( 17204693457000,17204782966000, 1, 335.689178, 1526.205078,0.20784314,0.06666667,0,0.0,0.0,65539,0, 0)
captureUserWait ( 406 )
compareScreenshot(2014-09-17_11-46-23.jpg, 0, 0, 1080, 1920, 0, 1.0, 10)
captureDispatchPointer( 17208189433000,17208189433000, 0, 1059.019409, 1643.144165,0.20784314,0.06666667,0,0.0,0.0,65539,0, 0)
captureUserWait ( 7 )
captureDispatchPointer( 17208189433000,17208197180000, 2, 1059.019409, 1643.144165,0.20784314,0.06666667,0,0.0,0.0,65539,0, 0)
captureUserWait ( 9 )
captureDispatchPointer( 17208189433000,17208206698000, 2, 1058.020386, 1643.144165,0.20784314,0.06666667,0,0.0,0.0,65539,0, 0)
captureUserWait ( 8 )
captureDispatchPointer( 17208189433000,17208215612000, 2, 1057.021240, 1643.144165,0.20784314,0.06666667,0,0.0,0.0,65539,0, 0)
captureUserWait ( 9 )
captureDispatchPointer( 17208189433000,17208224798000, 2, 1056.022217, 1643.144165,0.20784314,0.06666667,0,0.0,0.0,65539,0, 0)
captureUserWait ( 9 )
captureDispatchPointer( 17208189433000,17208234012000, 2, 1055.023193, 1643.144165,0.20784314,0.06666667,0,0.0,0.0,65539,0, 0)
captureUserWait ( 9 )
captureDispatchPointer( 17208189433000,17208243193000, 2, 1054.024048, 1643.144165,0.20784314,0.06666667,0,0.0,0.0,65539,0, 0)
captureUserWait ( 9 )
captureDispatchPointer( 17208189433000,17208252401000, 2, 1053.025024, 1643.144165,0.20784314,0.06666667,0,0.0,0.0,65539,0, 0)
captureUserWait ( 9 )
captureDispatchPointer( 17208189433000,17208261624000, 2, 1052.025879, 1643.144165,0.20784314,0.06666667,0,0.0,0.0,65539,0, 0)
captureUserWait ( 9 )
captureDispatchPointer( 17208189433000,17208270768000, 2, 1052.025879, 1643.144165,0.20784314,0.06666667,0,0.0,0.0,65539,0, 0)
captureUserWait ( 36 )
captureDispatchPointer( 17208189433000,17208307454000, 2, 1052.025879, 1643.144165,0.20784314,0.06666667,0,0.0,0.0,65539,0, 0)
captureUserWait ( 8 )
captureDispatchPointer( 17208189433000,17208315771000, 1, 1052.025879, 1643.144165,0.20784314,0.06666667,0,0.0,0.0,65539,0, 0)
captureUserWait ( 85 )
compareScreenshot(2014-09-17_11-46-24.jpg, 0, 0, 1080, 1920, 0, 1.0, 10)
captureDispatchPointer( 17209401204000,17209401204000, 0, 485.550415, 1358.292480,0.20784314,0.06666667,0,0.0,0.0,65539,0, 0)
captureUserWait ( 62 )
captureDispatchPointer( 17209401204000,17209464025000, 1, 485.550415, 1358.292480,0.20784314,0.06666667,0,0.0,0.0,65539,0, 0)
captureUserWait ( 401 )
compareScreenshot(2014-09-17_11-46-25.jpg, 0, 0, 1080, 1920, 0, 1.0, 10)
captureDispatchPointer( 17210865749000,17210865749000, 0, 661.387634, 1698.115479,0.20784314,0.06666667,0,0.0,0.0,65539,0, 0)
captureUserWait ( 8 )
captureDispatchPointer( 17210865749000,17210874306000, 2, 661.387634, 1698.115479,0.20784314,0.06666667,0,0.0,0.0,65539,0, 0)
captureUserWait ( 27 )
captureDispatchPointer( 17210865749000,17210901877000, 2, 661.387634, 1698.115479,0.20784314,0.06666667,0,0.0,0.0,65539,0, 0)
captureUserWait ( 18 )
captureDispatchPointer( 17210865749000,17210920352000, 2, 661.387634, 1698.115479,0.20784314,0.06666667,0,0.0,0.0,65539,0, 0)
captureUserWait ( 9 )
captureDispatchPointer( 17210865749000,17210929519000, 2, 661.387634, 1698.115479,0.20784314,0.06666667,0,0.0,0.0,65539,0, 0)
captureUserWait ( 18 )
captureDispatchPointer( 17210865749000,17210947734000, 2, 661.387634, 1698.115479,0.20784314,0.06666667,0,0.0,0.0,65539,0, 0)
captureUserWait ( 8 )
captureDispatchPointer( 17210865749000,17210955855000, 1, 661.387634, 1698.115479,0.20784314,0.06666667,0,0.0,0.0,65539,0, 0)
captureUserWait ( 831 )
captureDispatchPointer( 17211787435000,17211787435000, 0, 134.875122, 1536.199829,0.20784314,0.06666667,0,0.0,0.0,65539,0, 0)
captureUserWait ( 63 )
captureDispatchPointer( 17211787435000,17211851096000, 2, 134.875122, 1536.199829,0.20784314,0.06666667,0,0.0,0.0,65539,0, 0)
captureUserWait ( 8 )
captureDispatchPointer( 17211787435000,17211859183000, 1, 134.875122, 1536.199829,0.20784314,0.06666667,0,0.0,0.0,65539,0, 0)
captureUserWait ( 931 )
compareScreenshot(2014-09-17_11-46-28.jpg, 0, 0, 1080, 1920, 0, 1.0, 10)
captureDispatchPointer( 17213790194000,17213790194000, 0, 976.096191, 1510.213379,0.20784314,0.06666667,0,0.0,0.0,65539,0, 0)
captureUserWait ( 7 )
captureDispatchPointer( 17213790194000,17213797926000, 2, 977.095276, 1510.213379,0.20784314,0.06666667,0,0.0,0.0,65539,0, 0)
captureUserWait ( 9 )
captureDispatchPointer( 17213790194000,17213807135000, 2, 978.094360, 1510.213379,0.20784314,0.06666667,0,0.0,0.0,65539,0, 0)
captureUserWait ( 9 )
captureDispatchPointer( 17213790194000,17213816353000, 2, 979.093445, 1511.212891,0.20784314,0.06666667,0,0.0,0.0,65539,0, 0)
captureUserWait ( 9 )
captureDispatchPointer( 17213790194000,17213825503000, 2, 980.092529, 1511.212891,0.20784314,0.06666667,0,0.0,0.0,65539,0, 0)
captureUserWait ( 9 )
captureDispatchPointer( 17213790194000,17213834708000, 2, 981.091614, 1511.212891,0.20784314,0.06666667,0,0.0,0.0,65539,0, 0)
captureUserWait ( 18 )
captureDispatchPointer( 17213790194000,17213853108000, 2, 982.090637, 1511.212891,0.20784314,0.06666667,0,0.0,0.0,65539,0, 0)
captureUserWait ( 45 )
captureDispatchPointer( 17213790194000,17213898969000, 2, 982.090637, 1511.212891,0.20784314,0.06666667,0,0.0,0.0,65539,0, 0)
captureUserWait ( 18 )
captureDispatchPointer( 17213790194000,17213917319000, 2, 983.089722, 1511.212891,0.20784314,0.06666667,0,0.0,0.0,65539,0, 0)
captureUserWait ( 9 )
captureDispatchPointer( 17213790194000,17213926527000, 2, 984.088806, 1511.212891,0.20784314,0.06666667,0,0.0,0.0,65539,0, 0)
captureUserWait ( 8 )
captureDispatchPointer( 17213790194000,17213934839000, 1, 984.088806, 1511.212891,0.20784314,0.06666667,0,0.0,0.0,65539,0, 0)
captureUserWait ( 402 )
captureDispatchPointer( 17214337586000,17214337586000, 0, 988.085083, 1505.215942,0.20784314,0.06666667,0,0.0,0.0,65539,0, 0)
captureUserWait ( 99 )
captureDispatchPointer( 17214337586000,17214437067000, 1, 988.085083, 1505.215942,0.20784314,0.06666667,0,0.0,0.0,65539,0, 0)
captureUserWait ( 209 )
compareScreenshot(2014-09-17_11-46-33.jpg, 0, 0, 1080, 1920, 0, 1.0, 10)
captureDispatchPointer( 17218646659000,17218646659000, 0, 552.488464, 1830.046753,0.20784314,0.06666667,0,0.0,0.0,65539,0, 0)
captureUserWait ( 34 )
captureDispatchPointer( 17218646659000,17218681051000, 2, 552.488464, 1831.046265,0.20784314,0.06666667,0,0.0,0.0,65539,0, 0)
captureUserWait ( 18 )
captureDispatchPointer( 17218646659000,17218699320000, 2, 552.488464, 1832.045776,0.20784314,0.06666667,0,0.0,0.0,65539,0, 0)
captureUserWait ( 8 )
captureDispatchPointer( 17218646659000,17218707394000, 1, 552.488464, 1832.045776,0.20784314,0.06666667,0,0.0,0.0,65539,0, 0)
captureUserWait ( 20 )
compareScreenshot(2014-09-17_11-46-34.jpg, 0, 0, 1080, 1920, 0, 1.0, 10)
captureDispatchPointer( 17219728338000,17219728338000, 0, 558.482910, 1501.218018,0.20784314,0.06666667,0,0.0,0.0,65539,0, 0)
captureUserWait ( 8 )
captureDispatchPointer( 17219728338000,17219737084000, 2, 558.482910, 1501.218018,0.20784314,0.06666667,0,0.0,0.0,65539,0, 0)
captureUserWait ( 18 )
captureDispatchPointer( 17219728338000,17219755198000, 2, 558.482910, 1501.218018,0.20784314,0.06666667,0,0.0,0.0,65539,0, 0)
captureUserWait ( 72 )
captureDispatchPointer( 17219728338000,17219827824000, 1, 558.482910, 1501.218018,0.20784314,0.06666667,0,0.0,0.0,65539,0, 0)
captureUserWait ( 75 )
compareScreenshot(2014-09-17_11-46-35.jpg, 0, 0, 1080, 1920, 0, 1.0, 10)
captureDispatchPointer( 17220903814000,17220903814000, 0, 120.888069, 1528.203979,0.20784314,0.06666667,0,0.0,0.0,65539,0, 0)
captureUserWait ( 54 )
captureDispatchPointer( 17220903814000,17220958359000, 2, 120.888069, 1528.203979,0.20784314,0.06666667,0,0.0,0.0,65539,0, 0)
captureUserWait ( 101 )
captureDispatchPointer( 17220903814000,17221059590000, 2, 120.888069, 1528.203979,0.20784314,0.06666667,0,0.0,0.0,65539,0, 0)
captureUserWait ( 7 )
captureDispatchPointer( 17220903814000,17221067550000, 1, 120.888069, 1528.203979,0.20784314,0.06666667,0,0.0,0.0,65539,0, 0)
captureUserWait ( 50 )
compareScreenshot(2014-09-17_11-46-37.jpg, 0, 0, 1080, 1920, 0, 1.0, 10)
captureDispatchPointer( 17222118283000,17222118283000, 0, 870.194275, 1690.119629,0.20784314,0.06666667,0,0.0,0.0,65539,0, 0)
captureUserWait ( 34 )
captureDispatchPointer( 17222118283000,17222152328000, 2, 870.194275, 1690.119629,0.20784314,0.06666667,0,0.0,0.0,65539,0, 0)
captureUserWait ( 18 )
captureDispatchPointer( 17222118283000,17222170797000, 2, 870.194275, 1690.119629,0.20784314,0.06666667,0,0.0,0.0,65539,0, 0)
captureUserWait ( 9 )
captureDispatchPointer( 17222118283000,17222179970000, 2, 870.194275, 1690.119629,0.20784314,0.06666667,0,0.0,0.0,65539,0, 0)
captureUserWait ( 9 )
captureDispatchPointer( 17222118283000,17222189119000, 2, 870.194275, 1690.119629,0.20784314,0.06666667,0,0.0,0.0,65539,0, 0)
captureUserWait ( 9 )
captureDispatchPointer( 17222118283000,17222198288000, 2, 870.194275, 1690.119629,0.20784314,0.06666667,0,0.0,0.0,65539,0, 0)
captureUserWait ( 9 )
captureDispatchPointer( 17222118283000,17222207508000, 2, 870.194275, 1690.119629,0.20784314,0.06666667,0,0.0,0.0,65539,0, 0)
captureUserWait ( 9 )
captureDispatchPointer( 17222118283000,17222216687000, 2, 870.194275, 1690.119629,0.20784314,0.06666667,0,0.0,0.0,65539,0, 0)
captureUserWait ( 8 )
captureDispatchPointer( 17222118283000,17222224733000, 1, 870.194275, 1690.119629,0.20784314,0.06666667,0,0.0,0.0,65539,0, 0)
captureUserWait ( 112 )
compareScreenshot(2014-09-17_11-46-38.jpg, 0, 0, 1080, 1920, 0, 1.0, 10)
captureDispatchPointer( 17223337400000,17223337400000, 0, 281.739136, 1357.293091,0.20784314,0.06666667,0,0.0,0.0,65539,0, 0)
captureUserWait ( 9 )
captureDispatchPointer( 17223337400000,17223346418000, 2, 281.739136, 1357.293091,0.20784314,0.06666667,0,0.0,0.0,65539,0, 0)
captureUserWait ( 36 )
captureDispatchPointer( 17223337400000,17223383172000, 2, 281.739136, 1357.293091,0.20784314,0.06666667,0,0.0,0.0,65539,0, 0)
captureUserWait ( 26 )
captureDispatchPointer( 17223337400000,17223409708000, 1, 281.739136, 1357.293091,0.20784314,0.06666667,0,0.0,0.0,65539,0, 0)
captureUserWait ( 374 )
compareScreenshot(2014-09-17_11-46-39.jpg, 0, 0, 1080, 1920, 0, 1.0, 10)
captureDispatchPointer( 17224783719000,17224783719000, 0, 564.477356, 1822.051025,0.20784314,0.06666667,0,0.0,0.0,65539,0, 0)
captureUserWait ( 54 )
captureDispatchPointer( 17224783719000,17224838224000, 2, 564.477356, 1822.051025,0.20784314,0.06666667,0,0.0,0.0,65539,0, 0)
captureUserWait ( 27 )
captureDispatchPointer( 17224783719000,17224865812000, 2, 564.477356, 1822.051025,0.20784314,0.06666667,0,0.0,0.0,65539,0, 0)
captureUserWait ( 9 )
captureDispatchPointer( 17224783719000,17224874993000, 2, 564.477356, 1822.051025,0.20784314,0.06666667,0,0.0,0.0,65539,0, 0)
captureUserWait ( 8 )
captureDispatchPointer( 17224783719000,17224883278000, 1, 564.477356, 1822.051025,0.20784314,0.06666667,0,0.0,0.0,65539,0, 0)
captureUserWait ( 48 )
compareScreenshot(2014-09-17_11-46-40.jpg, 0, 0, 1080, 1920, 0, 1.0, 10)
captureDispatchPointer( 17225932039000,17225932039000, 0, 116.891769, 1533.201416,0.20784314,0.06666667,0,0.0,0.0,65539,0, 0)
captureUserWait ( 17 )
captureDispatchPointer( 17225932039000,17225949639000, 2, 116.891769, 1533.201416,0.20784314,0.06666667,0,0.0,0.0,65539,0, 0)
captureUserWait ( 64 )
captureDispatchPointer( 17225932039000,17226013824000, 2, 116.891769, 1533.201416,0.20784314,0.06666667,0,0.0,0.0,65539,0, 0)
captureUserWait ( 8 )
captureDispatchPointer( 17225932039000,17226021938000, 1, 116.891769, 1533.201416,0.20784314,0.06666667,0,0.0,0.0,65539,0, 0)
captureUserWait ( 347 )
compareScreenshot(2014-09-17_11-46-42.jpg, 0, 0, 1080, 1920, 0, 1.0, 10)
captureDispatchPointer( 17227369784000,17227369784000, 0, 753.302490, 1683.123291,0.20784314,0.06666667,0,0.0,0.0,65539,0, 0)
captureUserWait ( 35 )
captureDispatchPointer( 17227369784000,17227404915000, 2, 753.302490, 1683.123291,0.20784314,0.06666667,0,0.0,0.0,65539,0, 0)
captureUserWait ( 9 )
captureDispatchPointer( 17227369784000,17227414107000, 2, 753.302490, 1683.123291,0.20784314,0.06666667,0,0.0,0.0,65539,0, 0)
captureUserWait ( 27 )
captureDispatchPointer( 17227369784000,17227441688000, 2, 753.302490, 1683.123291,0.20784314,0.06666667,0,0.0,0.0,65539,0, 0)
captureUserWait ( 8 )
captureDispatchPointer( 17227369784000,17227449769000, 1, 753.302490, 1683.123291,0.20784314,0.06666667,0,0.0,0.0,65539,0, 0)
captureUserWait ( 367 )
compareScreenshot(2014-09-17_11-46-43.jpg, 0, 0, 1080, 1920, 0, 1.0, 10)
captureDispatchPointer( 17228816801000,17228816801000, 0, 328.695648, 1512.212402,0.20784314,0.06666667,0,0.0,0.0,65539,0, 0)
captureUserWait ( 9 )
captureDispatchPointer( 17228816801000,17228825913000, 2, 328.695648, 1512.212402,0.20784314,0.06666667,0,0.0,0.0,65539,0, 0)
captureUserWait ( 44 )
captureDispatchPointer( 17228816801000,17228870359000, 1, 328.695648, 1512.212402,0.20784314,0.06666667,0,0.0,0.0,65539,0, 0)
captureUserWait ( 79 )
compareScreenshot(2014-09-17_11-46-44.jpg, 0, 0, 1080, 1920, 0, 1.0, 10)
captureDispatchPointer( 17229949702000,17229949702000, 0, 562.479187, 1814.055176,0.20784314,0.06666667,0,0.0,0.0,65539,0, 0)
captureUserWait ( 5 )
captureDispatchPointer( 17229949702000,17229955070000, 2, 562.479187, 1814.055176,0.20784314,0.06666667,0,0.0,0.0,65539,0, 0)
captureUserWait ( 91 )
captureDispatchPointer( 17229949702000,17230047062000, 2, 562.479187, 1814.055176,0.20784314,0.06666667,0,0.0,0.0,65539,0, 0)
captureUserWait ( 17 )
captureDispatchPointer( 17229949702000,17230064323000, 1, 562.479187, 1814.055176,0.20784314,0.06666667,0,0.0,0.0,65539,0, 0)
captureUserWait ( 684 )
captureDispatchPointer( 17230748516000,17230748516000, 0, 337.687317, 1523.206665,0.20784314,0.06666667,0,0.0,0.0,65539,0, 0)
captureUserWait ( 8 )
captureDispatchPointer( 17230748516000,17230757111000, 2, 337.687317, 1523.206665,0.20784314,0.06666667,0,0.0,0.0,65539,0, 0)
captureUserWait ( 64 )
captureDispatchPointer( 17230748516000,17230821412000, 2, 337.687317, 1523.206665,0.20784314,0.06666667,0,0.0,0.0,65539,0, 0)
captureUserWait ( 9 )
captureDispatchPointer( 17230748516000,17230830595000, 2, 337.687317, 1523.206665,0.20784314,0.06666667,0,0.0,0.0,65539,0, 0)
captureUserWait ( 8 )
captureDispatchPointer( 17230748516000,17230838856000, 1, 337.687317, 1523.206665,0.20784314,0.06666667,0,0.0,0.0,65539,0, 0)
captureUserWait ( 821 )
captureDispatchPointer( 17231660800000,17231660800000, 0, 399.629974, 1368.287354,0.20784314,0.06666667,0,0.0,0.0,65539,0, 0)
captureUserWait ( 27 )
captureDispatchPointer( 17231660800000,17231687800000, 2, 399.629974, 1368.287354,0.20784314,0.06666667,0,0.0,0.0,65539,0, 0)
captureUserWait ( 45 )
captureDispatchPointer( 17231660800000,17231733774000, 2, 399.629974, 1368.287354,0.20784314,0.06666667,0,0.0,0.0,65539,0, 0)
captureUserWait ( 26 )
captureDispatchPointer( 17231660800000,17231760402000, 1, 399.629974, 1368.287354,0.20784314,0.06666667,0,0.0,0.0,65539,0, 0)
captureUserWait ( 257 )
compareScreenshot(2014-09-17_11-46-48.jpg, 0, 0, 1080, 1920, 0, 1.0, 10)
captureDispatchPointer( 17233017501000,17233017501000, 0, 813.247009, 1346.298828,0.20784314,0.06666667,0,0.0,0.0,65539,0, 0)
captureUserWait ( 34 )
captureDispatchPointer( 17233017501000,17233052091000, 1, 813.247009, 1346.298828,0.20784314,0.06666667,0,0.0,0.0,65539,0, 0)
captureUserWait ( 1058 )
compareScreenshot(2014-09-17_11-46-49.jpg, 0, 0, 1080, 1920, 0, 1.0, 10)
captureDispatchPointer( 17234110264000,17234110264000, 0, 757.298828, 1685.122314,0.20784314,0.06666667,0,0.0,0.0,65539,0, 0)
captureUserWait ( 90 )
captureDispatchPointer( 17234110264000,17234200832000, 2, 757.298828, 1685.122314,0.20784314,0.06666667,0,0.0,0.0,65539,0, 0)
captureUserWait ( 18 )
captureDispatchPointer( 17234110264000,17234219231000, 2, 757.298828, 1685.122314,0.20784314,0.06666667,0,0.0,0.0,65539,0, 0)
captureUserWait ( 8 )
captureDispatchPointer( 17234110264000,17234227303000, 1, 757.298828, 1685.122314,0.20784314,0.06666667,0,0.0,0.0,65539,0, 0)
captureUserWait ( 947 )
captureDispatchPointer( 17235174633000,17235174633000, 0, 876.188721, 1508.214478,0.20784314,0.06666667,0,0.0,0.0,65539,0, 0)
captureUserWait ( 108 )
captureDispatchPointer( 17235174633000,17235283601000, 1, 876.188721, 1508.214478,0.20784314,0.06666667,0,0.0,0.0,65539,0, 0)
captureUserWait ( 965 )
captureDispatchPointer( 17236249057000,17236249057000, 0, 807.252563, 1349.297241,0.20784314,0.06666667,0,0.0,0.0,65539,0, 0)
captureUserWait ( 26 )
captureDispatchPointer( 17236249057000,17236275958000, 2, 807.252563, 1349.297241,0.20784314,0.06666667,0,0.0,0.0,65539,0, 0)
captureUserWait ( 27 )
captureDispatchPointer( 17236249057000,17236303604000, 2, 807.252563, 1349.297241,0.20784314,0.06666667,0,0.0,0.0,65539,0, 0)
captureUserWait ( 9 )
captureDispatchPointer( 17236249057000,17236312868000, 2, 807.252563, 1349.297241,0.20784314,0.06666667,0,0.0,0.0,65539,0, 0)
captureUserWait ( 26 )
captureDispatchPointer( 17236249057000,17236339416000, 1, 807.252563, 1349.297241,0.20784314,0.06666667,0,0.0,0.0,65539,0, 0)
captureUserWait ( 984 )
captureDispatchPointer( 17237323652000,17237323652000, 0, 767.289551, 1694.117554,0.20784314,0.06666667,0,0.0,0.0,65539,0, 0)
captureUserWait ( 18 )
captureDispatchPointer( 17237323652000,17237341750000, 2, 767.289551, 1694.117554,0.20784314,0.06666667,0,0.0,0.0,65539,0, 0)
captureUserWait ( 81 )
captureDispatchPointer( 17237323652000,17237422971000, 1, 767.289551, 1694.117554,0.20784314,0.06666667,0,0.0,0.0,65539,0, 0)
captureUserWait ( 858 )
captureDispatchPointer( 17238281962000,17238281962000, 0, 559.481934, 1518.209229,0.20784314,0.06666667,0,0.0,0.0,65539,0, 0)
captureUserWait ( 8 )
captureDispatchPointer( 17238281962000,17238290935000, 2, 559.481934, 1518.209229,0.20784314,0.06666667,0,0.0,0.0,65539,0, 0)
captureUserWait ( 36 )
captureDispatchPointer( 17238281962000,17238327169000, 2, 559.481934, 1518.209229,0.20784314,0.06666667,0,0.0,0.0,65539,0, 0)
captureUserWait ( 9 )
captureDispatchPointer( 17238281962000,17238337068000, 2, 559.481934, 1518.209229,0.20784314,0.06666667,0,0.0,0.0,65539,0, 0)
captureUserWait ( 7 )
captureDispatchPointer( 17238281962000,17238344624000, 1, 559.481934, 1518.209229,0.20784314,0.06666667,0,0.0,0.0,65539,0, 0)
captureUserWait ( 1127 )
compareScreenshot(2014-09-17_11-46-57.jpg, 0, 0, 1080, 1920, 0, 1.0, 10)
captureDispatchPointer( 17242472100000,17242472100000, 0, 87.918594, 1865.028564,0.20784314,0.06666667,0,0.0,0.0,65539,0, 0)
captureUserWait ( 34 )
captureDispatchPointer( 17242472100000,17242506999000, 2, 86.919518, 1865.028564,0.20784314,0.06666667,0,0.0,0.0,65539,0, 0)
captureUserWait ( 18 )
captureDispatchPointer( 17242472100000,17242525377000, 2, 86.919518, 1865.028564,0.20784314,0.06666667,0,0.0,0.0,65539,0, 0)
captureUserWait ( 36 )
captureDispatchPointer( 17242472100000,17242562165000, 2, 86.919518, 1865.028564,0.20784314,0.06666667,0,0.0,0.0,65539,0, 0)
captureUserWait ( 9 )
captureDispatchPointer( 17242472100000,17242571383000, 2, 86.919518, 1865.028564,0.20784314,0.06666667,0,0.0,0.0,65539,0, 0)
captureUserWait ( 8 )
captureDispatchPointer( 17242472100000,17242579604000, 1, 86.919518, 1865.028564,0.20784314,0.06666667,0,0.0,0.0,65539,0, 0)
captureUserWait ( 1155 )
compareScreenshot(2014-09-17_11-46-59.jpg, 0, 0, 1080, 1920, 0, 1.0, 10)
captureDispatchPointer( 17244734821000,17244734821000, 0, 757.298828, 1673.128540,0.20784314,0.06666667,0,0.0,0.0,65539,0, 0)
captureUserWait ( 26 )
captureDispatchPointer( 17244734821000,17244760961000, 2, 757.298828, 1673.128540,0.20784314,0.06666667,0,0.0,0.0,65539,0, 0)
captureUserWait ( 55 )
captureDispatchPointer( 17244734821000,17244816015000, 2, 757.298828, 1673.128540,0.20784314,0.06666667,0,0.0,0.0,65539,0, 0)
captureUserWait ( 8 )
captureDispatchPointer( 17244734821000,17244824136000, 1, 757.298828, 1673.128540,0.20784314,0.06666667,0,0.0,0.0,65539,0, 0)
captureUserWait ( 1532 )
compareScreenshot(2014-09-17_11-47-05.jpg, 0, 0, 1080, 1920, 0, 1.0, 10)
captureDispatchPointer( 17250356921000,17250356921000, 0, 917.150818, 193.899002,0.20784314,0.06666667,0,0.0,0.0,65539,0, 0)
captureUserWait ( 16 )
captureDispatchPointer( 17250356921000,17250373876000, 2, 917.150818, 193.899002,0.20784314,0.06666667,0,0.0,0.0,65539,0, 0)
captureUserWait ( 9 )
captureDispatchPointer( 17250356921000,17250382977000, 2, 917.150818, 193.899002,0.20784314,0.06666667,0,0.0,0.0,65539,0, 0)
captureUserWait ( 9 )
captureDispatchPointer( 17250356921000,17250392277000, 2, 917.150818, 193.899002,0.20784314,0.06666667,0,0.0,0.0,65539,0, 0)
captureUserWait ( 9 )
captureDispatchPointer( 17250356921000,17250401393000, 2, 917.150818, 193.899002,0.20784314,0.06666667,0,0.0,0.0,65539,0, 0)
captureUserWait ( 18 )
captureDispatchPointer( 17250356921000,17250419818000, 2, 917.150818, 193.899002,0.20784314,0.06666667,0,0.0,0.0,65539,0, 0)
captureUserWait ( 9 )
captureDispatchPointer( 17250356921000,17250429057000, 2, 917.150818, 193.899002,0.20784314,0.06666667,0,0.0,0.0,65539,0, 0)
captureUserWait ( 9 )
captureDispatchPointer( 17250356921000,17250438207000, 2, 917.150818, 193.899002,0.20784314,0.06666667,0,0.0,0.0,65539,0, 0)
captureUserWait ( 9 )
captureDispatchPointer( 17250356921000,17250447377000, 2, 917.150818, 193.899002,0.20784314,0.06666667,0,0.0,0.0,65539,0, 0)
captureUserWait ( 9 )
captureDispatchPointer( 17250356921000,17250456544000, 2, 917.150818, 193.899002,0.20784314,0.06666667,0,0.0,0.0,65539,0, 0)
captureUserWait ( 8 )
captureDispatchPointer( 17250356921000,17250464660000, 1, 917.150818, 193.899002,0.20784314,0.06666667,0,0.0,0.0,65539,0, 0)
captureUserWait ( 1072 )
compareScreenshot(2014-09-17_11-47-16.jpg, 0, 0, 1080, 1920, 0, 1.0, 10)
captureDispatchKey( 0, 0, 0, 3, 0,0,0,0)
captureUserWait ( 100 )
captureDispatchKey( 0, 0, 1, 3, 0,0,0,0)
captureUserWait ( 3931 )
compareScreenshot(2014-09-17_11-47-20.jpg, 0, 0, 1080, 1920, 0, 1.0, 10)
captureUserWait ( 1500 )


