type=raw events 1
count= 1
speed=1.0
start data >>
RunCmd(am start -n com.fihtdc.camera/.Camera --activity-single-top)

## 28-camera-shoot-6-time-1-min-suspend-26-min-switch-auto-rotate.txt

# camera shoot 6 times for 1 min
# 1
captureUserWait ( 9000 )
compareScreenshot(2014-10-03_03-25-17.jpg, 0, 0, 1080, 1920, 0, 1.0, 10)
captureDispatchPointer( 2431474002000,2431474002000, 0, 555.485657, 1741.093140,0.20784314,0.06666667,0,0.0,0.0,65539,0, 0)
captureUserWait ( 10 )
captureDispatchPointer( 2431474002000,2431491439000, 2, 555.485657, 1741.093140,0.20784314,0.06666667,0,0.0,0.0,65539,0, 0)
captureUserWait ( 10 )
captureDispatchPointer( 2431474002000,2431565050000, 1, 555.485657, 1743.092041,0.20784314,0.06666667,0,0.0,0.0,65539,0, 0)

# wait about 9 sec.
captureUserWait ( 9000 )

# 2
compareScreenshot(2014-10-03_03-25-17.jpg, 0, 0, 1080, 1920, 0, 1.0, 10)
captureDispatchPointer( 2431474002000,2431474002000, 0, 555.485657, 1741.093140,0.20784314,0.06666667,0,0.0,0.0,65539,0, 0)
captureUserWait ( 10 )
captureDispatchPointer( 2431474002000,2431491439000, 2, 555.485657, 1741.093140,0.20784314,0.06666667,0,0.0,0.0,65539,0, 0)
captureUserWait ( 10 )
captureDispatchPointer( 2431474002000,2431565050000, 1, 555.485657, 1743.092041,0.20784314,0.06666667,0,0.0,0.0,65539,0, 0)

# wait about 9 sec.
captureUserWait ( 9000 )

# 3
compareScreenshot(2014-10-03_03-25-17.jpg, 0, 0, 1080, 1920, 0, 1.0, 10)
captureDispatchPointer( 2431474002000,2431474002000, 0, 555.485657, 1741.093140,0.20784314,0.06666667,0,0.0,0.0,65539,0, 0)
captureUserWait ( 10 )
captureDispatchPointer( 2431474002000,2431491439000, 2, 555.485657, 1741.093140,0.20784314,0.06666667,0,0.0,0.0,65539,0, 0)
captureUserWait ( 10 )
captureDispatchPointer( 2431474002000,2431565050000, 1, 555.485657, 1743.092041,0.20784314,0.06666667,0,0.0,0.0,65539,0, 0)

# wait about 9 sec.
captureUserWait ( 9000 )

# 4
compareScreenshot(2014-10-03_03-25-17.jpg, 0, 0, 1080, 1920, 0, 1.0, 10)
captureDispatchPointer( 2431474002000,2431474002000, 0, 555.485657, 1741.093140,0.20784314,0.06666667,0,0.0,0.0,65539,0, 0)
captureUserWait ( 10 )
captureDispatchPointer( 2431474002000,2431491439000, 2, 555.485657, 1741.093140,0.20784314,0.06666667,0,0.0,0.0,65539,0, 0)
captureUserWait ( 10 )
captureDispatchPointer( 2431474002000,2431565050000, 1, 555.485657, 1743.092041,0.20784314,0.06666667,0,0.0,0.0,65539,0, 0)

# wait about 9 sec.
captureUserWait ( 9000 )

# 5
compareScreenshot(2014-10-03_03-25-17.jpg, 0, 0, 1080, 1920, 0, 1.0, 10)
captureDispatchPointer( 2431474002000,2431474002000, 0, 555.485657, 1741.093140,0.20784314,0.06666667,0,0.0,0.0,65539,0, 0)
captureUserWait ( 10 )
captureDispatchPointer( 2431474002000,2431491439000, 2, 555.485657, 1741.093140,0.20784314,0.06666667,0,0.0,0.0,65539,0, 0)
captureUserWait ( 10 )
captureDispatchPointer( 2431474002000,2431565050000, 1, 555.485657, 1743.092041,0.20784314,0.06666667,0,0.0,0.0,65539,0, 0)

# wait about 9 sec.
captureUserWait ( 9000 )

# 6
compareScreenshot(2014-10-03_03-25-17.jpg, 0, 0, 1080, 1920, 0, 1.0, 10)
captureDispatchPointer( 2431474002000,2431474002000, 0, 555.485657, 1741.093140,0.20784314,0.06666667,0,0.0,0.0,65539,0, 0)
captureUserWait ( 10 )
captureDispatchPointer( 2431474002000,2431491439000, 2, 555.485657, 1741.093140,0.20784314,0.06666667,0,0.0,0.0,65539,0, 0)
captureUserWait ( 10 )
captureDispatchPointer( 2431474002000,2431565050000, 1, 555.485657, 1743.092041,0.20784314,0.06666667,0,0.0,0.0,65539,0, 0)
captureUserWait ( 1000 )

# press back button to home sheet
captureDispatchKey( 0, 0, 0, 4, 0,0,0,0)
captureUserWait ( 130 )
captureDispatchKey( 0, 0, 1, 4, 0,0,0,0)
captureUserWait ( 2442 )

# suspend 26 mins
fihSusResDevice(1530)

# unlock screen
captureDispatchPointer( 4534728633000,4534728633000, 0, 267.752075, 1395.273315,0.20784314,0.06666667,0,0.0,0.0,65539,0, 0)
captureUserWait ( 12 )
captureDispatchPointer( 4534728633000,4534741405000, 2, 267.752075, 1395.273315,0.20784314,0.06666667,0,0.0,0.0,65539,0, 0)
captureUserWait ( 48 )
captureDispatchPointer( 4534728633000,4534789561000, 2, 267.752075, 1395.273315,0.20784314,0.06666667,0,0.0,0.0,65539,0, 0)
captureUserWait ( 37 )
captureDispatchPointer( 4534728633000,4534826729000, 2, 268.751160, 1395.273315,0.20784314,0.06666667,0,0.0,0.0,65539,0, 0)
captureUserWait ( 9 )
captureDispatchPointer( 4534728633000,4534836680000, 2, 269.750244, 1395.273315,0.20784314,0.06666667,0,0.0,0.0,65539,0, 0)
captureUserWait ( 8 )
captureDispatchPointer( 4534728633000,4534845627000, 2, 270.749298, 1395.273315,0.20784314,0.06666667,0,0.0,0.0,65539,0, 0)
captureUserWait ( 9 )
captureDispatchPointer( 4534728633000,4534855279000, 2, 271.748383, 1395.273315,0.20784314,0.06666667,0,0.0,0.0,65539,0, 0)
captureUserWait ( 9 )
captureDispatchPointer( 4534728633000,4534864597000, 2, 272.747467, 1395.273315,0.20784314,0.06666667,0,0.0,0.0,65539,0, 0)
captureUserWait ( 9 )
captureDispatchPointer( 4534728633000,4534874592000, 2, 274.745605, 1395.273315,0.20784314,0.06666667,0,0.0,0.0,65539,0, 0)
captureUserWait ( 9 )
captureDispatchPointer( 4534728633000,4534884310000, 2, 276.743744, 1394.273804,0.20784314,0.06666667,0,0.0,0.0,65539,0, 0)
captureUserWait ( 8 )
captureDispatchPointer( 4534728633000,4534893212000, 2, 279.740967, 1392.274780,0.20784314,0.06666667,0,0.0,0.0,65539,0, 0)
captureUserWait ( 9 )
captureDispatchPointer( 4534728633000,4534902666000, 2, 282.738220, 1390.275879,0.20784314,0.06666667,0,0.0,0.0,65539,0, 0)
captureUserWait ( 9 )
captureDispatchPointer( 4534728633000,4534912008000, 2, 285.735443, 1388.276855,0.20784314,0.06666667,0,0.0,0.0,65539,0, 0)
captureUserWait ( 9 )
captureDispatchPointer( 4534728633000,4534921922000, 2, 289.731720, 1385.278442,0.20784314,0.06666667,0,0.0,0.0,65539,0, 0)
captureUserWait ( 9 )
captureDispatchPointer( 4534728633000,4534931489000, 2, 293.728027, 1382.280029,0.20784314,0.06666667,0,0.0,0.0,65539,0, 0)
captureUserWait ( 9 )
captureDispatchPointer( 4534728633000,4534940959000, 2, 298.723419, 1379.281616,0.20784314,0.06666667,0,0.0,0.0,65539,0, 0)
captureUserWait ( 9 )
captureDispatchPointer( 4534728633000,4534950129000, 2, 303.718781, 1376.283203,0.20784314,0.06666667,0,0.0,0.0,65539,0, 0)
captureUserWait ( 9 )
captureDispatchPointer( 4534728633000,4534959611000, 2, 309.713226, 1372.285278,0.20784314,0.06666667,0,0.0,0.0,65539,0, 0)
captureUserWait ( 9 )
captureDispatchPointer( 4534728633000,4534969588000, 2, 315.707672, 1367.287842,0.20784314,0.06666667,0,0.0,0.0,65539,0, 0)
captureUserWait ( 8 )
captureDispatchPointer( 4534728633000,4534978353000, 2, 321.702118, 1362.290405,0.20784314,0.06666667,0,0.0,0.0,65539,0, 0)
captureUserWait ( 9 )
captureDispatchPointer( 4534728633000,4534988187000, 2, 328.695648, 1356.293579,0.20784314,0.06666667,0,0.0,0.0,65539,0, 0)
captureUserWait ( 9 )
captureDispatchPointer( 4534728633000,4534997343000, 2, 335.689178, 1350.296631,0.20784314,0.06666667,0,0.0,0.0,65539,0, 0)
captureUserWait ( 9 )
captureDispatchPointer( 4534728633000,4535006854000, 2, 342.682709, 1344.299805,0.20784314,0.06666667,0,0.0,0.0,65539,0, 0)
captureUserWait ( 10 )
captureDispatchPointer( 4534728633000,4535016880000, 2, 349.676239, 1338.302979,0.20784314,0.06666667,0,0.0,0.0,65539,0, 0)
captureUserWait ( 9 )
captureDispatchPointer( 4534728633000,4535026270000, 2, 356.669739, 1332.306030,0.20784314,0.06666667,0,0.0,0.0,65539,0, 0)
captureUserWait ( 10 )
captureDispatchPointer( 4534728633000,4535036410000, 2, 363.663269, 1325.309692,0.20784314,0.06666667,0,0.0,0.0,65539,0, 0)
captureUserWait ( 8 )
captureDispatchPointer( 4534728633000,4535044877000, 2, 370.656799, 1318.313354,0.20784314,0.06666667,0,0.0,0.0,65539,0, 0)
captureUserWait ( 10 )
captureDispatchPointer( 4534728633000,4535055568000, 2, 378.649414, 1311.317017,0.20784314,0.06666667,0,0.0,0.0,65539,0, 0)
captureUserWait ( 8 )
captureDispatchPointer( 4534728633000,4535064406000, 2, 386.641998, 1304.320679,0.20784314,0.06666667,0,0.0,0.0,65539,0, 0)
captureUserWait ( 10 )
captureDispatchPointer( 4534728633000,4535075015000, 2, 394.634613, 1297.324219,0.20784314,0.06666667,0,0.0,0.0,65539,0, 0)
captureUserWait ( 8 )
captureDispatchPointer( 4534728633000,4535083731000, 2, 402.627197, 1289.328491,0.20784314,0.06666667,0,0.0,0.0,65539,0, 0)
captureUserWait ( 9 )
captureDispatchPointer( 4534728633000,4535093344000, 2, 411.618866, 1280.333130,0.20784314,0.06666667,0,0.0,0.0,65539,0, 0)
captureUserWait ( 8 )
captureDispatchPointer( 4534728633000,4535102096000, 2, 420.610535, 1271.337769,0.20784314,0.06666667,0,0.0,0.0,65539,0, 0)
captureUserWait ( 9 )
captureDispatchPointer( 4534728633000,4535111520000, 2, 430.601288, 1261.343018,0.20784314,0.06666667,0,0.0,0.0,65539,0, 0)
captureUserWait ( 10 )
captureDispatchPointer( 4534728633000,4535122319000, 2, 440.592041, 1251.348267,0.20784314,0.06666667,0,0.0,0.0,65539,0, 0)
captureUserWait ( 9 )
captureDispatchPointer( 4534728633000,4535131568000, 2, 451.581879, 1241.353394,0.20784314,0.06666667,0,0.0,0.0,65539,0, 0)
captureUserWait ( 9 )
captureDispatchPointer( 4534728633000,4535141476000, 2, 462.571686, 1231.358643,0.20784314,0.06666667,0,0.0,0.0,65539,0, 0)
captureUserWait ( 8 )
captureDispatchPointer( 4534728633000,4535150387000, 2, 474.560608, 1219.364868,0.20784314,0.06666667,0,0.0,0.0,65539,0, 0)
captureUserWait ( 9 )
captureDispatchPointer( 4534728633000,4535159942000, 2, 486.549500, 1206.371704,0.20784314,0.06666667,0,0.0,0.0,65539,0, 0)
captureUserWait ( 9 )
captureDispatchPointer( 4534728633000,4535169525000, 2, 498.538391, 1194.377930,0.20784314,0.06666667,0,0.0,0.0,65539,0, 0)
captureUserWait ( 8 )
captureDispatchPointer( 4534728633000,4535178458000, 2, 511.526367, 1182.384155,0.20784314,0.06666667,0,0.0,0.0,65539,0, 0)
captureUserWait ( 10 )
captureDispatchPointer( 4534728633000,4535188749000, 2, 524.514343, 1170.390381,0.20784314,0.06666667,0,0.0,0.0,65539,0, 0)
captureUserWait ( 8 )
captureDispatchPointer( 4534728633000,4535197471000, 2, 538.501404, 1157.397217,0.20784314,0.06666667,0,0.0,0.0,65539,0, 0)
captureUserWait ( 10 )
captureDispatchPointer( 4534728633000,4535207718000, 2, 552.488464, 1144.403931,0.20784314,0.06666667,0,0.0,0.0,65539,0, 0)
captureUserWait ( 8 )
captureDispatchPointer( 4534728633000,4535216701000, 2, 568.473633, 1130.411255,0.20784314,0.06666667,0,0.0,0.0,65539,0, 0)
captureUserWait ( 9 )
captureDispatchPointer( 4534728633000,4535225929000, 2, 583.459778, 1116.418457,0.20784314,0.06666667,0,0.0,0.0,65539,0, 0)
captureUserWait ( 9 )
captureDispatchPointer( 4534728633000,4535235207000, 2, 597.446838, 1102.425781,0.20784314,0.06666667,0,0.0,0.0,65539,0, 0)
captureUserWait ( 9 )
captureDispatchPointer( 4534728633000,4535244613000, 2, 613.432007, 1088.433105,0.20784314,0.06666667,0,0.0,0.0,65539,0, 0)
captureUserWait ( 9 )
captureDispatchPointer( 4534728633000,4535254177000, 2, 629.417236, 1074.440430,0.20784314,0.06666667,0,0.0,0.0,65539,0, 0)
captureUserWait ( 9 )
captureDispatchPointer( 4534728633000,4535263512000, 2, 645.402405, 1059.448120,0.20784314,0.06666667,0,0.0,0.0,65539,0, 0)
captureUserWait ( 9 )
captureDispatchPointer( 4534728633000,4535272756000, 2, 662.386658, 1044.455933,0.20784314,0.06666667,0,0.0,0.0,65539,0, 0)
captureUserWait ( 9 )
captureDispatchPointer( 4534728633000,4535282368000, 2, 677.372803, 1030.463257,0.20784314,0.06666667,0,0.0,0.0,65539,0, 0)
captureUserWait ( 9 )
captureDispatchPointer( 4534728633000,4535292059000, 2, 693.358032, 1015.471069,0.20784314,0.06666667,0,0.0,0.0,65539,0, 0)
captureUserWait ( 9 )
captureDispatchPointer( 4534728633000,4535301348000, 2, 709.343201, 1001.478394,0.20784314,0.06666667,0,0.0,0.0,65539,0, 0)
captureUserWait ( 9 )
captureDispatchPointer( 4534728633000,4535310997000, 2, 725.328430, 987.485657,0.20784314,0.06666667,0,0.0,0.0,65539,0, 0)
captureUserWait ( 9 )
captureDispatchPointer( 4534728633000,4535320194000, 2, 741.313599, 973.492920,0.20784314,0.06666667,0,0.0,0.0,65539,0, 0)
captureUserWait ( 10 )
captureDispatchPointer( 4534728633000,4535330489000, 2, 755.300659, 959.500244,0.20784314,0.06666667,0,0.0,0.0,65539,0, 0)
captureUserWait ( 9 )
captureDispatchPointer( 4534728633000,4535339941000, 2, 770.286804, 944.508057,0.20784314,0.06666667,0,0.0,0.0,65539,0, 0)
captureUserWait ( 9 )
captureDispatchPointer( 4534728633000,4535349504000, 2, 786.271973, 929.515869,0.20784314,0.06666667,0,0.0,0.0,65539,0, 0)
captureUserWait ( 9 )
captureDispatchPointer( 4534728633000,4535359346000, 2, 802.257202, 914.523682,0.20784314,0.06666667,0,0.0,0.0,65539,0, 0)
captureUserWait ( 8 )
captureDispatchPointer( 4534728633000,4535367852000, 2, 819.241455, 898.531982,0.20784314,0.06666667,0,0.0,0.0,65539,0, 0)
captureUserWait ( 9 )
captureDispatchPointer( 4534728633000,4535377625000, 2, 836.225708, 882.540344,0.20784314,0.06666667,0,0.0,0.0,65539,0, 0)
captureUserWait ( 9 )
captureDispatchPointer( 4534728633000,4535386915000, 2, 855.208130, 865.549194,0.20784314,0.06666667,0,0.0,0.0,65539,0, 0)
captureUserWait ( 9 )
captureDispatchPointer( 4534728633000,4535396270000, 2, 873.191467, 850.557007,0.20784314,0.06666667,0,0.0,0.0,65539,0, 0)
captureUserWait ( 9 )
captureDispatchPointer( 4534728633000,4535406160000, 2, 890.175781, 836.564270,0.20784314,0.06666667,0,0.0,0.0,65539,0, 0)
captureUserWait ( 9 )
captureDispatchPointer( 4534728633000,4535415354000, 2, 911.156372, 819.573120,0.20784314,0.06666667,0,0.0,0.0,65539,0, 0)
captureUserWait ( 10 )
captureDispatchPointer( 4534728633000,4535425667000, 2, 932.136902, 803.581421,0.20784314,0.06666667,0,0.0,0.0,65539,0, 0)
captureUserWait ( 8 )
captureDispatchPointer( 4534728633000,4535434176000, 2, 953.117493, 786.590271,0.20784314,0.06666667,0,0.0,0.0,65539,0, 0)
captureUserWait ( 9 )
captureDispatchPointer( 4534728633000,4535444144000, 2, 973.098999, 771.598083,0.20784314,0.06666667,0,0.0,0.0,65539,0, 0)
captureUserWait ( 8 )
captureDispatchPointer( 4534728633000,4535452978000, 2, 1000.074036, 753.607483,0.20784314,0.06666667,0,0.0,0.0,65539,0, 0)
captureUserWait ( 9 )
captureDispatchPointer( 4534728633000,4535462325000, 2, 1023.052734, 737.615784,0.20784314,0.06666667,0,0.0,0.0,65539,0, 0)
captureUserWait ( 9 )
captureDispatchPointer( 4534728633000,4535472191000, 2, 1043.034180, 722.623596,0.20784314,0.06666667,0,0.0,0.0,65539,0, 0)
captureUserWait ( 10 )
captureDispatchPointer( 4534728633000,4535482364000, 2, 1052.025879, 716.626709,0.20784314,0.06666667,0,0.0,0.0,65539,0, 0)
captureUserWait ( 8 )
captureDispatchPointer( 4534728633000,4535490553000, 1, 1052.025879, 716.626709,0.20784314,0.06666667,0,0.0,0.0,65539,0, 0)
captureUserWait ( 2851 )

## switch auto-rotate

# Enter settings
RunCmd(am start -n com.android.settings/.Settings --activity-single-top)
captureUserWait ( 4500 )
compareScreenshot(2014-10-08_04-44-28.jpg, 0, 0, 1080, 1920, 0, 1.0, 10)
captureDispatchPointer( 192113388000,192113388000, 0, 726.327454, 1499.219116,0.20784314,0.06666667,0,0.0,0.0,65539,0, 0)
captureUserWait ( 8 )
captureDispatchPointer( 192113388000,192121626000, 2, 726.327454, 1499.219116,0.20784314,0.06666667,0,0.0,0.0,65539,0, 0)
captureUserWait ( 55 )
captureDispatchPointer( 192113388000,192177408000, 2, 726.327454, 1500.218628,0.20784314,0.06666667,0,0.0,0.0,65539,0, 0)
captureUserWait ( 9 )
captureDispatchPointer( 192113388000,192186804000, 2, 726.327454, 1501.218018,0.20784314,0.06666667,0,0.0,0.0,65539,0, 0)
captureUserWait ( 9 )
captureDispatchPointer( 192113388000,192195953000, 2, 726.327454, 1502.217529,0.20784314,0.06666667,0,0.0,0.0,65539,0, 0)
captureUserWait ( 9 )
captureDispatchPointer( 192113388000,192205142000, 2, 726.327454, 1503.217041,0.20784314,0.06666667,0,0.0,0.0,65539,0, 0)
captureUserWait ( 8 )
captureDispatchPointer( 192113388000,192213320000, 1, 726.327454, 1503.217041,0.20784314,0.06666667,0,0.0,0.0,65539,0, 0)
captureUserWait ( 1510 )

# Enter Display
compareScreenshot(2014-10-08_04-44-29.jpg, 0, 0, 1080, 1920, 0, 1.0, 10)
captureDispatchPointer( 193723669000,193723669000, 0, 950.120239, 1250.348755,0.20784314,0.06666667,0,0.0,0.0,65539,0, 0)
captureUserWait ( 55 )
captureDispatchPointer( 193723669000,193779401000, 2, 951.119324, 1250.348755,0.20784314,0.06666667,0,0.0,0.0,65539,0, 0)
captureUserWait ( 9 )
captureDispatchPointer( 193723669000,193788771000, 2, 952.118408, 1251.348267,0.20784314,0.06666667,0,0.0,0.0,65539,0, 0)
captureUserWait ( 9 )
captureDispatchPointer( 193723669000,193798054000, 2, 953.117493, 1252.347656,0.20784314,0.06666667,0,0.0,0.0,65539,0, 0)
captureUserWait ( 9 )
captureDispatchPointer( 193723669000,193807329000, 2, 954.116577, 1253.347168,0.20784314,0.06666667,0,0.0,0.0,65539,0, 0)
captureUserWait ( 8 )
captureDispatchPointer( 193723669000,193815662000, 1, 954.116577, 1253.347168,0.20784314,0.06666667,0,0.0,0.0,65539,0, 0)
captureUserWait ( 1658 )

# press back button to settings
compareScreenshot(2014-10-08_04-44-31.jpg, 0, 0, 1080, 1920, 0, 1.0, 10)
captureDispatchKey( 0, 0, 0, 4, 0,0,0,0)
captureUserWait ( 139 )
captureDispatchKey( 0, 0, 1, 4, 0,0,0,0)
captureUserWait ( 973 )

# press back button to home sheet
captureDispatchKey( 0, 0, 0, 4, 0,0,0,0)
captureUserWait ( 130 )
captureDispatchKey( 0, 0, 1, 4, 0,0,0,0)
captureUserWait ( 2442 )
compareScreenshot(2014-10-08_04-44-35.jpg, 0, 0, 1080, 1920, 0, 1.0, 10)
captureUserWait ( 1500 )