type=raw events 1
count= 1
speed=1.0
start data >>
RunCmd(am start -n com.google.android.youtube/com.google.android.apps.youtube.app.WatchWhileActivity --activity-single-top)
captureUserWait ( 14500 )
compareScreenshot(2014-10-07_04-31-33.jpg, 0, 0, 1080, 1920, 0, 1.0, 10)
captureDispatchPointer( 375602483000,375602483000, 0, 830.231262, 164.914108,0.20784314,0.06666667,0,0.0,0.0,65539,0, 0)
captureUserWait ( 90 )
captureDispatchPointer( 375602483000,375693205000, 1, 830.231262, 164.914108,0.20784314,0.06666667,0,0.0,0.0,65539,0, 0)
captureUserWait ( 1712 )
compareScreenshot(2014-10-07_04-31-34.jpg, 0, 0, 1080, 1920, 0, 1.0, 10)
captureDispatchPointer( 377406164000,377406164000, 0, 424.606842, 1663.133789,0.20784314,0.06666667,0,0.0,0.0,65539,0, 0)
captureUserWait ( 62 )
captureDispatchPointer( 377406164000,377469016000, 1, 424.606842, 1663.133789,0.20784314,0.06666667,0,0.0,0.0,65539,0, 0)
captureUserWait ( 858 )
captureDispatchPointer( 378327767000,378327767000, 0, 912.155396, 1344.299805,0.20784314,0.06666667,0,0.0,0.0,65539,0, 0)
captureUserWait ( 92 )
captureDispatchPointer( 378327767000,378420235000, 2, 912.155396, 1344.299805,0.20784314,0.06666667,0,0.0,0.0,65539,0, 0)
captureUserWait ( 8 )
captureDispatchPointer( 378327767000,378428443000, 1, 912.155396, 1344.299805,0.20784314,0.06666667,0,0.0,0.0,65539,0, 0)
captureUserWait ( 585 )
captureDispatchPointer( 379014183000,379014183000, 0, 859.204468, 1669.130615,0.20784314,0.06666667,0,0.0,0.0,65539,0, 0)
captureUserWait ( 17 )
captureDispatchPointer( 379014183000,379031954000, 2, 859.204468, 1669.130615,0.20784314,0.06666667,0,0.0,0.0,65539,0, 0)
captureUserWait ( 46 )
captureDispatchPointer( 379014183000,379078022000, 2, 859.204468, 1669.130615,0.20784314,0.06666667,0,0.0,0.0,65539,0, 0)
captureUserWait ( 9 )
captureDispatchPointer( 379014183000,379087238000, 2, 859.204468, 1669.130615,0.20784314,0.06666667,0,0.0,0.0,65539,0, 0)
captureUserWait ( 37 )
captureDispatchPointer( 379014183000,379124475000, 2, 859.204468, 1669.130615,0.20784314,0.06666667,0,0.0,0.0,65539,0, 0)
captureUserWait ( 8 )
captureDispatchPointer( 379014183000,379133229000, 1, 859.204468, 1669.130615,0.20784314,0.06666667,0,0.0,0.0,65539,0, 0)
captureUserWait ( 2999 )
compareScreenshot(2014-10-07_04-31-39.jpg, 0, 0, 1080, 1920, 0, 1.0, 10)
captureDispatchPointer( 382132499000,382132499000, 0, 1024.051758, 1346.298828,0.20784314,0.06666667,0,0.0,0.0,65539,0, 0)
captureUserWait ( 99 )
captureDispatchPointer( 382132499000,382232401000, 1, 1024.051758, 1346.298828,0.20784314,0.06666667,0,0.0,0.0,65539,0, 0)
captureUserWait ( 637 )
captureDispatchPointer( 382869904000,382869904000, 0, 803.256226, 1331.306519,0.20784314,0.06666667,0,0.0,0.0,65539,0, 0)
captureUserWait ( 100 )
captureDispatchPointer( 382869904000,382970456000, 1, 803.256226, 1331.306519,0.20784314,0.06666667,0,0.0,0.0,65539,0, 0)
captureUserWait ( 655 )
captureDispatchPointer( 383626312000,383626312000, 0, 974.098083, 1485.226440,0.20784314,0.06666667,0,0.0,0.0,65539,0, 0)
captureUserWait ( 8 )
captureDispatchPointer( 383626312000,383634941000, 2, 974.098083, 1485.226440,0.20784314,0.06666667,0,0.0,0.0,65539,0, 0)
captureUserWait ( 37 )
captureDispatchPointer( 383626312000,383672182000, 2, 974.098083, 1486.225830,0.20784314,0.06666667,0,0.0,0.0,65539,0, 0)
captureUserWait ( 36 )
captureDispatchPointer( 383626312000,383708384000, 1, 974.098083, 1486.225830,0.20784314,0.06666667,0,0.0,0.0,65539,0, 0)
captureUserWait ( 637 )
captureDispatchPointer( 384345558000,384345558000, 0, 118.889915, 1476.231079,0.20784314,0.06666667,0,0.0,0.0,65539,0, 0)
captureUserWait ( 36 )
captureDispatchPointer( 384345558000,384382031000, 2, 118.889915, 1476.231079,0.20784314,0.06666667,0,0.0,0.0,65539,0, 0)
captureUserWait ( 9 )
captureDispatchPointer( 384345558000,384391396000, 2, 118.889915, 1477.230591,0.20784314,0.06666667,0,0.0,0.0,65539,0, 0)
captureUserWait ( 28 )
captureDispatchPointer( 384345558000,384419521000, 2, 118.889915, 1478.230103,0.20784314,0.06666667,0,0.0,0.0,65539,0, 0)
captureUserWait ( 8 )
captureDispatchPointer( 384345558000,384428471000, 2, 118.889915, 1478.230103,0.20784314,0.06666667,0,0.0,0.0,65539,0, 0)
captureUserWait ( 8 )
captureDispatchPointer( 384345558000,384436691000, 1, 118.889915, 1478.230103,0.20784314,0.06666667,0,0.0,0.0,65539,0, 0)
captureUserWait ( 1145 )
compareScreenshot(2014-10-07_04-31-43.jpg, 0, 0, 1080, 1920, 0, 1.0, 10)
captureDispatchPointer( 385582471000,385582471000, 0, 470.564301, 1341.301392,0.20784314,0.06666667,0,0.0,0.0,65539,0, 0)
captureUserWait ( 45 )
captureDispatchPointer( 385582471000,385628167000, 2, 470.564301, 1342.300903,0.20784314,0.06666667,0,0.0,0.0,65539,0, 0)
captureUserWait ( 9 )
captureDispatchPointer( 385582471000,385637502000, 2, 470.564301, 1343.300293,0.20784314,0.06666667,0,0.0,0.0,65539,0, 0)
captureUserWait ( 9 )
captureDispatchPointer( 385582471000,385646795000, 2, 470.564301, 1344.299805,0.20784314,0.06666667,0,0.0,0.0,65539,0, 0)
captureUserWait ( 8 )
captureDispatchPointer( 385582471000,385655199000, 1, 470.564301, 1344.299805,0.20784314,0.06666667,0,0.0,0.0,65539,0, 0)
captureUserWait ( 618 )
captureDispatchPointer( 386273850000,386273850000, 0, 810.249756, 1346.298828,0.20784314,0.06666667,0,0.0,0.0,65539,0, 0)
captureUserWait ( 36 )
captureDispatchPointer( 386273850000,386310186000, 2, 810.249756, 1346.298828,0.20784314,0.06666667,0,0.0,0.0,65539,0, 0)
captureUserWait ( 17 )
captureDispatchPointer( 386273850000,386327814000, 1, 810.249756, 1346.298828,0.20784314,0.06666667,0,0.0,0.0,65539,0, 0)
captureUserWait ( 538 )
captureDispatchPointer( 386866087000,386866087000, 0, 921.147095, 1330.307129,0.20784314,0.06666667,0,0.0,0.0,65539,0, 0)
captureUserWait ( 82 )
captureDispatchPointer( 386866087000,386948992000, 2, 921.147095, 1330.307129,0.20784314,0.06666667,0,0.0,0.0,65539,0, 0)
captureUserWait ( 8 )
captureDispatchPointer( 386866087000,386957502000, 1, 921.147095, 1330.307129,0.20784314,0.06666667,0,0.0,0.0,65539,0, 0)
captureUserWait ( 730 )
captureDispatchPointer( 387687833000,387687833000, 0, 767.289551, 1661.134766,0.20784314,0.06666667,0,0.0,0.0,65539,0, 0)
captureUserWait ( 8 )
captureDispatchPointer( 387687833000,387696335000, 2, 767.289551, 1662.134277,0.20784314,0.06666667,0,0.0,0.0,65539,0, 0)
captureUserWait ( 9 )
captureDispatchPointer( 387687833000,387705688000, 2, 767.289551, 1663.133789,0.20784314,0.06666667,0,0.0,0.0,65539,0, 0)
captureUserWait ( 73 )
captureDispatchPointer( 387687833000,387779166000, 1, 767.289551, 1663.133789,0.20784314,0.06666667,0,0.0,0.0,65539,0, 0)
captureUserWait ( 1136 )
compareScreenshot(2014-10-07_04-31-46.jpg, 0, 0, 1080, 1920, 0, 1.0, 10)
captureDispatchPointer( 388915432000,388915432000, 0, 687.363525, 1839.042114,0.20784314,0.06666667,0,0.0,0.0,65539,0, 0)
captureUserWait ( 8 )
captureDispatchPointer( 388915432000,388923887000, 2, 687.363525, 1839.042114,0.20784314,0.06666667,0,0.0,0.0,65539,0, 0)
captureUserWait ( 9 )
captureDispatchPointer( 388915432000,388933221000, 2, 687.363525, 1839.042114,0.20784314,0.06666667,0,0.0,0.0,65539,0, 0)
captureUserWait ( 27 )
captureDispatchPointer( 388915432000,388961076000, 2, 687.363525, 1839.042114,0.20784314,0.06666667,0,0.0,0.0,65539,0, 0)
captureUserWait ( 18 )
captureDispatchPointer( 388915432000,388979706000, 2, 687.363525, 1839.042114,0.20784314,0.06666667,0,0.0,0.0,65539,0, 0)
captureUserWait ( 27 )
captureDispatchPointer( 388915432000,389006784000, 1, 687.363525, 1839.042114,0.20784314,0.06666667,0,0.0,0.0,65539,0, 0)
captureUserWait ( 1105 )
compareScreenshot(2014-10-07_04-31-47.jpg, 0, 0, 1080, 1920, 0, 1.0, 10)
captureDispatchPointer( 390111894000,390111894000, 0, 880.184998, 1663.133789,0.20784314,0.06666667,0,0.0,0.0,65539,0, 0)
captureUserWait ( 30 )
captureDispatchPointer( 390111894000,390142358000, 2, 880.184998, 1664.133179,0.20784314,0.06666667,0,0.0,0.0,65539,0, 0)
captureUserWait ( 37 )
captureDispatchPointer( 390111894000,390179500000, 2, 880.184998, 1664.133179,0.20784314,0.06666667,0,0.0,0.0,65539,0, 0)
captureUserWait ( 8 )
captureDispatchPointer( 390111894000,390187914000, 1, 880.184998, 1664.133179,0.20784314,0.06666667,0,0.0,0.0,65539,0, 0)
captureUserWait ( 547 )
captureDispatchPointer( 390735505000,390735505000, 0, 706.346008, 1331.306519,0.20784314,0.06666667,0,0.0,0.0,65539,0, 0)
captureUserWait ( 36 )
captureDispatchPointer( 390735505000,390772028000, 2, 706.346008, 1331.306519,0.20784314,0.06666667,0,0.0,0.0,65539,0, 0)
captureUserWait ( 37 )
captureDispatchPointer( 390735505000,390809185000, 2, 706.346008, 1331.306519,0.20784314,0.06666667,0,0.0,0.0,65539,0, 0)
captureUserWait ( 36 )
captureDispatchPointer( 390735505000,390845457000, 1, 706.346008, 1331.306519,0.20784314,0.06666667,0,0.0,0.0,65539,0, 0)
captureUserWait ( 491 )
captureDispatchPointer( 391336626000,391336626000, 0, 220.795563, 1503.217041,0.20784314,0.06666667,0,0.0,0.0,65539,0, 0)
captureUserWait ( 55 )
captureDispatchPointer( 391336626000,391392319000, 2, 220.795563, 1503.217041,0.20784314,0.06666667,0,0.0,0.0,65539,0, 0)
captureUserWait ( 55 )
captureDispatchPointer( 391336626000,391448157000, 2, 220.795563, 1503.217041,0.20784314,0.06666667,0,0.0,0.0,65539,0, 0)
captureUserWait ( 8 )
captureDispatchPointer( 391336626000,391456373000, 1, 220.795563, 1503.217041,0.20784314,0.06666667,0,0.0,0.0,65539,0, 0)
captureUserWait ( 645 )
captureDispatchPointer( 392102105000,392102105000, 0, 824.236816, 1346.298828,0.20784314,0.06666667,0,0.0,0.0,65539,0, 0)
captureUserWait ( 37 )
captureDispatchPointer( 392102105000,392139262000, 2, 824.236816, 1346.298828,0.20784314,0.06666667,0,0.0,0.0,65539,0, 0)
captureUserWait ( 8 )
captureDispatchPointer( 392102105000,392147675000, 1, 824.236816, 1346.298828,0.20784314,0.06666667,0,0.0,0.0,65539,0, 0)
captureUserWait ( 547 )
captureDispatchPointer( 392695380000,392695380000, 0, 427.604065, 1660.135254,0.20784314,0.06666667,0,0.0,0.0,65539,0, 0)
captureUserWait ( 64 )
captureDispatchPointer( 392695380000,392759741000, 2, 427.604065, 1661.134766,0.20784314,0.06666667,0,0.0,0.0,65539,0, 0)
captureUserWait ( 9 )
captureDispatchPointer( 392695380000,392769063000, 2, 427.604065, 1662.134277,0.20784314,0.06666667,0,0.0,0.0,65539,0, 0)
captureUserWait ( 9 )
captureDispatchPointer( 392695380000,392778453000, 2, 427.604065, 1663.133789,0.20784314,0.06666667,0,0.0,0.0,65539,0, 0)
captureUserWait ( 8 )
captureDispatchPointer( 392695380000,392786688000, 1, 427.604065, 1663.133789,0.20784314,0.06666667,0,0.0,0.0,65539,0, 0)
captureUserWait ( 2944 )
compareScreenshot(2014-10-07_04-31-53.jpg, 0, 0, 1080, 1920, 0, 1.0, 10)
captureDispatchPointer( 395731346000,395731346000, 0, 1014.061035, 1819.052490,0.20784314,0.06666667,0,0.0,0.0,65539,0, 0)
captureUserWait ( 63 )
captureDispatchPointer( 395731346000,395795294000, 2, 1015.060120, 1819.052490,0.20784314,0.06666667,0,0.0,0.0,65539,0, 0)
captureUserWait ( 8 )
captureDispatchPointer( 395731346000,395803649000, 1, 1015.060120, 1819.052490,0.20784314,0.06666667,0,0.0,0.0,65539,0, 0)
captureUserWait ( 16892 )
compareScreenshot(2014-10-07_04-32-10.jpg, 0, 0, 1080, 1920, 0, 1.0, 10)
captureDispatchPointer( 412695779000,412695779000, 0, 627.419067, 523.727234,0.20784314,0.06666667,0,0.0,0.0,65539,0, 0)
captureUserWait ( 36 )
captureDispatchPointer( 412695779000,412732768000, 2, 627.419067, 523.727234,0.20784314,0.06666667,0,0.0,0.0,65539,0, 0)
captureUserWait ( 27 )
captureDispatchPointer( 412695779000,412759809000, 1, 627.419067, 523.727234,0.20784314,0.06666667,0,0.0,0.0,65539,0, 0)

# 觀看5分鐘
# captureUserWait ( 35463 )
captureUserWait ( 178000 )
compareScreenshot(2014-10-07_04-32-45.jpg, 0, 0, 1080, 1920, 0, 1.0, 10)
captureDispatchKey( 0, 0, 0, 4, 0,0,0,0)
captureUserWait ( 157 )
captureDispatchKey( 0, 0, 1, 4, 0,0,0,0)
captureUserWait ( 6490 )
compareScreenshot(2014-10-07_04-32-52.jpg, 0, 0, 1080, 1920, 0, 1.0, 10)
captureDispatchPointer( 454871484000,454871484000, 0, 606.438477, 1768.079102,0.20784314,0.06666667,0,0.0,0.0,65539,0, 0)
captureUserWait ( 81 )
captureDispatchPointer( 454871484000,454953341000, 2, 606.438477, 1768.079102,0.20784314,0.06666667,0,0.0,0.0,65539,0, 0)
captureUserWait ( 37 )
captureDispatchPointer( 454871484000,454990488000, 2, 607.437561, 1768.079102,0.20784314,0.06666667,0,0.0,0.0,65539,0, 0)
captureUserWait ( 9 )
captureDispatchPointer( 454871484000,454999803000, 2, 608.436646, 1768.079102,0.20784314,0.06666667,0,0.0,0.0,65539,0, 0)
captureUserWait ( 9 )
captureDispatchPointer( 454871484000,455009121000, 2, 609.435730, 1768.079102,0.20784314,0.06666667,0,0.0,0.0,65539,0, 0)
captureUserWait ( 9 )
captureDispatchPointer( 454871484000,455018436000, 2, 611.433838, 1768.079102,0.20784314,0.06666667,0,0.0,0.0,65539,0, 0)
captureUserWait ( 9 )
captureDispatchPointer( 454871484000,455027739000, 2, 613.432007, 1768.079102,0.20784314,0.06666667,0,0.0,0.0,65539,0, 0)
captureUserWait ( 9 )
captureDispatchPointer( 454871484000,455037043000, 2, 616.429260, 1768.079102,0.20784314,0.06666667,0,0.0,0.0,65539,0, 0)
captureUserWait ( 9 )
captureDispatchPointer( 454871484000,455046376000, 2, 619.426453, 1768.079102,0.20784314,0.06666667,0,0.0,0.0,65539,0, 0)
captureUserWait ( 9 )
captureDispatchPointer( 454871484000,455055669000, 2, 622.423706, 1768.079102,0.20784314,0.06666667,0,0.0,0.0,65539,0, 0)
captureUserWait ( 9 )
captureDispatchPointer( 454871484000,455064993000, 2, 626.419983, 1769.078613,0.20784314,0.06666667,0,0.0,0.0,65539,0, 0)
captureUserWait ( 9 )
captureDispatchPointer( 454871484000,455074368000, 2, 631.415344, 1770.078003,0.20784314,0.06666667,0,0.0,0.0,65539,0, 0)
captureUserWait ( 9 )
captureDispatchPointer( 454871484000,455083721000, 2, 638.408875, 1770.078003,0.20784314,0.06666667,0,0.0,0.0,65539,0, 0)
captureUserWait ( 9 )
captureDispatchPointer( 454871484000,455093026000, 2, 645.402405, 1770.078003,0.20784314,0.06666667,0,0.0,0.0,65539,0, 0)
captureUserWait ( 9 )
captureDispatchPointer( 454871484000,455102244000, 2, 653.395020, 1770.078003,0.20784314,0.06666667,0,0.0,0.0,65539,0, 0)
captureUserWait ( 9 )
captureDispatchPointer( 454871484000,455111576000, 2, 663.385742, 1770.078003,0.20784314,0.06666667,0,0.0,0.0,65539,0, 0)
captureUserWait ( 9 )
captureDispatchPointer( 454871484000,455120923000, 2, 674.375610, 1770.078003,0.20784314,0.06666667,0,0.0,0.0,65539,0, 0)
captureUserWait ( 9 )
captureDispatchPointer( 454871484000,455130178000, 2, 686.364502, 1770.078003,0.20784314,0.06666667,0,0.0,0.0,65539,0, 0)
captureUserWait ( 9 )
captureDispatchPointer( 454871484000,455139494000, 2, 699.352478, 1770.078003,0.20784314,0.06666667,0,0.0,0.0,65539,0, 0)
captureUserWait ( 9 )
captureDispatchPointer( 454871484000,455148904000, 2, 713.339478, 1769.078613,0.20784314,0.06666667,0,0.0,0.0,65539,0, 0)
captureUserWait ( 9 )
captureDispatchPointer( 454871484000,455158158000, 2, 726.327454, 1769.078613,0.20784314,0.06666667,0,0.0,0.0,65539,0, 0)
captureUserWait ( 9 )
captureDispatchPointer( 454871484000,455167451000, 2, 739.315430, 1768.079102,0.20784314,0.06666667,0,0.0,0.0,65539,0, 0)
captureUserWait ( 9 )
captureDispatchPointer( 454871484000,455176986000, 2, 752.303406, 1767.079590,0.20784314,0.06666667,0,0.0,0.0,65539,0, 0)
captureUserWait ( 9 )
captureDispatchPointer( 454871484000,455186120000, 2, 765.291382, 1767.079590,0.20784314,0.06666667,0,0.0,0.0,65539,0, 0)
captureUserWait ( 9 )
captureDispatchPointer( 454871484000,455195667000, 2, 782.275696, 1766.080078,0.20784314,0.06666667,0,0.0,0.0,65539,0, 0)
captureUserWait ( 9 )
captureDispatchPointer( 454871484000,455204831000, 2, 797.261780, 1765.080688,0.20784314,0.06666667,0,0.0,0.0,65539,0, 0)
captureUserWait ( 9 )
captureDispatchPointer( 454871484000,455214321000, 2, 811.248840, 1764.081177,0.20784314,0.06666667,0,0.0,0.0,65539,0, 0)
captureUserWait ( 9 )
captureDispatchPointer( 454871484000,455223515000, 2, 828.233093, 1763.081665,0.20784314,0.06666667,0,0.0,0.0,65539,0, 0)
captureUserWait ( 9 )
captureDispatchPointer( 454871484000,455232764000, 2, 845.217407, 1762.082153,0.20784314,0.06666667,0,0.0,0.0,65539,0, 0)
captureUserWait ( 9 )
captureDispatchPointer( 454871484000,455242174000, 2, 864.199829, 1761.082764,0.20784314,0.06666667,0,0.0,0.0,65539,0, 0)
captureUserWait ( 9 )
captureDispatchPointer( 454871484000,455251344000, 2, 881.184082, 1760.083252,0.20784314,0.06666667,0,0.0,0.0,65539,0, 0)
captureUserWait ( 9 )
captureDispatchPointer( 454871484000,455260614000, 2, 895.171143, 1760.083252,0.20784314,0.06666667,0,0.0,0.0,65539,0, 0)
captureUserWait ( 9 )
captureDispatchPointer( 454871484000,455269900000, 2, 910.157288, 1760.083252,0.20784314,0.06666667,0,0.0,0.0,65539,0, 0)
captureUserWait ( 9 )
captureDispatchPointer( 454871484000,455279267000, 2, 925.143372, 1760.083252,0.20784314,0.06666667,0,0.0,0.0,65539,0, 0)
captureUserWait ( 9 )
captureDispatchPointer( 454871484000,455288640000, 2, 942.127686, 1760.083252,0.20784314,0.06666667,0,0.0,0.0,65539,0, 0)
captureUserWait ( 9 )
captureDispatchPointer( 454871484000,455297841000, 2, 956.114685, 1760.083252,0.20784314,0.06666667,0,0.0,0.0,65539,0, 0)
captureUserWait ( 9 )
captureDispatchPointer( 454871484000,455307169000, 2, 970.101746, 1761.082764,0.20784314,0.06666667,0,0.0,0.0,65539,0, 0)
captureUserWait ( 9 )
captureDispatchPointer( 454871484000,455316519000, 2, 986.086975, 1762.082153,0.20784314,0.06666667,0,0.0,0.0,65539,0, 0)
captureUserWait ( 9 )
captureDispatchPointer( 454871484000,455325793000, 2, 1008.066589, 1763.081665,0.20784314,0.06666667,0,0.0,0.0,65539,0, 0)
captureUserWait ( 9 )
captureDispatchPointer( 454871484000,455335094000, 2, 1036.040649, 1764.081177,0.20784314,0.06666667,0,0.0,0.0,65539,0, 0)
captureUserWait ( 8 )
captureDispatchPointer( 454871484000,455343507000, 1, 1036.040649, 1764.081177,0.20784314,0.06666667,0,0.0,0.0,65539,0, 0)
captureUserWait ( 3992 )
compareScreenshot(2014-10-07_04-32-56.jpg, 0, 0, 1080, 1920, 0, 1.0, 10)
captureDispatchKey( 0, 0, 0, 4, 0,0,0,0)
captureUserWait ( 120 )
captureDispatchKey( 0, 0, 1, 4, 0,0,0,0)
captureUserWait ( 6706 )
compareScreenshot(2014-10-07_04-33-03.jpg, 0, 0, 1080, 1920, 0, 1.0, 10)
captureDispatchKey( 0, 0, 0, 3, 0,0,0,0)
captureUserWait ( 156 )
captureDispatchKey( 0, 0, 1, 3, 0,0,0,0)
captureUserWait ( 3810 )
compareScreenshot(2014-10-07_04-33-07.jpg, 0, 0, 1080, 1920, 0, 1.0, 10)
captureUserWait ( 1500 )
