type=raw events 1
count= 1
speed=1.0
start data >>
RunCmd(am start -n com.supercell.boombeach/.GameApp --activity-single-top)
captureUserWait ( 25000 )
compareScreenshot(2014-08-01_10-36-09.jpg, 0, 0, 1080, 1920, 0, 1.0, 10)
captureDispatchPointer( 144766957000,144766957000, 0, 886.538269, 681.369080,0.20784314,0.06666667,0,0.0,0.0,65539,0, 0)
captureUserWait ( 55 )
captureDispatchPointer( 144766957000,144822496000, 2, 886.538269, 681.369080,0.20784314,0.06666667,0,0.0,0.0,65539,0, 0)
captureUserWait ( 8 )
captureDispatchPointer( 144766957000,144831001000, 1, 886.538269, 681.369080,0.20784314,0.06666667,0,0.0,0.0,65539,0, 0)
captureUserWait ( 4487 )
compareScreenshot(2014-08-01_10-36-14.jpg, 0, 0, 1080, 1920, 0, 1.0, 10)
captureDispatchPointer( 149318409000,149318409000, 0, 867.548157, 654.394104,0.20784314,0.06666667,0,0.0,0.0,65539,0, 0)
captureUserWait ( 36 )
captureDispatchPointer( 149318409000,149355387000, 2, 867.548157, 654.394104,0.20784314,0.06666667,0,0.0,0.0,65539,0, 0)
captureUserWait ( 28 )
captureDispatchPointer( 149318409000,149383459000, 2, 866.548645, 654.394104,0.20784314,0.06666667,0,0.0,0.0,65539,0, 0)
captureUserWait ( 9 )
captureDispatchPointer( 149318409000,149392879000, 2, 865.549194, 654.394104,0.20784314,0.06666667,0,0.0,0.0,65539,0, 0)
captureUserWait ( 9 )
captureDispatchPointer( 149318409000,149402233000, 2, 865.549194, 654.394104,0.20784314,0.06666667,0,0.0,0.0,65539,0, 0)
captureUserWait ( 27 )
captureDispatchPointer( 149318409000,149429252000, 1, 865.549194, 654.394104,0.20784314,0.06666667,0,0.0,0.0,65539,0, 0)
captureUserWait ( 2005 )
compareScreenshot(2014-08-01_10-36-16.jpg, 0, 0, 1080, 1920, 0, 1.0, 10)
captureDispatchPointer( 151434997000,151434997000, 0, 827.568970, 662.386658,0.20784314,0.06666667,0,0.0,0.0,65539,0, 0)
captureUserWait ( 27 )
captureDispatchPointer( 151434997000,151462824000, 2, 827.568970, 662.386658,0.20784314,0.06666667,0,0.0,0.0,65539,0, 0)
captureUserWait ( 56 )
captureDispatchPointer( 151434997000,151518935000, 2, 827.568970, 662.386658,0.20784314,0.06666667,0,0.0,0.0,65539,0, 0)
captureUserWait ( 17 )
captureDispatchPointer( 151434997000,151536475000, 1, 827.568970, 662.386658,0.20784314,0.06666667,0,0.0,0.0,65539,0, 0)
captureUserWait ( 2733 )
compareScreenshot(2014-08-01_10-36-19.jpg, 0, 0, 1080, 1920, 0, 1.0, 10)
captureDispatchPointer( 154270368000,154270368000, 0, 129.932327, 876.188721,0.20784314,0.06666667,0,0.0,0.0,65539,0, 0)
captureUserWait ( 36 )
captureDispatchPointer( 154270368000,154307365000, 2, 129.932327, 876.188721,0.20784314,0.06666667,0,0.0,0.0,65539,0, 0)
captureUserWait ( 9 )
captureDispatchPointer( 154270368000,154316698000, 2, 128.932846, 876.188721,0.20784314,0.06666667,0,0.0,0.0,65539,0, 0)
captureUserWait ( 9 )
captureDispatchPointer( 154270368000,154326030000, 2, 127.933365, 877.187805,0.20784314,0.06666667,0,0.0,0.0,65539,0, 0)
captureUserWait ( 37 )
captureDispatchPointer( 154270368000,154363513000, 2, 127.933365, 878.186890,0.20784314,0.06666667,0,0.0,0.0,65539,0, 0)
captureUserWait ( 28 )
captureDispatchPointer( 154270368000,154391588000, 2, 127.933365, 879.185913,0.20784314,0.06666667,0,0.0,0.0,65539,0, 0)
captureUserWait ( 9 )
captureDispatchPointer( 154270368000,154401003000, 2, 127.933365, 880.184998,0.20784314,0.06666667,0,0.0,0.0,65539,0, 0)
captureUserWait ( 28 )
captureDispatchPointer( 154270368000,154429089000, 2, 127.933365, 881.184082,0.20784314,0.06666667,0,0.0,0.0,65539,0, 0)
captureUserWait ( 9 )
captureDispatchPointer( 154270368000,154438514000, 2, 127.933365, 881.184082,0.20784314,0.06666667,0,0.0,0.0,65539,0, 0)
captureUserWait ( 8 )
captureDispatchPointer( 154270368000,154446613000, 1, 127.933365, 881.184082,0.20784314,0.06666667,0,0.0,0.0,65539,0, 0)
captureUserWait ( 2173 )
compareScreenshot(2014-08-01_10-36-21.jpg, 0, 0, 1080, 1920, 0, 1.0, 10)
captureDispatchPointer( 156620042000,156620042000, 0, 215.887558, 580.462524,0.20784314,0.06666667,0,0.0,0.0,65539,0, 0)
captureUserWait ( 8 )
captureDispatchPointer( 156620042000,156629039000, 2, 215.887558, 580.462524,0.20784314,0.06666667,0,0.0,0.0,65539,0, 0)
captureUserWait ( 9 )
captureDispatchPointer( 156620042000,156638377000, 2, 215.887558, 580.462524,0.20784314,0.06666667,0,0.0,0.0,65539,0, 0)
captureUserWait ( 112 )
captureDispatchPointer( 156620042000,156750756000, 2, 215.887558, 580.462524,0.20784314,0.06666667,0,0.0,0.0,65539,0, 0)
captureUserWait ( 8 )
captureDispatchPointer( 156620042000,156758961000, 1, 215.887558, 580.462524,0.20784314,0.06666667,0,0.0,0.0,65539,0, 0)
captureUserWait ( 2680 )
compareScreenshot(2014-08-01_10-36-24.jpg, 0, 0, 1080, 1920, 0, 1.0, 10)
captureDispatchPointer( 159439876000,159439876000, 0, 1284.331055, 456.577240,0.20784314,0.06666667,0,0.0,0.0,65539,0, 0)
captureUserWait ( 8 )
captureDispatchPointer( 159439876000,159448664000, 2, 1284.331055, 456.577240,0.20784314,0.06666667,0,0.0,0.0,65539,0, 0)
captureUserWait ( 9 )
captureDispatchPointer( 159439876000,159458070000, 2, 1285.330566, 456.577240,0.20784314,0.06666667,0,0.0,0.0,65539,0, 0)
captureUserWait ( 9 )
captureDispatchPointer( 159439876000,159467273000, 2, 1286.329956, 456.577240,0.20784314,0.06666667,0,0.0,0.0,65539,0, 0)
captureUserWait ( 9 )
captureDispatchPointer( 159439876000,159476672000, 2, 1287.329468, 456.577240,0.20784314,0.06666667,0,0.0,0.0,65539,0, 0)
captureUserWait ( 9 )
captureDispatchPointer( 159439876000,159486045000, 2, 1288.328979, 456.577240,0.20784314,0.06666667,0,0.0,0.0,65539,0, 0)
captureUserWait ( 9 )
captureDispatchPointer( 159439876000,159495430000, 2, 1289.328491, 456.577240,0.20784314,0.06666667,0,0.0,0.0,65539,0, 0)
captureUserWait ( 168 )
captureDispatchPointer( 159439876000,159664048000, 2, 1289.328491, 456.577240,0.20784314,0.06666667,0,0.0,0.0,65539,0, 0)
captureUserWait ( 8 )
captureDispatchPointer( 159439876000,159672187000, 1, 1289.328491, 456.577240,0.20784314,0.06666667,0,0.0,0.0,65539,0, 0)
captureUserWait ( 5853 )
compareScreenshot(2014-08-01_10-36-30.jpg, 0, 0, 1080, 1920, 0, 1.0, 10)
captureDispatchPointer( 165525973000,165525973000, 0, 807.579346, 660.388550,0.20784314,0.06666667,0,0.0,0.0,65539,0, 0)
captureUserWait ( 8 )
captureDispatchPointer( 165525973000,165534962000, 2, 807.579346, 660.388550,0.20784314,0.06666667,0,0.0,0.0,65539,0, 0)
captureUserWait ( 130 )
captureDispatchPointer( 165525973000,165665076000, 1, 807.579346, 660.388550,0.20784314,0.06666667,0,0.0,0.0,65539,0, 0)
captureUserWait ( 2265 )
compareScreenshot(2014-08-01_10-36-33.jpg, 0, 0, 1080, 1920, 0, 1.0, 10)
captureDispatchPointer( 167930506000,167930506000, 0, 1247.350342, 515.522644,0.20784314,0.06666667,0,0.0,0.0,65539,0, 0)
captureUserWait ( 27 )
captureDispatchPointer( 167930506000,167957982000, 2, 1247.350342, 515.522644,0.20784314,0.06666667,0,0.0,0.0,65539,0, 0)
captureUserWait ( 9 )
captureDispatchPointer( 167930506000,167967490000, 2, 1247.350342, 515.522644,0.20784314,0.06666667,0,0.0,0.0,65539,0, 0)
captureUserWait ( 74 )
captureDispatchPointer( 167930506000,168042247000, 2, 1247.350342, 515.522644,0.20784314,0.06666667,0,0.0,0.0,65539,0, 0)
captureUserWait ( 18 )
captureDispatchPointer( 167930506000,168060984000, 2, 1247.350342, 515.522644,0.20784314,0.06666667,0,0.0,0.0,65539,0, 0)
captureUserWait ( 9 )
captureDispatchPointer( 167930506000,168070327000, 2, 1247.350342, 515.522644,0.20784314,0.06666667,0,0.0,0.0,65539,0, 0)
captureUserWait ( 28 )
captureDispatchPointer( 167930506000,168098332000, 2, 1247.350342, 515.522644,0.20784314,0.06666667,0,0.0,0.0,65539,0, 0)
captureUserWait ( 8 )
captureDispatchPointer( 167930506000,168106587000, 1, 1247.350342, 515.522644,0.20784314,0.06666667,0,0.0,0.0,65539,0, 0)
captureUserWait ( 1441 )
compareScreenshot(2014-08-01_10-36-34.jpg, 0, 0, 1080, 1920, 0, 1.0, 10)
captureDispatchPointer( 169548466000,169548466000, 0, 1225.361816, 519.518982,0.20784314,0.06666667,0,0.0,0.0,65539,0, 0)
captureUserWait ( 17 )
captureDispatchPointer( 169548466000,169566398000, 2, 1225.361816, 519.518982,0.20784314,0.06666667,0,0.0,0.0,65539,0, 0)
captureUserWait ( 65 )
captureDispatchPointer( 169548466000,169631898000, 2, 1225.361816, 519.518982,0.20784314,0.06666667,0,0.0,0.0,65539,0, 0)
captureUserWait ( 18 )
captureDispatchPointer( 169548466000,169650628000, 2, 1225.361816, 519.518982,0.20784314,0.06666667,0,0.0,0.0,65539,0, 0)
captureUserWait ( 9 )
captureDispatchPointer( 169548466000,169660076000, 2, 1224.362305, 519.518982,0.20784314,0.06666667,0,0.0,0.0,65539,0, 0)
captureUserWait ( 36 )
captureDispatchPointer( 169548466000,169696240000, 1, 1224.362305, 519.518982,0.20784314,0.06666667,0,0.0,0.0,65539,0, 0)
captureUserWait ( 2192 )
compareScreenshot(2014-08-01_10-36-37.jpg, 0, 0, 1080, 1920, 0, 1.0, 10)
captureDispatchPointer( 171888498000,171888498000, 0, 802.581970, 770.286804,0.20784314,0.06666667,0,0.0,0.0,65539,0, 0)
captureUserWait ( 8 )
captureDispatchPointer( 171888498000,171897236000, 2, 802.581970, 770.286804,0.20784314,0.06666667,0,0.0,0.0,65539,0, 0)
captureUserWait ( 46 )
captureDispatchPointer( 171888498000,171943946000, 2, 801.582520, 770.286804,0.20784314,0.06666667,0,0.0,0.0,65539,0, 0)
captureUserWait ( 9 )
captureDispatchPointer( 171888498000,171953291000, 2, 800.583008, 770.286804,0.20784314,0.06666667,0,0.0,0.0,65539,0, 0)
captureUserWait ( 9 )
captureDispatchPointer( 171888498000,171962766000, 2, 799.583557, 770.286804,0.20784314,0.06666667,0,0.0,0.0,65539,0, 0)
captureUserWait ( 9 )
captureDispatchPointer( 171888498000,171972195000, 2, 798.584045, 770.286804,0.20784314,0.06666667,0,0.0,0.0,65539,0, 0)
captureUserWait ( 9 )
captureDispatchPointer( 171888498000,171981537000, 2, 796.585083, 771.285828,0.20784314,0.06666667,0,0.0,0.0,65539,0, 0)
captureUserWait ( 9 )
captureDispatchPointer( 171888498000,171990748000, 2, 794.586121, 772.284912,0.20784314,0.06666667,0,0.0,0.0,65539,0, 0)
captureUserWait ( 9 )
captureDispatchPointer( 171888498000,172000240000, 2, 791.587708, 773.283997,0.20784314,0.06666667,0,0.0,0.0,65539,0, 0)
captureUserWait ( 9 )
captureDispatchPointer( 171888498000,172009496000, 2, 788.589233, 773.283997,0.20784314,0.06666667,0,0.0,0.0,65539,0, 0)
captureUserWait ( 9 )
captureDispatchPointer( 171888498000,172018790000, 2, 785.590820, 773.283997,0.20784314,0.06666667,0,0.0,0.0,65539,0, 0)
captureUserWait ( 9 )
captureDispatchPointer( 171888498000,172028184000, 2, 782.592407, 773.283997,0.20784314,0.06666667,0,0.0,0.0,65539,0, 0)
captureUserWait ( 9 )
captureDispatchPointer( 171888498000,172037551000, 2, 780.593445, 773.283997,0.20784314,0.06666667,0,0.0,0.0,65539,0, 0)
captureUserWait ( 9 )
captureDispatchPointer( 171888498000,172046921000, 2, 779.593933, 773.283997,0.20784314,0.06666667,0,0.0,0.0,65539,0, 0)
captureUserWait ( 8 )
captureDispatchPointer( 171888498000,172055087000, 1, 779.593933, 773.283997,0.20784314,0.06666667,0,0.0,0.0,65539,0, 0)
captureUserWait ( 11001 )
compareScreenshot(2014-08-01_10-36-58.jpg, 0, 0, 1080, 1920, 0, 1.0, 10)
captureDispatchPointer( 193056720000,193056720000, 0, 1351.296143, 536.503235,0.20784314,0.06666667,0,0.0,0.0,65539,0, 0)
captureUserWait ( 111 )
captureDispatchPointer( 193056720000,193168203000, 2, 1351.296143, 536.503235,0.20784314,0.06666667,0,0.0,0.0,65539,0, 0)
captureUserWait ( 8 )
captureDispatchPointer( 193056720000,193176442000, 1, 1351.296143, 536.503235,0.20784314,0.06666667,0,0.0,0.0,65539,0, 0)
captureUserWait ( 2159 )
compareScreenshot(2014-08-01_10-37-00.jpg, 0, 0, 1080, 1920, 0, 1.0, 10)
captureDispatchPointer( 195336244000,195336244000, 0, 856.553833, 689.361694,0.20784314,0.06666667,0,0.0,0.0,65539,0, 0)
captureUserWait ( 131 )
captureDispatchPointer( 195336244000,195467333000, 2, 856.553833, 688.362610,0.20784314,0.06666667,0,0.0,0.0,65539,0, 0)
captureUserWait ( 8 )
captureDispatchPointer( 195336244000,195475797000, 1, 856.553833, 688.362610,0.20784314,0.06666667,0,0.0,0.0,65539,0, 0)
captureUserWait ( 2017 )
compareScreenshot(2014-08-01_10-37-02.jpg, 0, 0, 1080, 1920, 0, 1.0, 10)
captureDispatchPointer( 197492917000,197492917000, 0, 873.544983, 689.361694,0.20784314,0.06666667,0,0.0,0.0,65539,0, 0)
captureUserWait ( 111 )
captureDispatchPointer( 197492917000,197604651000, 2, 873.544983, 689.361694,0.20784314,0.06666667,0,0.0,0.0,65539,0, 0)
captureUserWait ( 7 )
captureDispatchPointer( 197492917000,197612227000, 1, 873.544983, 689.361694,0.20784314,0.06666667,0,0.0,0.0,65539,0, 0)
captureUserWait ( 1892 )
compareScreenshot(2014-08-01_10-37-04.jpg, 0, 0, 1080, 1920, 0, 1.0, 10)
captureDispatchPointer( 199504937000,199504937000, 0, 829.567932, 690.360779,0.20784314,0.06666667,0,0.0,0.0,65539,0, 0)
captureUserWait ( 83 )
captureDispatchPointer( 199504937000,199588335000, 2, 829.567932, 690.360779,0.20784314,0.06666667,0,0.0,0.0,65539,0, 0)
captureUserWait ( 9 )
captureDispatchPointer( 199504937000,199597634000, 2, 829.567932, 689.361694,0.20784314,0.06666667,0,0.0,0.0,65539,0, 0)
captureUserWait ( 8 )
captureDispatchPointer( 199504937000,199605869000, 1, 829.567932, 689.361694,0.20784314,0.06666667,0,0.0,0.0,65539,0, 0)
captureUserWait ( 3281 )
compareScreenshot(2014-08-01_10-37-08.jpg, 0, 0, 1080, 1920, 0, 1.0, 10)
captureDispatchPointer( 202887790000,202887790000, 0, 1015.471069, 533.506042,0.20784314,0.06666667,0,0.0,0.0,65539,0, 0)
captureUserWait ( 8 )
captureDispatchPointer( 202887790000,202896603000, 2, 1015.471069, 533.506042,0.20784314,0.06666667,0,0.0,0.0,65539,0, 0)
captureUserWait ( 234 )
captureDispatchPointer( 202887790000,203130653000, 2, 1015.471069, 532.506958,0.20784314,0.06666667,0,0.0,0.0,65539,0, 0)
captureUserWait ( 9 )
captureDispatchPointer( 202887790000,203140062000, 2, 1015.471069, 531.507874,0.20784314,0.06666667,0,0.0,0.0,65539,0, 0)
captureUserWait ( 9 )
captureDispatchPointer( 202887790000,203149364000, 2, 1015.471069, 530.508789,0.20784314,0.06666667,0,0.0,0.0,65539,0, 0)
captureUserWait ( 8 )
captureDispatchPointer( 202887790000,203157624000, 1, 1015.471069, 530.508789,0.20784314,0.06666667,0,0.0,0.0,65539,0, 0)
captureUserWait ( 1466 )
compareScreenshot(2014-08-01_10-37-09.jpg, 0, 0, 1080, 1920, 0, 1.0, 10)
captureDispatchPointer( 204624436000,204624436000, 0, 1083.435669, 653.395020,0.20784314,0.06666667,0,0.0,0.0,65539,0, 0)
captureUserWait ( 16 )
captureDispatchPointer( 204624436000,204640796000, 2, 1083.435669, 653.395020,0.20784314,0.06666667,0,0.0,0.0,65539,0, 0)
captureUserWait ( 9 )
captureDispatchPointer( 204624436000,204650207000, 2, 1083.435669, 653.395020,0.20784314,0.06666667,0,0.0,0.0,65539,0, 0)
captureUserWait ( 37 )
captureDispatchPointer( 204624436000,204687617000, 2, 1083.435669, 653.395020,0.20784314,0.06666667,0,0.0,0.0,65539,0, 0)
captureUserWait ( 9 )
captureDispatchPointer( 204624436000,204697012000, 2, 1083.435669, 654.394104,0.20784314,0.06666667,0,0.0,0.0,65539,0, 0)
captureUserWait ( 28 )
captureDispatchPointer( 204624436000,204725132000, 2, 1083.435669, 655.393188,0.20784314,0.06666667,0,0.0,0.0,65539,0, 0)
captureUserWait ( 9 )
captureDispatchPointer( 204624436000,204734520000, 2, 1083.435669, 655.393188,0.20784314,0.06666667,0,0.0,0.0,65539,0, 0)
captureUserWait ( 28 )
captureDispatchPointer( 204624436000,204762568000, 2, 1083.435669, 655.393188,0.20784314,0.06666667,0,0.0,0.0,65539,0, 0)
captureUserWait ( 46 )
captureDispatchPointer( 204624436000,204809396000, 2, 1082.436157, 654.394104,0.20784314,0.06666667,0,0.0,0.0,65539,0, 0)
captureUserWait ( 9 )
captureDispatchPointer( 204624436000,204818760000, 2, 1081.436768, 652.395935,0.20784314,0.06666667,0,0.0,0.0,65539,0, 0)
captureUserWait ( 9 )
captureDispatchPointer( 204624436000,204828100000, 2, 1081.436768, 651.396851,0.20784314,0.06666667,0,0.0,0.0,65539,0, 0)
captureUserWait ( 8 )
captureDispatchPointer( 204624436000,204836295000, 1, 1081.436768, 651.396851,0.20784314,0.06666667,0,0.0,0.0,65539,0, 0)
captureUserWait ( 1844 )
compareScreenshot(2014-08-01_10-37-11.jpg, 0, 0, 1080, 1920, 0, 1.0, 10)
captureDispatchPointer( 206680393000,206680393000, 0, 457.761566, 441.591125,0.20784314,0.06666667,0,0.0,0.0,65539,0, 0)
captureUserWait ( 17 )
captureDispatchPointer( 206680393000,206698378000, 2, 457.761566, 441.591125,0.20784314,0.06666667,0,0.0,0.0,65539,0, 0)
captureUserWait ( 9 )
captureDispatchPointer( 206680393000,206707696000, 2, 457.761566, 441.591125,0.20784314,0.06666667,0,0.0,0.0,65539,0, 0)
captureUserWait ( 9 )
captureDispatchPointer( 206680393000,206717081000, 2, 457.761566, 441.591125,0.20784314,0.06666667,0,0.0,0.0,65539,0, 0)
captureUserWait ( 9 )
captureDispatchPointer( 206680393000,206726444000, 2, 456.762085, 441.591125,0.20784314,0.06666667,0,0.0,0.0,65539,0, 0)
captureUserWait ( 9 )
captureDispatchPointer( 206680393000,206735809000, 2, 455.762604, 441.591125,0.20784314,0.06666667,0,0.0,0.0,65539,0, 0)
captureUserWait ( 9 )
captureDispatchPointer( 206680393000,206745177000, 2, 454.763123, 441.591125,0.20784314,0.06666667,0,0.0,0.0,65539,0, 0)
captureUserWait ( 9 )
captureDispatchPointer( 206680393000,206754575000, 2, 453.763641, 441.591125,0.20784314,0.06666667,0,0.0,0.0,65539,0, 0)
captureUserWait ( 9 )
captureDispatchPointer( 206680393000,206763947000, 2, 452.764160, 441.591125,0.20784314,0.06666667,0,0.0,0.0,65539,0, 0)
captureUserWait ( 18 )
captureDispatchPointer( 206680393000,206782675000, 2, 451.764709, 441.591125,0.20784314,0.06666667,0,0.0,0.0,65539,0, 0)
captureUserWait ( 9 )
captureDispatchPointer( 206680393000,206792065000, 2, 450.765228, 441.591125,0.20784314,0.06666667,0,0.0,0.0,65539,0, 0)
captureUserWait ( 9 )
captureDispatchPointer( 206680393000,206801407000, 2, 449.765747, 441.591125,0.20784314,0.06666667,0,0.0,0.0,65539,0, 0)
captureUserWait ( 9 )
captureDispatchPointer( 206680393000,206810803000, 2, 448.766266, 441.591125,0.20784314,0.06666667,0,0.0,0.0,65539,0, 0)
captureUserWait ( 46 )
captureDispatchPointer( 206680393000,206857578000, 2, 448.766266, 441.591125,0.20784314,0.06666667,0,0.0,0.0,65539,0, 0)
captureUserWait ( 8 )
captureDispatchPointer( 206680393000,206865777000, 1, 448.766266, 441.591125,0.20784314,0.06666667,0,0.0,0.0,65539,0, 0)
captureUserWait ( 7965 )
compareScreenshot(2014-08-01_10-37-19.jpg, 0, 0, 1080, 1920, 0, 1.0, 10)
captureDispatchPointer( 214830826000,214830826000, 0, 784.591370, 680.370056,0.20784314,0.06666667,0,0.0,0.0,65539,0, 0)
captureUserWait ( 139 )
captureDispatchPointer( 214830826000,214970368000, 2, 784.591370, 680.370056,0.20784314,0.06666667,0,0.0,0.0,65539,0, 0)
captureUserWait ( 8 )
captureDispatchPointer( 214830826000,214978507000, 1, 784.591370, 680.370056,0.20784314,0.06666667,0,0.0,0.0,65539,0, 0)
captureUserWait ( 2609 )
compareScreenshot(2014-08-01_10-37-22.jpg, 0, 0, 1080, 1920, 0, 1.0, 10)
captureDispatchPointer( 217587562000,217587562000, 0, 120.937012, 934.135071,0.20784314,0.06666667,0,0.0,0.0,65539,0, 0)
captureUserWait ( 17 )
captureDispatchPointer( 217587562000,217605208000, 2, 120.937012, 935.134155,0.20784314,0.06666667,0,0.0,0.0,65539,0, 0)
captureUserWait ( 9 )
captureDispatchPointer( 217587562000,217614595000, 2, 120.937012, 936.133240,0.20784314,0.06666667,0,0.0,0.0,65539,0, 0)
captureUserWait ( 9 )
captureDispatchPointer( 217587562000,217623998000, 2, 120.937012, 937.132263,0.20784314,0.06666667,0,0.0,0.0,65539,0, 0)
captureUserWait ( 18 )
captureDispatchPointer( 217587562000,217642638000, 2, 120.937012, 938.131348,0.20784314,0.06666667,0,0.0,0.0,65539,0, 0)
captureUserWait ( 9 )
captureDispatchPointer( 217587562000,217652030000, 2, 120.937012, 939.130432,0.20784314,0.06666667,0,0.0,0.0,65539,0, 0)
captureUserWait ( 84 )
captureDispatchPointer( 217587562000,217736231000, 2, 120.937012, 939.130432,0.20784314,0.06666667,0,0.0,0.0,65539,0, 0)
captureUserWait ( 64 )
captureDispatchPointer( 217587562000,217800658000, 1, 120.937012, 939.130432,0.20784314,0.06666667,0,0.0,0.0,65539,0, 0)
captureUserWait ( 1731 )
compareScreenshot(2014-08-01_10-37-24.jpg, 0, 0, 1080, 1920, 0, 1.0, 10)
captureDispatchPointer( 219531878000,219531878000, 0, 254.867249, 592.451416,0.20784314,0.06666667,0,0.0,0.0,65539,0, 0)
captureUserWait ( 121 )
captureDispatchPointer( 219531878000,219652907000, 2, 253.867767, 592.451416,0.20784314,0.06666667,0,0.0,0.0,65539,0, 0)
captureUserWait ( 9 )
captureDispatchPointer( 219531878000,219662317000, 2, 252.868286, 592.451416,0.20784314,0.06666667,0,0.0,0.0,65539,0, 0)
captureUserWait ( 9 )
captureDispatchPointer( 219531878000,219671648000, 2, 251.868805, 592.451416,0.20784314,0.06666667,0,0.0,0.0,65539,0, 0)
captureUserWait ( 9 )
captureDispatchPointer( 219531878000,219681098000, 2, 250.869339, 592.451416,0.20784314,0.06666667,0,0.0,0.0,65539,0, 0)
captureUserWait ( 9 )
captureDispatchPointer( 219531878000,219690402000, 2, 249.869858, 592.451416,0.20784314,0.06666667,0,0.0,0.0,65539,0, 0)
captureUserWait ( 28 )
captureDispatchPointer( 219531878000,219718452000, 2, 249.869858, 592.451416,0.20784314,0.06666667,0,0.0,0.0,65539,0, 0)
captureUserWait ( 18 )
captureDispatchPointer( 219531878000,219737168000, 2, 249.869858, 592.451416,0.20784314,0.06666667,0,0.0,0.0,65539,0, 0)
captureUserWait ( 8 )
captureDispatchPointer( 219531878000,219745378000, 1, 249.869858, 592.451416,0.20784314,0.06666667,0,0.0,0.0,65539,0, 0)
captureUserWait ( 6144 )
compareScreenshot(2014-08-01_10-37-31.jpg, 0, 0, 1080, 1920, 0, 1.0, 10)
captureDispatchPointer( 225889867000,225889867000, 0, 809.578308, 654.394104,0.20784314,0.06666667,0,0.0,0.0,65539,0, 0)
captureUserWait ( 177 )
captureDispatchPointer( 225889867000,226067401000, 2, 809.578308, 654.394104,0.20784314,0.06666667,0,0.0,0.0,65539,0, 0)
captureUserWait ( 8 )
captureDispatchPointer( 225889867000,226075464000, 1, 809.578308, 654.394104,0.20784314,0.06666667,0,0.0,0.0,65539,0, 0)
captureUserWait ( 3635 )
compareScreenshot(2014-08-01_10-37-34.jpg, 0, 0, 1080, 1920, 0, 1.0, 10)
captureDispatchPointer( 229711322000,229711322000, 0, 1168.391479, 590.453308,0.20784314,0.06666667,0,0.0,0.0,65539,0, 0)
captureUserWait ( 148 )
captureDispatchPointer( 229711322000,229859923000, 2, 1167.391968, 590.453308,0.20784314,0.06666667,0,0.0,0.0,65539,0, 0)
captureUserWait ( 28 )
captureDispatchPointer( 229711322000,229888085000, 2, 1166.392456, 590.453308,0.20784314,0.06666667,0,0.0,0.0,65539,0, 0)
captureUserWait ( 9 )
captureDispatchPointer( 229711322000,229897433000, 2, 1165.392944, 590.453308,0.20784314,0.06666667,0,0.0,0.0,65539,0, 0)
captureUserWait ( 8 )
captureDispatchPointer( 229711322000,229905587000, 1, 1165.392944, 590.453308,0.20784314,0.06666667,0,0.0,0.0,65539,0, 0)
captureUserWait ( 2941 )
compareScreenshot(2014-08-01_10-37-37.jpg, 0, 0, 1080, 1920, 0, 1.0, 10)
captureDispatchPointer( 232846728000,232846728000, 0, 441.769897, 461.572632,0.20784314,0.06666667,0,0.0,0.0,65539,0, 0)
captureUserWait ( 101 )
captureDispatchPointer( 232846728000,232948718000, 2, 440.770416, 461.572632,0.20784314,0.06666667,0,0.0,0.0,65539,0, 0)
captureUserWait ( 9 )
captureDispatchPointer( 232846728000,232958100000, 2, 439.770935, 461.572632,0.20784314,0.06666667,0,0.0,0.0,65539,0, 0)
captureUserWait ( 9 )
captureDispatchPointer( 232846728000,232967448000, 2, 438.771454, 461.572632,0.20784314,0.06666667,0,0.0,0.0,65539,0, 0)
captureUserWait ( 9 )
captureDispatchPointer( 232846728000,232976808000, 2, 437.771973, 461.572632,0.20784314,0.06666667,0,0.0,0.0,65539,0, 0)
captureUserWait ( 9 )
captureDispatchPointer( 232846728000,232986202000, 2, 436.772491, 461.572632,0.20784314,0.06666667,0,0.0,0.0,65539,0, 0)
captureUserWait ( 9 )
captureDispatchPointer( 232846728000,232995561000, 2, 435.773010, 461.572632,0.20784314,0.06666667,0,0.0,0.0,65539,0, 0)
captureUserWait ( 9 )
captureDispatchPointer( 232846728000,233004959000, 2, 434.773560, 461.572632,0.20784314,0.06666667,0,0.0,0.0,65539,0, 0)
captureUserWait ( 9 )
captureDispatchPointer( 232846728000,233014309000, 2, 434.773560, 461.572632,0.20784314,0.06666667,0,0.0,0.0,65539,0, 0)
captureUserWait ( 17 )
captureDispatchPointer( 232846728000,233031860000, 1, 434.773560, 461.572632,0.20784314,0.06666667,0,0.0,0.0,65539,0, 0)
captureUserWait ( 7545 )
compareScreenshot(2014-08-01_10-37-45.jpg, 0, 0, 1080, 1920, 0, 1.0, 10)
captureDispatchPointer( 240577621000,240577621000, 0, 743.612671, 607.437561,0.20784314,0.06666667,0,0.0,0.0,65539,0, 0)
captureUserWait ( 74 )
captureDispatchPointer( 240577621000,240652011000, 2, 743.612671, 607.437561,0.20784314,0.06666667,0,0.0,0.0,65539,0, 0)
captureUserWait ( 18 )
captureDispatchPointer( 240577621000,240670757000, 2, 743.612671, 607.437561,0.20784314,0.06666667,0,0.0,0.0,65539,0, 0)
captureUserWait ( 37 )
captureDispatchPointer( 240577621000,240708221000, 2, 742.613220, 607.437561,0.20784314,0.06666667,0,0.0,0.0,65539,0, 0)
captureUserWait ( 9 )
captureDispatchPointer( 240577621000,240717634000, 2, 741.613708, 607.437561,0.20784314,0.06666667,0,0.0,0.0,65539,0, 0)
captureUserWait ( 9 )
captureDispatchPointer( 240577621000,240726895000, 2, 740.614258, 606.438477,0.20784314,0.06666667,0,0.0,0.0,65539,0, 0)
captureUserWait ( 9 )
captureDispatchPointer( 240577621000,240736278000, 2, 739.614746, 605.439392,0.20784314,0.06666667,0,0.0,0.0,65539,0, 0)
captureUserWait ( 8 )
captureDispatchPointer( 240577621000,240744415000, 1, 739.614746, 605.439392,0.20784314,0.06666667,0,0.0,0.0,65539,0, 0)
captureUserWait ( 3447 )
compareScreenshot(2014-08-01_10-37-49.jpg, 0, 0, 1080, 1920, 0, 1.0, 10)
captureDispatchPointer( 244191617000,244191617000, 0, 1791.067139, 950.120239,0.20784314,0.06666667,0,0.0,0.0,65539,0, 0)
captureUserWait ( 17 )
captureDispatchPointer( 244191617000,244209328000, 2, 1791.067139, 950.120239,0.20784314,0.06666667,0,0.0,0.0,65539,0, 0)
captureUserWait ( 18 )
captureDispatchPointer( 244191617000,244228030000, 2, 1790.067627, 950.120239,0.20784314,0.06666667,0,0.0,0.0,65539,0, 0)
captureUserWait ( 9 )
captureDispatchPointer( 244191617000,244237312000, 2, 1789.068115, 950.120239,0.20784314,0.06666667,0,0.0,0.0,65539,0, 0)
captureUserWait ( 18 )
captureDispatchPointer( 244191617000,244255981000, 2, 1789.068115, 951.119324,0.20784314,0.06666667,0,0.0,0.0,65539,0, 0)
captureUserWait ( 28 )
captureDispatchPointer( 244191617000,244284118000, 2, 1789.068115, 952.118408,0.20784314,0.06666667,0,0.0,0.0,65539,0, 0)
captureUserWait ( 18 )
captureDispatchPointer( 244191617000,244302856000, 2, 1789.068115, 953.117493,0.20784314,0.06666667,0,0.0,0.0,65539,0, 0)
captureUserWait ( 56 )
captureDispatchPointer( 244191617000,244359013000, 2, 1789.068115, 953.117493,0.20784314,0.06666667,0,0.0,0.0,65539,0, 0)
captureUserWait ( 8 )
captureDispatchPointer( 244191617000,244367249000, 1, 1789.068115, 953.117493,0.20784314,0.06666667,0,0.0,0.0,65539,0, 0)
captureUserWait ( 6683 )
compareScreenshot(2014-08-01_10-37-56.jpg, 0, 0, 1080, 1920, 0, 1.0, 10)
captureDispatchPointer( 251051034000,251051034000, 0, 1223.362793, 673.376526,0.20784314,0.06666667,0,0.0,0.0,65539,0, 0)
captureUserWait ( 18 )
captureDispatchPointer( 251051034000,251069562000, 2, 1223.362793, 673.376526,0.20784314,0.06666667,0,0.0,0.0,65539,0, 0)
captureUserWait ( 74 )
captureDispatchPointer( 251051034000,251144421000, 2, 1223.362793, 674.375610,0.20784314,0.06666667,0,0.0,0.0,65539,0, 0)
captureUserWait ( 18 )
captureDispatchPointer( 251051034000,251163169000, 2, 1223.362793, 675.374634,0.20784314,0.06666667,0,0.0,0.0,65539,0, 0)
captureUserWait ( 9 )
captureDispatchPointer( 251051034000,251172543000, 2, 1223.362793, 676.373718,0.20784314,0.06666667,0,0.0,0.0,65539,0, 0)
captureUserWait ( 9 )
captureDispatchPointer( 251051034000,251181920000, 2, 1223.362793, 677.372803,0.20784314,0.06666667,0,0.0,0.0,65539,0, 0)
captureUserWait ( 9 )
captureDispatchPointer( 251051034000,251191310000, 2, 1223.362793, 678.371887,0.20784314,0.06666667,0,0.0,0.0,65539,0, 0)
captureUserWait ( 73 )
captureDispatchPointer( 251051034000,251265281000, 1, 1223.362793, 678.371887,0.20784314,0.06666667,0,0.0,0.0,65539,0, 0)
captureUserWait ( 4564 )
compareScreenshot(2014-08-01_10-38-00.jpg, 0, 0, 1080, 1920, 0, 1.0, 10)
captureDispatchPointer( 255829926000,255829926000, 0, 1799.062988, 978.094360,0.20784314,0.06666667,0,0.0,0.0,65539,0, 0)
captureUserWait ( 9 )
captureDispatchPointer( 255829926000,255839201000, 2, 1799.062988, 978.094360,0.20784314,0.06666667,0,0.0,0.0,65539,0, 0)
captureUserWait ( 9 )
captureDispatchPointer( 255829926000,255848686000, 2, 1799.062988, 979.093445,0.20784314,0.06666667,0,0.0,0.0,65539,0, 0)
captureUserWait ( 9 )
captureDispatchPointer( 255829926000,255857953000, 2, 1799.062988, 980.092529,0.20784314,0.06666667,0,0.0,0.0,65539,0, 0)
captureUserWait ( 9 )
captureDispatchPointer( 255829926000,255867338000, 2, 1799.062988, 981.091614,0.20784314,0.06666667,0,0.0,0.0,65539,0, 0)
captureUserWait ( 9 )
captureDispatchPointer( 255829926000,255876645000, 2, 1799.062988, 982.090637,0.20784314,0.06666667,0,0.0,0.0,65539,0, 0)
captureUserWait ( 18 )
captureDispatchPointer( 255829926000,255895402000, 2, 1799.062988, 983.089722,0.20784314,0.06666667,0,0.0,0.0,65539,0, 0)
captureUserWait ( 93 )
captureDispatchPointer( 255829926000,255989058000, 2, 1799.062988, 983.089722,0.20784314,0.06666667,0,0.0,0.0,65539,0, 0)
captureUserWait ( 8 )
captureDispatchPointer( 255829926000,255997241000, 1, 1799.062988, 983.089722,0.20784314,0.06666667,0,0.0,0.0,65539,0, 0)
captureUserWait ( 1519 )
compareScreenshot(2014-08-01_10-38-02.jpg, 0, 0, 1080, 1920, 0, 1.0, 10)
captureDispatchPointer( 257517209000,257517209000, 0, 976.491394, 398.630890,0.20784314,0.06666667,0,0.0,0.0,65539,0, 0)
captureUserWait ( 28 )
captureDispatchPointer( 257517209000,257545241000, 2, 976.491394, 398.630890,0.20784314,0.06666667,0,0.0,0.0,65539,0, 0)
captureUserWait ( 84 )
captureDispatchPointer( 257517209000,257629644000, 2, 976.491394, 398.630890,0.20784314,0.06666667,0,0.0,0.0,65539,0, 0)
captureUserWait ( 18 )
captureDispatchPointer( 257517209000,257648362000, 2, 975.491882, 398.630890,0.20784314,0.06666667,0,0.0,0.0,65539,0, 0)
captureUserWait ( 9 )
captureDispatchPointer( 257517209000,257657650000, 2, 974.492432, 398.630890,0.20784314,0.06666667,0,0.0,0.0,65539,0, 0)
captureUserWait ( 9 )
captureDispatchPointer( 257517209000,257667123000, 2, 973.492920, 398.630890,0.20784314,0.06666667,0,0.0,0.0,65539,0, 0)
captureUserWait ( 9 )
captureDispatchPointer( 257517209000,257676377000, 2, 972.493469, 398.630890,0.20784314,0.06666667,0,0.0,0.0,65539,0, 0)
captureUserWait ( 9 )
captureDispatchPointer( 257517209000,257685769000, 2, 971.494019, 398.630890,0.20784314,0.06666667,0,0.0,0.0,65539,0, 0)
captureUserWait ( 9 )
captureDispatchPointer( 257517209000,257695165000, 2, 970.494507, 398.630890,0.20784314,0.06666667,0,0.0,0.0,65539,0, 0)
captureUserWait ( 9 )
captureDispatchPointer( 257517209000,257704474000, 2, 969.495056, 398.630890,0.20784314,0.06666667,0,0.0,0.0,65539,0, 0)
captureUserWait ( 9 )
captureDispatchPointer( 257517209000,257713928000, 2, 969.495056, 398.630890,0.20784314,0.06666667,0,0.0,0.0,65539,0, 0)
captureUserWait ( 8 )
captureDispatchPointer( 257517209000,257721992000, 1, 969.495056, 398.630890,0.20784314,0.06666667,0,0.0,0.0,65539,0, 0)
captureUserWait ( 3760 )
compareScreenshot(2014-08-01_10-38-06.jpg, 0, 0, 1080, 1920, 0, 1.0, 10)
captureDispatchPointer( 261482502000,261482502000, 0, 102.946381, 947.123047,0.20784314,0.06666667,0,0.0,0.0,65539,0, 0)
captureUserWait ( 18 )
captureDispatchPointer( 261482502000,261500537000, 2, 102.946381, 948.122131,0.20784314,0.06666667,0,0.0,0.0,65539,0, 0)
captureUserWait ( 93 )
captureDispatchPointer( 261482502000,261594056000, 2, 102.946381, 949.121216,0.20784314,0.06666667,0,0.0,0.0,65539,0, 0)
captureUserWait ( 18 )
captureDispatchPointer( 261482502000,261612845000, 2, 101.946899, 949.121216,0.20784314,0.06666667,0,0.0,0.0,65539,0, 0)
captureUserWait ( 9 )
captureDispatchPointer( 261482502000,261622205000, 2, 100.947418, 950.120239,0.20784314,0.06666667,0,0.0,0.0,65539,0, 0)
captureUserWait ( 18 )
captureDispatchPointer( 261482502000,261640961000, 2, 99.947945, 950.120239,0.20784314,0.06666667,0,0.0,0.0,65539,0, 0)
captureUserWait ( 9 )
captureDispatchPointer( 261482502000,261650304000, 2, 98.948463, 950.120239,0.20784314,0.06666667,0,0.0,0.0,65539,0, 0)
captureUserWait ( 8 )
captureDispatchPointer( 261482502000,261658501000, 1, 98.948463, 950.120239,0.20784314,0.06666667,0,0.0,0.0,65539,0, 0)
captureUserWait ( 1512 )
compareScreenshot(2014-08-01_10-38-08.jpg, 0, 0, 1080, 1920, 0, 1.0, 10)
captureDispatchPointer( 263170852000,263170852000, 0, 1307.319092, 605.439392,0.20784314,0.06666667,0,0.0,0.0,65539,0, 0)
captureUserWait ( 8 )
captureDispatchPointer( 263170852000,263179434000, 2, 1307.319092, 605.439392,0.20784314,0.06666667,0,0.0,0.0,65539,0, 0)
captureUserWait ( 168 )
captureDispatchPointer( 263170852000,263347989000, 2, 1307.319092, 605.439392,0.20784314,0.06666667,0,0.0,0.0,65539,0, 0)
captureUserWait ( 9 )
captureDispatchPointer( 263170852000,263357333000, 2, 1307.319092, 605.439392,0.20784314,0.06666667,0,0.0,0.0,65539,0, 0)
captureUserWait ( 8 )
captureDispatchPointer( 263170852000,263365494000, 1, 1307.319092, 605.439392,0.20784314,0.06666667,0,0.0,0.0,65539,0, 0)
captureUserWait ( 2236 )
compareScreenshot(2014-08-01_10-38-10.jpg, 0, 0, 1080, 1920, 0, 1.0, 10)
captureDispatchPointer( 265601591000,265601591000, 0, 1407.266968, 502.534698,0.20784314,0.06666667,0,0.0,0.0,65539,0, 0)
captureUserWait ( 8 )
captureDispatchPointer( 265601591000,265610313000, 2, 1407.266968, 502.534698,0.20784314,0.06666667,0,0.0,0.0,65539,0, 0)
captureUserWait ( 9 )
captureDispatchPointer( 265601591000,265619747000, 2, 1407.266968, 502.534698,0.20784314,0.06666667,0,0.0,0.0,65539,0, 0)
captureUserWait ( 112 )
captureDispatchPointer( 265601591000,265732193000, 2, 1406.267578, 502.534698,0.20784314,0.06666667,0,0.0,0.0,65539,0, 0)
captureUserWait ( 18 )
captureDispatchPointer( 265601591000,265750786000, 2, 1405.268066, 502.534698,0.20784314,0.06666667,0,0.0,0.0,65539,0, 0)
captureUserWait ( 9 )
captureDispatchPointer( 265601591000,265760108000, 2, 1405.268066, 502.534698,0.20784314,0.06666667,0,0.0,0.0,65539,0, 0)
captureUserWait ( 8 )
captureDispatchPointer( 265601591000,265768296000, 1, 1405.268066, 502.534698,0.20784314,0.06666667,0,0.0,0.0,65539,0, 0)
captureUserWait ( 17852 )
compareScreenshot(2014-08-01_10-38-38.jpg, 0, 0, 1080, 1920, 0, 1.0, 10)
captureDispatchPointer( 293621098000,293621098000, 0, 665.653259, 619.426453,0.20784314,0.06666667,0,0.0,0.0,65539,0, 0)
captureUserWait ( 84 )
captureDispatchPointer( 293621098000,293705357000, 2, 665.653259, 619.426453,0.20784314,0.06666667,0,0.0,0.0,65539,0, 0)
captureUserWait ( 9 )
captureDispatchPointer( 293621098000,293714486000, 2, 665.653259, 619.426453,0.20784314,0.06666667,0,0.0,0.0,65539,0, 0)
captureUserWait ( 9 )
captureDispatchPointer( 293621098000,293723784000, 2, 665.653259, 620.425537,0.20784314,0.06666667,0,0.0,0.0,65539,0, 0)
captureUserWait ( 9 )
captureDispatchPointer( 293621098000,293733196000, 2, 665.653259, 620.425537,0.20784314,0.06666667,0,0.0,0.0,65539,0, 0)
captureUserWait ( 9 )
captureDispatchPointer( 293621098000,293742527000, 2, 664.653809, 621.424622,0.20784314,0.06666667,0,0.0,0.0,65539,0, 0)
captureUserWait ( 9 )
captureDispatchPointer( 293621098000,293751945000, 2, 663.654358, 622.423706,0.20784314,0.06666667,0,0.0,0.0,65539,0, 0)
captureUserWait ( 9 )
captureDispatchPointer( 293621098000,293761275000, 2, 662.654846, 623.422729,0.20784314,0.06666667,0,0.0,0.0,65539,0, 0)
captureUserWait ( 9 )
captureDispatchPointer( 293621098000,293770684000, 2, 661.655396, 624.421814,0.20784314,0.06666667,0,0.0,0.0,65539,0, 0)
captureUserWait ( 9 )
captureDispatchPointer( 293621098000,293780062000, 2, 660.655884, 624.421814,0.20784314,0.06666667,0,0.0,0.0,65539,0, 0)
captureUserWait ( 9 )
captureDispatchPointer( 293621098000,293789374000, 2, 659.656433, 624.421814,0.20784314,0.06666667,0,0.0,0.0,65539,0, 0)
captureUserWait ( 9 )
captureDispatchPointer( 293621098000,293798755000, 2, 658.656921, 624.421814,0.20784314,0.06666667,0,0.0,0.0,65539,0, 0)
captureUserWait ( 9 )
captureDispatchPointer( 293621098000,293808099000, 2, 657.657471, 625.420898,0.20784314,0.06666667,0,0.0,0.0,65539,0, 0)
captureUserWait ( 9 )
captureDispatchPointer( 293621098000,293817510000, 2, 656.657959, 626.419983,0.20784314,0.06666667,0,0.0,0.0,65539,0, 0)
captureUserWait ( 8 )
captureDispatchPointer( 293621098000,293825609000, 1, 656.657959, 626.419983,0.20784314,0.06666667,0,0.0,0.0,65539,0, 0)
captureUserWait ( 6414 )
compareScreenshot(2014-08-01_10-38-45.jpg, 0, 0, 1080, 1920, 0, 1.0, 10)
captureDispatchPointer( 300240571000,300240571000, 0, 985.486694, 965.106384,0.20784314,0.06666667,0,0.0,0.0,65539,0, 0)
captureUserWait ( 17 )
captureDispatchPointer( 300240571000,300257882000, 2, 985.486694, 965.106384,0.20784314,0.06666667,0,0.0,0.0,65539,0, 0)
captureUserWait ( 27 )
captureDispatchPointer( 300240571000,300285830000, 2, 985.486694, 966.105469,0.20784314,0.06666667,0,0.0,0.0,65539,0, 0)
captureUserWait ( 9 )
captureDispatchPointer( 300240571000,300295219000, 2, 985.486694, 967.104553,0.20784314,0.06666667,0,0.0,0.0,65539,0, 0)
captureUserWait ( 9 )
captureDispatchPointer( 300240571000,300304582000, 2, 985.486694, 968.103638,0.20784314,0.06666667,0,0.0,0.0,65539,0, 0)
captureUserWait ( 9 )
captureDispatchPointer( 300240571000,300313992000, 2, 986.486206, 969.102661,0.20784314,0.06666667,0,0.0,0.0,65539,0, 0)
captureUserWait ( 74 )
captureDispatchPointer( 300240571000,300388853000, 2, 986.486206, 969.102661,0.20784314,0.06666667,0,0.0,0.0,65539,0, 0)
captureUserWait ( 18 )
captureDispatchPointer( 300240571000,300407536000, 2, 985.486694, 968.103638,0.20784314,0.06666667,0,0.0,0.0,65539,0, 0)
captureUserWait ( 8 )
captureDispatchPointer( 300240571000,300415759000, 1, 985.486694, 968.103638,0.20784314,0.06666667,0,0.0,0.0,65539,0, 0)
captureUserWait ( 7547 )
compareScreenshot(2014-08-01_10-38-53.jpg, 0, 0, 1080, 1920, 0, 1.0, 10)
captureDispatchPointer( 307962850000,307962850000, 0, 809.578308, 654.394104,0.20784314,0.06666667,0,0.0,0.0,65539,0, 0)
captureUserWait ( 64 )
captureDispatchPointer( 307962850000,308027099000, 2, 809.578308, 654.394104,0.20784314,0.06666667,0,0.0,0.0,65539,0, 0)
captureUserWait ( 28 )
captureDispatchPointer( 307962850000,308055110000, 2, 809.578308, 654.394104,0.20784314,0.06666667,0,0.0,0.0,65539,0, 0)
captureUserWait ( 9 )
captureDispatchPointer( 307962850000,308064502000, 2, 809.578308, 654.394104,0.20784314,0.06666667,0,0.0,0.0,65539,0, 0)
captureUserWait ( 18 )
captureDispatchPointer( 307962850000,308083317000, 2, 809.578308, 654.394104,0.20784314,0.06666667,0,0.0,0.0,65539,0, 0)
captureUserWait ( 9 )
captureDispatchPointer( 307962850000,308092630000, 2, 809.578308, 654.394104,0.20784314,0.06666667,0,0.0,0.0,65539,0, 0)
captureUserWait ( 18 )
captureDispatchPointer( 307962850000,308111372000, 2, 809.578308, 654.394104,0.20784314,0.06666667,0,0.0,0.0,65539,0, 0)
captureUserWait ( 18 )
captureDispatchPointer( 307962850000,308130156000, 2, 809.578308, 654.394104,0.20784314,0.06666667,0,0.0,0.0,65539,0, 0)
captureUserWait ( 18 )
captureDispatchPointer( 307962850000,308148705000, 2, 808.578857, 654.394104,0.20784314,0.06666667,0,0.0,0.0,65539,0, 0)
captureUserWait ( 9 )
captureDispatchPointer( 307962850000,308158065000, 2, 807.579346, 654.394104,0.20784314,0.06666667,0,0.0,0.0,65539,0, 0)
captureUserWait ( 8 )
captureDispatchPointer( 307962850000,308166211000, 1, 807.579346, 654.394104,0.20784314,0.06666667,0,0.0,0.0,65539,0, 0)
captureUserWait ( 2646 )
compareScreenshot(2014-08-01_10-38-55.jpg, 0, 0, 1080, 1920, 0, 1.0, 10)
captureDispatchPointer( 310812917000,310812917000, 0, 827.568970, 666.382996,0.20784314,0.06666667,0,0.0,0.0,65539,0, 0)
captureUserWait ( 111 )
captureDispatchPointer( 310812917000,310924222000, 2, 826.569458, 666.382996,0.20784314,0.06666667,0,0.0,0.0,65539,0, 0)
captureUserWait ( 9 )
captureDispatchPointer( 310812917000,310933625000, 2, 825.570007, 666.382996,0.20784314,0.06666667,0,0.0,0.0,65539,0, 0)
captureUserWait ( 9 )
captureDispatchPointer( 310812917000,310943000000, 2, 824.570496, 666.382996,0.20784314,0.06666667,0,0.0,0.0,65539,0, 0)
captureUserWait ( 8 )
captureDispatchPointer( 310812917000,310951135000, 1, 824.570496, 666.382996,0.20784314,0.06666667,0,0.0,0.0,65539,0, 0)
captureUserWait ( 6312 )
compareScreenshot(2014-08-01_10-39-02.jpg, 0, 0, 1080, 1920, 0, 1.0, 10)
captureDispatchPointer( 317263613000,317263613000, 0, 1793.066040, 982.090637,0.20784314,0.06666667,0,0.0,0.0,65539,0, 0)
captureUserWait ( 18 )
captureDispatchPointer( 317263613000,317281630000, 2, 1793.066040, 983.089722,0.20784314,0.06666667,0,0.0,0.0,65539,0, 0)
captureUserWait ( 18 )
captureDispatchPointer( 317263613000,317300267000, 2, 1793.066040, 984.088806,0.20784314,0.06666667,0,0.0,0.0,65539,0, 0)
captureUserWait ( 27 )
captureDispatchPointer( 317263613000,317328201000, 2, 1793.066040, 985.087891,0.20784314,0.06666667,0,0.0,0.0,65539,0, 0)
captureUserWait ( 121 )
captureDispatchPointer( 317263613000,317450123000, 2, 1793.066040, 984.088806,0.20784314,0.06666667,0,0.0,0.0,65539,0, 0)
captureUserWait ( 8 )
captureDispatchPointer( 317263613000,317458345000, 1, 1793.066040, 984.088806,0.20784314,0.06666667,0,0.0,0.0,65539,0, 0)
captureUserWait ( 3550 )
compareScreenshot(2014-08-01_10-39-06.jpg, 0, 0, 1080, 1920, 0, 1.0, 10)
captureDispatchPointer( 321008440000,321008440000, 0, 812.576782, 691.359863,0.20784314,0.06666667,0,0.0,0.0,65539,0, 0)
captureUserWait ( 102 )
captureDispatchPointer( 321008440000,321110552000, 2, 811.577271, 691.359863,0.20784314,0.06666667,0,0.0,0.0,65539,0, 0)
captureUserWait ( 9 )
captureDispatchPointer( 321008440000,321119993000, 2, 810.577820, 691.359863,0.20784314,0.06666667,0,0.0,0.0,65539,0, 0)
captureUserWait ( 9 )
captureDispatchPointer( 321008440000,321129292000, 2, 809.578308, 691.359863,0.20784314,0.06666667,0,0.0,0.0,65539,0, 0)
captureUserWait ( 9 )
captureDispatchPointer( 321008440000,321138682000, 2, 808.578857, 691.359863,0.20784314,0.06666667,0,0.0,0.0,65539,0, 0)
captureUserWait ( 9 )
captureDispatchPointer( 321008440000,321148046000, 2, 807.579346, 690.360779,0.20784314,0.06666667,0,0.0,0.0,65539,0, 0)
captureUserWait ( 8 )
captureDispatchPointer( 321008440000,321156358000, 1, 807.579346, 690.360779,0.20784314,0.06666667,0,0.0,0.0,65539,0, 0)
captureUserWait ( 3230 )
compareScreenshot(2014-08-01_10-39-09.jpg, 0, 0, 1080, 1920, 0, 1.0, 10)
captureDispatchPointer( 324386737000,324386737000, 0, 802.581970, 678.371887,0.20784314,0.06666667,0,0.0,0.0,65539,0, 0)
captureUserWait ( 138 )
captureDispatchPointer( 324386737000,324525135000, 1, 802.581970, 678.371887,0.20784314,0.06666667,0,0.0,0.0,65539,0, 0)
captureUserWait ( 3055 )
compareScreenshot(2014-08-01_10-39-12.jpg, 0, 0, 1080, 1920, 0, 1.0, 10)
captureDispatchPointer( 327580513000,327580513000, 0, 1407.266968, 418.612396,0.20784314,0.06666667,0,0.0,0.0,65539,0, 0)
captureUserWait ( 8 )
captureDispatchPointer( 327580513000,327588737000, 2, 1407.266968, 418.612396,0.20784314,0.06666667,0,0.0,0.0,65539,0, 0)
captureUserWait ( 131 )
captureDispatchPointer( 327580513000,327719825000, 2, 1407.266968, 418.612396,0.20784314,0.06666667,0,0.0,0.0,65539,0, 0)
captureUserWait ( 8 )
captureDispatchPointer( 327580513000,327728233000, 1, 1407.266968, 418.612396,0.20784314,0.06666667,0,0.0,0.0,65539,0, 0)
captureUserWait ( 4227 )
compareScreenshot(2014-08-01_10-39-17.jpg, 0, 0, 1080, 1920, 0, 1.0, 10)
captureDispatchPointer( 331955491000,331955491000, 0, 1448.245728, 316.706757,0.20784314,0.06666667,0,0.0,0.0,65539,0, 0)
captureUserWait ( 149 )
captureDispatchPointer( 331955491000,332105037000, 2, 1448.245728, 316.706757,0.20784314,0.06666667,0,0.0,0.0,65539,0, 0)
captureUserWait ( 8 )
captureDispatchPointer( 331955491000,332113477000, 1, 1448.245728, 316.706757,0.20784314,0.06666667,0,0.0,0.0,65539,0, 0)
captureUserWait ( 4367 )
compareScreenshot(2014-08-01_10-39-21.jpg, 0, 0, 1080, 1920, 0, 1.0, 10)
captureDispatchPointer( 336480732000,336480732000, 0, 1317.313843, 541.498596,0.20784314,0.06666667,0,0.0,0.0,65539,0, 0)
captureUserWait ( 157 )
captureDispatchPointer( 336480732000,336638161000, 1, 1317.313843, 541.498596,0.20784314,0.06666667,0,0.0,0.0,65539,0, 0)
captureUserWait ( 2064 )
compareScreenshot(2014-08-01_10-39-23.jpg, 0, 0, 1080, 1920, 0, 1.0, 10)
captureDispatchPointer( 338702630000,338702630000, 0, 1425.257690, 692.358948,0.20784314,0.06666667,0,0.0,0.0,65539,0, 0)
captureUserWait ( 138 )
captureDispatchPointer( 338702630000,338840752000, 1, 1425.257690, 692.358948,0.20784314,0.06666667,0,0.0,0.0,65539,0, 0)
captureUserWait ( 2542 )
compareScreenshot(2014-08-01_10-39-26.jpg, 0, 0, 1080, 1920, 0, 1.0, 10)
captureDispatchPointer( 341383637000,341383637000, 0, 724.622559, 910.157288,0.20784314,0.06666667,0,0.0,0.0,65539,0, 0)
captureUserWait ( 9 )
captureDispatchPointer( 341383637000,341392746000, 2, 724.622559, 910.157288,0.20784314,0.06666667,0,0.0,0.0,65539,0, 0)
captureUserWait ( 112 )
captureDispatchPointer( 341383637000,341505010000, 2, 723.623108, 910.157288,0.20784314,0.06666667,0,0.0,0.0,65539,0, 0)
captureUserWait ( 18 )
captureDispatchPointer( 341383637000,341523726000, 2, 723.623108, 909.158203,0.20784314,0.06666667,0,0.0,0.0,65539,0, 0)
captureUserWait ( 8 )
captureDispatchPointer( 341383637000,341532107000, 1, 723.623108, 909.158203,0.20784314,0.06666667,0,0.0,0.0,65539,0, 0)
captureUserWait ( 1700 )
compareScreenshot(2014-08-01_10-39-28.jpg, 0, 0, 1080, 1920, 0, 1.0, 10)
captureDispatchPointer( 343232882000,343232882000, 0, 991.483582, 837.224792,0.20784314,0.06666667,0,0.0,0.0,65539,0, 0)
captureUserWait ( 8 )
captureDispatchPointer( 343232882000,343241144000, 2, 991.483582, 837.224792,0.20784314,0.06666667,0,0.0,0.0,65539,0, 0)
captureUserWait ( 84 )
captureDispatchPointer( 343232882000,343325482000, 2, 991.483582, 838.223877,0.20784314,0.06666667,0,0.0,0.0,65539,0, 0)
captureUserWait ( 9 )
captureDispatchPointer( 343232882000,343334715000, 2, 991.483582, 839.222961,0.20784314,0.06666667,0,0.0,0.0,65539,0, 0)
captureUserWait ( 8 )
captureDispatchPointer( 343232882000,343342835000, 1, 991.483582, 839.222961,0.20784314,0.06666667,0,0.0,0.0,65539,0, 0)
captureUserWait ( 8334 )
compareScreenshot(2014-08-01_10-39-36.jpg, 0, 0, 1080, 1920, 0, 1.0, 10)
captureDispatchPointer( 351677530000,351677530000, 0, 1466.236328, 310.712311,0.20784314,0.06666667,0,0.0,0.0,65539,0, 0)
captureUserWait ( 130 )
captureDispatchPointer( 351677530000,351808231000, 2, 1466.236328, 310.712311,0.20784314,0.06666667,0,0.0,0.0,65539,0, 0)
captureUserWait ( 27 )
captureDispatchPointer( 351677530000,351835474000, 1, 1466.236328, 310.712311,0.20784314,0.06666667,0,0.0,0.0,65539,0, 0)
captureUserWait ( 2109 )
compareScreenshot(2014-08-01_10-39-39.jpg, 0, 0, 1080, 1920, 0, 1.0, 10)
captureDispatchPointer( 353945322000,353945322000, 0, 1462.238403, 501.535614,0.20784314,0.06666667,0,0.0,0.0,65539,0, 0)
captureUserWait ( 101 )
captureDispatchPointer( 353945322000,354046948000, 2, 1462.238403, 501.535614,0.20784314,0.06666667,0,0.0,0.0,65539,0, 0)
captureUserWait ( 18 )
captureDispatchPointer( 353945322000,354065710000, 2, 1462.238403, 501.535614,0.20784314,0.06666667,0,0.0,0.0,65539,0, 0)
captureUserWait ( 8 )
captureDispatchPointer( 353945322000,354073896000, 1, 1462.238403, 501.535614,0.20784314,0.06666667,0,0.0,0.0,65539,0, 0)
captureUserWait ( 4280 )
compareScreenshot(2014-08-01_10-39-43.jpg, 0, 0, 1080, 1920, 0, 1.0, 10)
captureDispatchPointer( 358354179000,358354179000, 0, 714.627808, 912.155396,0.20784314,0.06666667,0,0.0,0.0,65539,0, 0)
captureUserWait ( 8 )
captureDispatchPointer( 358354179000,358362899000, 2, 714.627808, 912.155396,0.20784314,0.06666667,0,0.0,0.0,65539,0, 0)
captureUserWait ( 9 )
captureDispatchPointer( 358354179000,358372152000, 2, 714.627808, 912.155396,0.20784314,0.06666667,0,0.0,0.0,65539,0, 0)
captureUserWait ( 9 )
captureDispatchPointer( 358354179000,358381708000, 2, 714.627808, 913.154480,0.20784314,0.06666667,0,0.0,0.0,65539,0, 0)
captureUserWait ( 9 )
captureDispatchPointer( 358354179000,358390925000, 2, 714.627808, 914.153564,0.20784314,0.06666667,0,0.0,0.0,65539,0, 0)
captureUserWait ( 9 )
captureDispatchPointer( 358354179000,358400281000, 2, 714.627808, 915.152649,0.20784314,0.06666667,0,0.0,0.0,65539,0, 0)
captureUserWait ( 9 )
captureDispatchPointer( 358354179000,358409629000, 2, 714.627808, 916.151733,0.20784314,0.06666667,0,0.0,0.0,65539,0, 0)
captureUserWait ( 18 )
captureDispatchPointer( 358354179000,358428330000, 2, 714.627808, 917.150818,0.20784314,0.06666667,0,0.0,0.0,65539,0, 0)
captureUserWait ( 18 )
captureDispatchPointer( 358354179000,358447065000, 2, 714.627808, 918.149841,0.20784314,0.06666667,0,0.0,0.0,65539,0, 0)
captureUserWait ( 56 )
captureDispatchPointer( 358354179000,358503278000, 2, 713.628296, 918.149841,0.20784314,0.06666667,0,0.0,0.0,65539,0, 0)
captureUserWait ( 8 )
captureDispatchPointer( 358354179000,358511782000, 1, 713.628296, 918.149841,0.20784314,0.06666667,0,0.0,0.0,65539,0, 0)
captureUserWait ( 3907 )
compareScreenshot(2014-08-01_10-39-47.jpg, 0, 0, 1080, 1920, 0, 1.0, 10)
captureDispatchPointer( 362419682000,362419682000, 0, 935.512756, 827.234070,0.20784314,0.06666667,0,0.0,0.0,65539,0, 0)
captureUserWait ( 139 )
captureDispatchPointer( 362419682000,362559067000, 2, 935.512756, 827.234070,0.20784314,0.06666667,0,0.0,0.0,65539,0, 0)
captureUserWait ( 8 )
captureDispatchPointer( 362419682000,362567207000, 1, 935.512756, 827.234070,0.20784314,0.06666667,0,0.0,0.0,65539,0, 0)
captureUserWait ( 4677 )
compareScreenshot(2014-08-01_10-40-02.jpg, 0, 0, 1080, 1920, 0, 1.0, 10)
captureDispatchPointer( 377244437000,377244437000, 0, 1326.309204, 742.312683,0.20784314,0.06666667,0,0.0,0.0,65539,0, 0)
captureUserWait ( 46 )
captureDispatchPointer( 377244437000,377290986000, 2, 1326.309204, 742.312683,0.20784314,0.06666667,0,0.0,0.0,65539,0, 0)
captureUserWait ( 9 )
captureDispatchPointer( 377244437000,377300235000, 2, 1326.309204, 742.312683,0.20784314,0.06666667,0,0.0,0.0,65539,0, 0)
captureUserWait ( 9 )
captureDispatchPointer( 377244437000,377309796000, 2, 1326.309204, 742.312683,0.20784314,0.06666667,0,0.0,0.0,65539,0, 0)
captureUserWait ( 9 )
captureDispatchPointer( 377244437000,377318976000, 2, 1326.309204, 742.312683,0.20784314,0.06666667,0,0.0,0.0,65539,0, 0)
captureUserWait ( 27 )
captureDispatchPointer( 377244437000,377346044000, 1, 1326.309204, 742.312683,0.20784314,0.06666667,0,0.0,0.0,65539,0, 0)
captureUserWait ( 3888 )
compareScreenshot(2014-08-01_10-40-06.jpg, 0, 0, 1080, 1920, 0, 1.0, 10)
captureDispatchPointer( 381234510000,381234510000, 0, 1612.160278, 431.600372,0.20784314,0.06666667,0,0.0,0.0,65539,0, 0)
captureUserWait ( 8 )
captureDispatchPointer( 381234510000,381242789000, 2, 1612.160278, 431.600372,0.20784314,0.06666667,0,0.0,0.0,65539,0, 0)
captureUserWait ( 112 )
captureDispatchPointer( 381234510000,381354997000, 2, 1612.160278, 431.600372,0.20784314,0.06666667,0,0.0,0.0,65539,0, 0)
captureUserWait ( 8 )
captureDispatchPointer( 381234510000,381363398000, 1, 1612.160278, 431.600372,0.20784314,0.06666667,0,0.0,0.0,65539,0, 0)
captureUserWait ( 2170 )
compareScreenshot(2014-08-01_10-40-08.jpg, 0, 0, 1080, 1920, 0, 1.0, 10)
captureDispatchPointer( 383534150000,383534150000, 0, 1682.123901, 625.420898,0.20784314,0.06666667,0,0.0,0.0,65539,0, 0)
captureUserWait ( 26 )
captureDispatchPointer( 383534150000,383561100000, 2, 1681.124390, 625.420898,0.20784314,0.06666667,0,0.0,0.0,65539,0, 0)
captureUserWait ( 9 )
captureDispatchPointer( 383534150000,383570690000, 2, 1680.124878, 625.420898,0.20784314,0.06666667,0,0.0,0.0,65539,0, 0)
captureUserWait ( 82 )
captureDispatchPointer( 383534150000,383653517000, 1, 1680.124878, 625.420898,0.20784314,0.06666667,0,0.0,0.0,65539,0, 0)
captureUserWait ( 4948 )
compareScreenshot(2014-08-01_10-40-13.jpg, 0, 0, 1080, 1920, 0, 1.0, 10)
captureDispatchPointer( 388602306000,388602306000, 0, 742.613220, 909.158203,0.20784314,0.06666667,0,0.0,0.0,65539,0, 0)
captureUserWait ( 17 )
captureDispatchPointer( 388602306000,388619921000, 2, 742.613220, 909.158203,0.20784314,0.06666667,0,0.0,0.0,65539,0, 0)
captureUserWait ( 28 )
captureDispatchPointer( 388602306000,388648055000, 2, 741.613708, 909.158203,0.20784314,0.06666667,0,0.0,0.0,65539,0, 0)
captureUserWait ( 18 )
captureDispatchPointer( 388602306000,388666710000, 2, 740.614258, 909.158203,0.20784314,0.06666667,0,0.0,0.0,65539,0, 0)
captureUserWait ( 9 )
captureDispatchPointer( 388602306000,388676172000, 2, 739.614746, 909.158203,0.20784314,0.06666667,0,0.0,0.0,65539,0, 0)
captureUserWait ( 9 )
captureDispatchPointer( 388602306000,388685526000, 2, 738.615295, 909.158203,0.20784314,0.06666667,0,0.0,0.0,65539,0, 0)
captureUserWait ( 9 )
captureDispatchPointer( 388602306000,388694865000, 2, 737.615784, 909.158203,0.20784314,0.06666667,0,0.0,0.0,65539,0, 0)
captureUserWait ( 46 )
captureDispatchPointer( 388602306000,388741636000, 2, 737.615784, 909.158203,0.20784314,0.06666667,0,0.0,0.0,65539,0, 0)
captureUserWait ( 8 )
captureDispatchPointer( 388602306000,388749799000, 1, 737.615784, 909.158203,0.20784314,0.06666667,0,0.0,0.0,65539,0, 0)
captureUserWait ( 3242 )
compareScreenshot(2014-08-01_10-40-17.jpg, 0, 0, 1080, 1920, 0, 1.0, 10)
captureDispatchPointer( 391992006000,391992006000, 0, 943.508545, 830.231262,0.20784314,0.06666667,0,0.0,0.0,65539,0, 0)
captureUserWait ( 18 )
captureDispatchPointer( 391992006000,392010354000, 2, 943.508545, 830.231262,0.20784314,0.06666667,0,0.0,0.0,65539,0, 0)
captureUserWait ( 18 )
captureDispatchPointer( 391992006000,392029099000, 2, 942.509094, 830.231262,0.20784314,0.06666667,0,0.0,0.0,65539,0, 0)
captureUserWait ( 9 )
captureDispatchPointer( 391992006000,392038364000, 2, 941.509583, 830.231262,0.20784314,0.06666667,0,0.0,0.0,65539,0, 0)
captureUserWait ( 9 )
captureDispatchPointer( 391992006000,392047612000, 2, 940.510132, 830.231262,0.20784314,0.06666667,0,0.0,0.0,65539,0, 0)
captureUserWait ( 46 )
captureDispatchPointer( 391992006000,392094414000, 2, 940.510132, 830.231262,0.20784314,0.06666667,0,0.0,0.0,65539,0, 0)
captureUserWait ( 9 )
captureDispatchPointer( 391992006000,392103770000, 2, 940.510132, 830.231262,0.20784314,0.06666667,0,0.0,0.0,65539,0, 0)
captureUserWait ( 8 )
captureDispatchPointer( 391992006000,392111956000, 1, 940.510132, 830.231262,0.20784314,0.06666667,0,0.0,0.0,65539,0, 0)
captureUserWait ( 5831 )
compareScreenshot(2014-08-01_10-40-23.jpg, 0, 0, 1080, 1920, 0, 1.0, 10)
captureDispatchPointer( 397943089000,397943089000, 0, 919.521057, 555.485657,0.20784314,0.06666667,0,0.0,0.0,65539,0, 0)
captureUserWait ( 9 )
captureDispatchPointer( 397943089000,397952099000, 2, 919.521057, 555.485657,0.20784314,0.06666667,0,0.0,0.0,65539,0, 0)
captureUserWait ( 18 )
captureDispatchPointer( 397943089000,397970800000, 2, 918.521606, 555.485657,0.20784314,0.06666667,0,0.0,0.0,65539,0, 0)
captureUserWait ( 64 )
captureDispatchPointer( 397943089000,398035164000, 1, 918.521606, 555.485657,0.20784314,0.06666667,0,0.0,0.0,65539,0, 0)
captureUserWait ( 3603 )
compareScreenshot(2014-08-01_10-40-26.jpg, 0, 0, 1080, 1920, 0, 1.0, 10)
captureDispatchPointer( 401638438000,401638438000, 0, 851.556458, 514.523621,0.20784314,0.06666667,0,0.0,0.0,65539,0, 0)
captureUserWait ( 7 )
captureDispatchPointer( 401638438000,401646415000, 2, 851.556458, 514.523621,0.20784314,0.06666667,0,0.0,0.0,65539,0, 0)
captureUserWait ( 9 )
captureDispatchPointer( 401638438000,401655833000, 2, 850.557007, 514.523621,0.20784314,0.06666667,0,0.0,0.0,65539,0, 0)
captureUserWait ( 9 )
captureDispatchPointer( 401638438000,401665191000, 2, 849.557495, 514.523621,0.20784314,0.06666667,0,0.0,0.0,65539,0, 0)
captureUserWait ( 37 )
captureDispatchPointer( 401638438000,401702818000, 2, 849.557495, 514.523621,0.20784314,0.06666667,0,0.0,0.0,65539,0, 0)
captureUserWait ( 9 )
captureDispatchPointer( 401638438000,401711905000, 2, 849.557495, 514.523621,0.20784314,0.06666667,0,0.0,0.0,65539,0, 0)
captureUserWait ( 8 )
captureDispatchPointer( 401638438000,401720187000, 1, 849.557495, 514.523621,0.20784314,0.06666667,0,0.0,0.0,65539,0, 0)
captureUserWait ( 6353 )
compareScreenshot(2014-08-01_10-40-33.jpg, 0, 0, 1080, 1920, 0, 1.0, 10)
captureDispatchPointer( 408073732000,408073732000, 0, 1396.272705, 444.588348,0.20784314,0.06666667,0,0.0,0.0,65539,0, 0)
captureUserWait ( 147 )
captureDispatchPointer( 408073732000,408221093000, 1, 1396.272705, 444.588348,0.20784314,0.06666667,0,0.0,0.0,65539,0, 0)
captureUserWait ( 2173 )
compareScreenshot(2014-08-01_10-40-35.jpg, 0, 0, 1080, 1920, 0, 1.0, 10)
captureDispatchPointer( 410395004000,410395004000, 0, 1410.265503, 621.424622,0.20784314,0.06666667,0,0.0,0.0,65539,0, 0)
captureUserWait ( 18 )
captureDispatchPointer( 410395004000,410413641000, 2, 1409.265991, 621.424622,0.20784314,0.06666667,0,0.0,0.0,65539,0, 0)
captureUserWait ( 9 )
captureDispatchPointer( 410395004000,410422998000, 2, 1408.266479, 621.424622,0.20784314,0.06666667,0,0.0,0.0,65539,0, 0)
captureUserWait ( 9 )
captureDispatchPointer( 410395004000,410432416000, 2, 1407.266968, 622.423706,0.20784314,0.06666667,0,0.0,0.0,65539,0, 0)
captureUserWait ( 9 )
captureDispatchPointer( 410395004000,410441768000, 2, 1406.267578, 622.423706,0.20784314,0.06666667,0,0.0,0.0,65539,0, 0)
captureUserWait ( 9 )
captureDispatchPointer( 410395004000,410451153000, 2, 1405.268066, 622.423706,0.20784314,0.06666667,0,0.0,0.0,65539,0, 0)
captureUserWait ( 9 )
captureDispatchPointer( 410395004000,410460528000, 2, 1404.268555, 622.423706,0.20784314,0.06666667,0,0.0,0.0,65539,0, 0)
captureUserWait ( 18 )
captureDispatchPointer( 410395004000,410479292000, 2, 1403.269043, 622.423706,0.20784314,0.06666667,0,0.0,0.0,65539,0, 0)
captureUserWait ( 9 )
captureDispatchPointer( 410395004000,410488583000, 2, 1402.269653, 622.423706,0.20784314,0.06666667,0,0.0,0.0,65539,0, 0)
captureUserWait ( 8 )
captureDispatchPointer( 410395004000,410496839000, 1, 1402.269653, 622.423706,0.20784314,0.06666667,0,0.0,0.0,65539,0, 0)
captureUserWait ( 5487 )
compareScreenshot(2014-08-01_10-40-41.jpg, 0, 0, 1080, 1920, 0, 1.0, 10)
captureDispatchPointer( 415984106000,415984106000, 0, 761.603333, 930.138794,0.20784314,0.06666667,0,0.0,0.0,65539,0, 0)
captureUserWait ( 6 )
captureDispatchPointer( 415984106000,415990976000, 2, 761.603333, 930.138794,0.20784314,0.06666667,0,0.0,0.0,65539,0, 0)
captureUserWait ( 18 )
captureDispatchPointer( 415984106000,416009664000, 2, 761.603333, 931.137817,0.20784314,0.06666667,0,0.0,0.0,65539,0, 0)
captureUserWait ( 9 )
captureDispatchPointer( 415984106000,416019041000, 2, 761.603333, 932.136902,0.20784314,0.06666667,0,0.0,0.0,65539,0, 0)
captureUserWait ( 84 )
captureDispatchPointer( 415984106000,416103253000, 2, 760.603821, 932.136902,0.20784314,0.06666667,0,0.0,0.0,65539,0, 0)
captureUserWait ( 9 )
captureDispatchPointer( 415984106000,416112666000, 2, 759.604370, 932.136902,0.20784314,0.06666667,0,0.0,0.0,65539,0, 0)
captureUserWait ( 9 )
captureDispatchPointer( 415984106000,416121997000, 2, 758.604858, 932.136902,0.20784314,0.06666667,0,0.0,0.0,65539,0, 0)
captureUserWait ( 8 )
captureDispatchPointer( 415984106000,416130505000, 1, 758.604858, 932.136902,0.20784314,0.06666667,0,0.0,0.0,65539,0, 0)
captureUserWait ( 1699 )
compareScreenshot(2014-08-01_10-40-42.jpg, 0, 0, 1080, 1920, 0, 1.0, 10)
captureDispatchPointer( 417830295000,417830295000, 0, 930.515320, 828.233093,0.20784314,0.06666667,0,0.0,0.0,65539,0, 0)
captureUserWait ( 8 )
captureDispatchPointer( 417830295000,417838767000, 2, 930.515320, 828.233093,0.20784314,0.06666667,0,0.0,0.0,65539,0, 0)
captureUserWait ( 9 )
captureDispatchPointer( 417830295000,417848091000, 2, 929.515869, 829.232178,0.20784314,0.06666667,0,0.0,0.0,65539,0, 0)
captureUserWait ( 9 )
captureDispatchPointer( 417830295000,417857461000, 2, 928.516357, 830.231262,0.20784314,0.06666667,0,0.0,0.0,65539,0, 0)
captureUserWait ( 9 )
captureDispatchPointer( 417830295000,417866975000, 2, 927.516907, 831.230347,0.20784314,0.06666667,0,0.0,0.0,65539,0, 0)
captureUserWait ( 9 )
captureDispatchPointer( 417830295000,417876182000, 2, 926.517395, 831.230347,0.20784314,0.06666667,0,0.0,0.0,65539,0, 0)
captureUserWait ( 9 )
captureDispatchPointer( 417830295000,417885637000, 2, 925.517944, 831.230347,0.20784314,0.06666667,0,0.0,0.0,65539,0, 0)
captureUserWait ( 37 )
captureDispatchPointer( 417830295000,417922921000, 2, 925.517944, 831.230347,0.20784314,0.06666667,0,0.0,0.0,65539,0, 0)
captureUserWait ( 8 )
captureDispatchPointer( 417830295000,417931126000, 1, 925.517944, 831.230347,0.20784314,0.06666667,0,0.0,0.0,65539,0, 0)
captureUserWait ( 10156 )
compareScreenshot(2014-08-01_10-40-58.jpg, 0, 0, 1080, 1920, 0, 1.0, 10)
captureDispatchKey( 0, 0, 0, 3, 0,0,0,0)
captureUserWait ( 93 )
captureDispatchKey( 0, 0, 1, 3, 0,0,0,0)
captureUserWait ( 6589 )
compareScreenshot(2014-08-01_10-41-04.jpg, 0, 0, 1080, 1920, 0, 1.0, 10)
captureUserWait ( 1500 )
