type=raw events 1
count= 1
speed=1.0
start data >>

## 7-listen-to-the-music.txt
RunCmd(am start -n com.fihtdc.music/.ui.activities.MainActivity --activity-single-top)
captureUserWait ( 4500 )
compareScreenshot(2014-08-01_07-40-39.jpg, 0, 0, 1080, 1920, 0, 1.0, 10)
captureDispatchPointer( 1883578346000,1883578346000, 0, 902.164673, 1873.024414,0.20784314,0.06666667,0,0.0,0.0,65539,0, 0)
captureUserWait ( 26 )
captureDispatchPointer( 1883578346000,1883604673000, 2, 902.164673, 1872.024902,0.20784314,0.06666667,0,0.0,0.0,65539,0, 0)
captureUserWait ( 9 )
captureDispatchPointer( 1883578346000,1883614069000, 2, 902.164673, 1871.025513,0.20784314,0.06666667,0,0.0,0.0,65539,0, 0)
captureUserWait ( 9 )
captureDispatchPointer( 1883578346000,1883623485000, 2, 902.164673, 1870.026001,0.20784314,0.06666667,0,0.0,0.0,65539,0, 0)
captureUserWait ( 9 )
captureDispatchPointer( 1883578346000,1883632930000, 2, 902.164673, 1869.026489,0.20784314,0.06666667,0,0.0,0.0,65539,0, 0)
captureUserWait ( 9 )
captureDispatchPointer( 1883578346000,1883642273000, 2, 902.164673, 1868.026978,0.20784314,0.06666667,0,0.0,0.0,65539,0, 0)
captureUserWait ( 9 )
captureDispatchPointer( 1883578346000,1883651623000, 2, 902.164673, 1867.027588,0.20784314,0.06666667,0,0.0,0.0,65539,0, 0)
captureUserWait ( 9 )
captureDispatchPointer( 1883578346000,1883660982000, 2, 902.164673, 1866.028076,0.20784314,0.06666667,0,0.0,0.0,65539,0, 0)
captureUserWait ( 9 )
captureDispatchPointer( 1883578346000,1883670370000, 2, 902.164673, 1865.028564,0.20784314,0.06666667,0,0.0,0.0,65539,0, 0)
captureUserWait ( 9 )
captureDispatchPointer( 1883578346000,1883679753000, 2, 902.164673, 1864.029053,0.20784314,0.06666667,0,0.0,0.0,65539,0, 0)
captureUserWait ( 9 )
captureDispatchPointer( 1883578346000,1883689050000, 2, 902.164673, 1864.029053,0.20784314,0.06666667,0,0.0,0.0,65539,0, 0)
captureUserWait ( 8 )
captureDispatchPointer( 1883578346000,1883697267000, 1, 902.164673, 1864.029053,0.20784314,0.06666667,0,0.0,0.0,65539,0, 0)

# play 4 min
captureUserWait ( 218000 )
captureDispatchPointer( 2131648253000,2131648253000, 0, 887.178528, 1861.030640,0.20784314,0.06666667,0,0.0,0.0,65539,0, 0)
captureUserWait ( 8 )
captureDispatchPointer( 2131648253000,2131656660000, 2, 887.178528, 1861.030640,0.20784314,0.06666667,0,0.0,0.0,65539,0, 0)
captureUserWait ( 9 )
captureDispatchPointer( 2131648253000,2131665971000, 2, 887.178528, 1861.030640,0.20784314,0.06666667,0,0.0,0.0,65539,0, 0)
captureUserWait ( 28 )
captureDispatchPointer( 2131648253000,2131694082000, 2, 887.178528, 1861.030640,0.20784314,0.06666667,0,0.0,0.0,65539,0, 0)
captureUserWait ( 18 )
captureDispatchPointer( 2131648253000,2131712926000, 2, 887.178528, 1861.030640,0.20784314,0.06666667,0,0.0,0.0,65539,0, 0)
captureUserWait ( 9 )
captureDispatchPointer( 2131648253000,2131722328000, 2, 887.178528, 1861.030640,0.20784314,0.06666667,0,0.0,0.0,65539,0, 0)
captureUserWait ( 26 )
captureDispatchPointer( 2131648253000,2131749256000, 1, 887.178528, 1861.030640,0.20784314,0.06666667,0,0.0,0.0,65539,0, 0)
captureUserWait ( 1049 )
captureDispatchKey( 0, 0, 0, 4, 0,0,0,0)
captureUserWait ( 158 )
captureDispatchKey( 0, 0, 1, 4, 0,0,0,0)

captureUserWait ( 55000 )
captureUserWait ( 3762 )
captureUserWait ( 1500 )


