type=raw events 1
count= 1
speed=1.0
start data >>

## 9-tweet-1.txt
RunCmd(am start -n com.twitter.android/.StartActivity --activity-single-top)
captureUserWait ( 4500 )
captureUserWait ( 5000 )
compareScreenshot(2014-08-19_03-27-10.jpg, 0, 0, 1080, 1920, 0, 1.0, 10)
captureDispatchPointer( 399011286000,399011286000, 0, 357.668823, 1861.030640,0.20784314,0.06666667,0,0.0,0.0,65539,0, 0)
captureUserWait ( 35 )
captureDispatchPointer( 399011286000,399046594000, 2, 357.668823, 1861.030640,0.20784314,0.06666667,0,0.0,0.0,65539,0, 0)
captureUserWait ( 64 )
captureDispatchPointer( 399011286000,399111164000, 1, 357.668823, 1861.030640,0.20784314,0.06666667,0,0.0,0.0,65539,0, 0)
captureUserWait ( 1938 )
captureUserWait ( 5000 )

compareScreenshot(2014-08-19_03-27-14.jpg, 0, 0, 1080, 1920, 0, 1.0, 10)
captureDispatchPointer( 403049187000,403049187000, 0, 919.148926, 1346.298828,0.20784314,0.06666667,0,0.0,0.0,65539,0, 0)
captureUserWait ( 82 )
captureDispatchPointer( 403049187000,403132076000, 1, 919.148926, 1346.298828,0.20784314,0.06666667,0,0.0,0.0,65539,0, 0)
captureUserWait ( 5000 )
captureUserWait ( 2214 )
compareScreenshot(2014-08-19_03-27-18.jpg, 0, 0, 1080, 1920, 0, 1.0, 10)
captureDispatchPointer( 406346387000,406346387000, 0, 752.303406, 1711.108765,0.20784314,0.06666667,0,0.0,0.0,65539,0, 0)
captureUserWait ( 73 )
captureDispatchPointer( 406346387000,406419996000, 2, 752.303406, 1711.108765,0.20784314,0.06666667,0,0.0,0.0,65539,0, 0)
captureUserWait ( 17 )
captureDispatchPointer( 406346387000,406437726000, 1, 752.303406, 1711.108765,0.20784314,0.06666667,0,0.0,0.0,65539,0, 0)
captureUserWait ( 825 )
captureDispatchPointer( 407263527000,407263527000, 0, 807.252563, 1346.298828,0.20784314,0.06666667,0,0.0,0.0,65539,0, 0)
captureUserWait ( 37 )
captureDispatchPointer( 407263527000,407301169000, 2, 807.252563, 1346.298828,0.20784314,0.06666667,0,0.0,0.0,65539,0, 0)
captureUserWait ( 8 )
captureDispatchPointer( 407263527000,407310048000, 2, 807.252563, 1346.298828,0.20784314,0.06666667,0,0.0,0.0,65539,0, 0)
captureUserWait ( 8 )
captureDispatchPointer( 407263527000,407318170000, 1, 807.252563, 1346.298828,0.20784314,0.06666667,0,0.0,0.0,65539,0, 0)

captureUserWait ( 1693 )
compareScreenshot(2014-08-19_03-27-21.jpg, 0, 0, 1080, 1920, 0, 1.0, 10)
captureDispatchPointer( 410011424000,410011424000, 0, 534.505066, 1513.211792,0.20784314,0.06666667,0,0.0,0.0,65539,0, 0)
captureUserWait ( 7 )
captureDispatchPointer( 410011424000,410019040000, 2, 534.505066, 1513.211792,0.20784314,0.06666667,0,0.0,0.0,65539,0, 0)
captureUserWait ( 73 )
captureDispatchPointer( 410011424000,410093010000, 1, 534.505066, 1513.211792,0.20784314,0.06666667,0,0.0,0.0,65539,0, 0)
captureUserWait ( 1424 )

compareScreenshot(2014-08-19_03-27-24.jpg, 0, 0, 1080, 1920, 0, 1.0, 10)
captureDispatchPointer( 412517044000,412517044000, 0, 819.241455, 1351.296143,0.20784314,0.06666667,0,0.0,0.0,65539,0, 0)
captureUserWait ( 35 )
captureDispatchPointer( 412517044000,412552731000, 2, 819.241455, 1351.296143,0.20784314,0.06666667,0,0.0,0.0,65539,0, 0)
captureUserWait ( 28 )
captureDispatchPointer( 412517044000,412580832000, 2, 819.241455, 1351.296143,0.20784314,0.06666667,0,0.0,0.0,65539,0, 0)
captureUserWait ( 9 )
captureDispatchPointer( 412517044000,412590174000, 2, 819.241455, 1351.296143,0.20784314,0.06666667,0,0.0,0.0,65539,0, 0)
captureUserWait ( 8 )
captureDispatchPointer( 412517044000,412598382000, 1, 819.241455, 1351.296143,0.20784314,0.06666667,0,0.0,0.0,65539,0, 0)
captureUserWait ( 779 )
captureDispatchPointer( 413377974000,413377974000, 0, 381.646637, 1370.286255,0.20784314,0.06666667,0,0.0,0.0,65539,0, 0)
captureUserWait ( 73 )
captureDispatchPointer( 413377974000,413451431000, 1, 381.646637, 1370.286255,0.20784314,0.06666667,0,0.0,0.0,65539,0, 0)
captureUserWait ( 844 )
captureDispatchPointer( 414296194000,414296194000, 0, 809.250671, 1351.296143,0.20784314,0.06666667,0,0.0,0.0,65539,0, 0)
captureUserWait ( 54 )
captureDispatchPointer( 414296194000,414350298000, 1, 809.250671, 1351.296143,0.20784314,0.06666667,0,0.0,0.0,65539,0, 0)
captureUserWait ( 1610 )

compareScreenshot(2014-08-19_03-27-27.jpg, 0, 0, 1080, 1920, 0, 1.0, 10)
captureDispatchPointer( 415960394000,415960394000, 0, 517.520813, 1812.056152,0.20784314,0.06666667,0,0.0,0.0,65539,0, 0)
captureUserWait ( 8 )
captureDispatchPointer( 415960394000,415968608000, 2, 517.520813, 1813.055664,0.20784314,0.06666667,0,0.0,0.0,65539,0, 0)
captureUserWait ( 84 )
captureDispatchPointer( 415960394000,416052914000, 2, 517.520813, 1813.055664,0.20784314,0.06666667,0,0.0,0.0,65539,0, 0)
captureUserWait ( 8 )
captureDispatchPointer( 415960394000,416061178000, 1, 517.520813, 1813.055664,0.20784314,0.06666667,0,0.0,0.0,65539,0, 0)
captureUserWait ( 74 )
captureDispatchPointer( 416765749000,416765749000, 0, 442.590210, 1514.211304,0.20784314,0.06666667,0,0.0,0.0,65539,0, 0)
captureUserWait ( 46 )
captureDispatchPointer( 416765749000,416811831000, 2, 442.590210, 1514.211304,0.20784314,0.06666667,0,0.0,0.0,65539,0, 0)
captureUserWait ( 9 )
captureDispatchPointer( 416765749000,416821329000, 2, 442.590210, 1514.211304,0.20784314,0.06666667,0,0.0,0.0,65539,0, 0)
captureUserWait ( 8 )
captureDispatchPointer( 416765749000,416829613000, 1, 442.590210, 1514.211304,0.20784314,0.06666667,0,0.0,0.0,65539,0, 0)
captureUserWait ( 58 )
captureDispatchPointer( 417397826000,417397826000, 0, 378.649414, 1370.286255,0.20784314,0.06666667,0,0.0,0.0,65539,0, 0)
captureUserWait ( 8 )
captureDispatchPointer( 417397826000,417406634000, 2, 378.649414, 1370.286255,0.20784314,0.06666667,0,0.0,0.0,65539,0, 0)
captureUserWait ( 9 )
captureDispatchPointer( 417397826000,417416010000, 2, 378.649414, 1370.286255,0.20784314,0.06666667,0,0.0,0.0,65539,0, 0)
captureUserWait ( 46 )
captureDispatchPointer( 417397826000,417463004000, 2, 378.649414, 1370.286255,0.20784314,0.06666667,0,0.0,0.0,65539,0, 0)
captureUserWait ( 8 )
captureDispatchPointer( 417397826000,417471027000, 1, 378.649414, 1370.286255,0.20784314,0.06666667,0,0.0,0.0,65539,0, 0)
captureUserWait ( 87 )
captureDispatchPointer( 418278529000,418278529000, 0, 905.161865, 1353.295166,0.20784314,0.06666667,0,0.0,0.0,65539,0, 0)
captureUserWait ( 64 )
captureDispatchPointer( 418278529000,418343339000, 2, 905.161865, 1353.295166,0.20784314,0.06666667,0,0.0,0.0,65539,0, 0)
captureUserWait ( 9 )
captureDispatchPointer( 418278529000,418352633000, 2, 905.161865, 1353.295166,0.20784314,0.06666667,0,0.0,0.0,65539,0, 0)
captureUserWait ( 8 )
captureDispatchPointer( 418278529000,418360774000, 1, 905.161865, 1353.295166,0.20784314,0.06666667,0,0.0,0.0,65539,0, 0)
captureUserWait ( 87 )
captureDispatchPointer( 419168760000,419168760000, 0, 879.185913, 1697.116089,0.20784314,0.06666667,0,0.0,0.0,65539,0, 0)
captureUserWait ( 18 )
captureDispatchPointer( 419168760000,419186794000, 2, 879.185913, 1697.116089,0.20784314,0.06666667,0,0.0,0.0,65539,0, 0)
captureUserWait ( 28 )
captureDispatchPointer( 419168760000,419214924000, 2, 878.186890, 1696.116577,0.20784314,0.06666667,0,0.0,0.0,65539,0, 0)
captureUserWait ( 9 )
captureDispatchPointer( 419168760000,419224432000, 2, 877.187805, 1695.117065,0.20784314,0.06666667,0,0.0,0.0,65539,0, 0)
captureUserWait ( 9 )
captureDispatchPointer( 419168760000,419233697000, 2, 877.187805, 1694.117554,0.20784314,0.06666667,0,0.0,0.0,65539,0, 0)
captureUserWait ( 9 )
captureDispatchPointer( 419168760000,419242839000, 2, 877.187805, 1694.117554,0.20784314,0.06666667,0,0.0,0.0,65539,0, 0)
captureUserWait ( 9 )
captureDispatchPointer( 419168760000,419252170000, 2, 877.187805, 1694.117554,0.20784314,0.06666667,0,0.0,0.0,65539,0, 0)
captureUserWait ( 8 )
captureDispatchPointer( 419168760000,419260528000, 1, 877.187805, 1694.117554,0.20784314,0.06666667,0,0.0,0.0,65539,0, 0)
captureUserWait ( 1597 )

compareScreenshot(2014-08-19_03-27-32.jpg, 0, 0, 1080, 1920, 0, 1.0, 10)
captureDispatchPointer( 420858218000,420858218000, 0, 550.490295, 1837.043213,0.20784314,0.06666667,0,0.0,0.0,65539,0, 0)
captureUserWait ( 36 )
captureDispatchPointer( 420858218000,420894973000, 2, 550.490295, 1837.043213,0.20784314,0.06666667,0,0.0,0.0,65539,0, 0)
captureUserWait ( 46 )
captureDispatchPointer( 420858218000,420941729000, 2, 550.490295, 1837.043213,0.20784314,0.06666667,0,0.0,0.0,65539,0, 0)
captureUserWait ( 9 )
captureDispatchPointer( 420858218000,420950989000, 2, 550.490295, 1837.043213,0.20784314,0.06666667,0,0.0,0.0,65539,0, 0)
captureUserWait ( 8 )
captureDispatchPointer( 420858218000,420959176000, 1, 550.490295, 1837.043213,0.20784314,0.06666667,0,0.0,0.0,65539,0, 0)
captureUserWait ( 57 )
captureDispatchPointer( 421546830000,421546830000, 0, 439.592957, 1698.115479,0.20784314,0.06666667,0,0.0,0.0,65539,0, 0)
captureUserWait ( 73 )
captureDispatchPointer( 421546830000,421620001000, 1, 439.592957, 1698.115479,0.20784314,0.06666667,0,0.0,0.0,65539,0, 0)
captureUserWait ( 76 )
captureDispatchPointer( 422380674000,422380674000, 0, 924.144287, 1353.295166,0.20784314,0.06666667,0,0.0,0.0,65539,0, 0)
captureUserWait ( 54 )
captureDispatchPointer( 422380674000,422434846000, 1, 924.144287, 1353.295166,0.20784314,0.06666667,0,0.0,0.0,65539,0, 0)
captureUserWait ( 79 )
captureDispatchPointer( 423233101000,423233101000, 0, 761.295105, 1705.111938,0.20784314,0.06666667,0,0.0,0.0,65539,0, 0)
captureUserWait ( 8 )
captureDispatchPointer( 423233101000,423241766000, 2, 761.295105, 1705.111938,0.20784314,0.06666667,0,0.0,0.0,65539,0, 0)
captureUserWait ( 9 )
captureDispatchPointer( 423233101000,423251052000, 2, 761.295105, 1705.111938,0.20784314,0.06666667,0,0.0,0.0,65539,0, 0)
captureUserWait ( 28 )
captureDispatchPointer( 423233101000,423279209000, 2, 761.295105, 1705.111938,0.20784314,0.06666667,0,0.0,0.0,65539,0, 0)
captureUserWait ( 27 )
captureDispatchPointer( 423233101000,423307187000, 2, 761.295105, 1704.112427,0.20784314,0.06666667,0,0.0,0.0,65539,0, 0)
captureUserWait ( 17 )
captureDispatchPointer( 423233101000,423324678000, 1, 761.295105, 1704.112427,0.20784314,0.06666667,0,0.0,0.0,65539,0, 0)
captureUserWait ( 1473 )

compareScreenshot(2014-08-19_03-27-36.jpg, 0, 0, 1080, 1920, 0, 1.0, 10)
captureDispatchPointer( 424798031000,424798031000, 0, 532.506958, 1682.123901,0.20784314,0.06666667,0,0.0,0.0,65539,0, 0)
captureUserWait ( 36 )
captureDispatchPointer( 424798031000,424834730000, 2, 532.506958, 1682.123901,0.20784314,0.06666667,0,0.0,0.0,65539,0, 0)
captureUserWait ( 9 )
captureDispatchPointer( 424798031000,424844096000, 2, 532.506958, 1682.123901,0.20784314,0.06666667,0,0.0,0.0,65539,0, 0)
captureUserWait ( 9 )
captureDispatchPointer( 424798031000,424853665000, 2, 532.506958, 1682.123901,0.20784314,0.06666667,0,0.0,0.0,65539,0, 0)
captureUserWait ( 9 )
captureDispatchPointer( 424798031000,424862800000, 2, 532.506958, 1682.123901,0.20784314,0.06666667,0,0.0,0.0,65539,0, 0)
captureUserWait ( 36 )
captureDispatchPointer( 424798031000,424898886000, 1, 532.506958, 1682.123901,0.20784314,0.06666667,0,0.0,0.0,65539,0, 0)
captureUserWait ( 38 )
captureDispatchPointer( 425537827000,425537827000, 0, 298.723419, 1367.287842,0.20784314,0.06666667,0,0.0,0.0,65539,0, 0)
captureUserWait ( 37 )
captureDispatchPointer( 425537827000,425574910000, 2, 298.723419, 1367.287842,0.20784314,0.06666667,0,0.0,0.0,65539,0, 0)
captureUserWait ( 8 )
captureDispatchPointer( 425537827000,425583057000, 1, 298.723419, 1367.287842,0.20784314,0.06666667,0,0.0,0.0,65539,0, 0)
captureUserWait ( 194 )

compareScreenshot(2014-08-19_03-27-39.jpg, 0, 0, 1080, 1920, 0, 1.0, 10)
captureDispatchPointer( 427777371000,427777371000, 0, 762.294189, 1713.107666,0.20784314,0.06666667,0,0.0,0.0,65539,0, 0)
captureUserWait ( 17 )
captureDispatchPointer( 427777371000,427794880000, 2, 762.294189, 1713.107666,0.20784314,0.06666667,0,0.0,0.0,65539,0, 0)
captureUserWait ( 28 )
captureDispatchPointer( 427777371000,427822897000, 2, 762.294189, 1713.107666,0.20784314,0.06666667,0,0.0,0.0,65539,0, 0)
captureUserWait ( 37 )
captureDispatchPointer( 427777371000,427860488000, 2, 762.294189, 1713.107666,0.20784314,0.06666667,0,0.0,0.0,65539,0, 0)
captureUserWait ( 9 )
captureDispatchPointer( 427777371000,427869648000, 2, 762.294189, 1713.107666,0.20784314,0.06666667,0,0.0,0.0,65539,0, 0)
captureUserWait ( 8 )
captureDispatchPointer( 427777371000,427877833000, 1, 762.294189, 1713.107666,0.20784314,0.06666667,0,0.0,0.0,65539,0, 0)
captureUserWait ( 86 )
captureDispatchPointer( 428563862000,428563862000, 0, 812.247925, 1352.295654,0.20784314,0.06666667,0,0.0,0.0,65539,0, 0)
captureUserWait ( 8 )
captureDispatchPointer( 428563862000,428572591000, 2, 812.247925, 1352.295654,0.20784314,0.06666667,0,0.0,0.0,65539,0, 0)
captureUserWait ( 9 )
captureDispatchPointer( 428563862000,428581931000, 2, 812.247925, 1352.295654,0.20784314,0.06666667,0,0.0,0.0,65539,0, 0)
captureUserWait ( 18 )
captureDispatchPointer( 428563862000,428600573000, 2, 812.247925, 1352.295654,0.20784314,0.06666667,0,0.0,0.0,65539,0, 0)
captureUserWait ( 9 )
captureDispatchPointer( 428563862000,428609951000, 2, 812.247925, 1352.295654,0.20784314,0.06666667,0,0.0,0.0,65539,0, 0)
captureUserWait ( 9 )
captureDispatchPointer( 428563862000,428619277000, 2, 812.247925, 1352.295654,0.20784314,0.06666667,0,0.0,0.0,65539,0, 0)
captureUserWait ( 8 )
captureDispatchPointer( 428563862000,428627654000, 1, 812.247925, 1352.295654,0.20784314,0.06666667,0,0.0,0.0,65539,0, 0)
captureUserWait ( 26 )
captureDispatchPointer( 429453957000,429453957000, 0, 286.734497, 1364.289429,0.20784314,0.06666667,0,0.0,0.0,65539,0, 0)
captureUserWait ( 56 )
captureDispatchPointer( 429453957000,429510236000, 2, 286.734497, 1364.289429,0.20784314,0.06666667,0,0.0,0.0,65539,0, 0)
captureUserWait ( 17 )
captureDispatchPointer( 429453957000,429528108000, 2, 286.734497, 1364.289429,0.20784314,0.06666667,0,0.0,0.0,65539,0, 0)
captureUserWait ( 8 )
captureDispatchPointer( 429453957000,429536471000, 1, 286.734497, 1364.289429,0.20784314,0.06666667,0,0.0,0.0,65539,0, 0)
captureUserWait ( 96 )
captureDispatchPointer( 430443138000,430443138000, 0, 778.279358, 1714.107178,0.20784314,0.06666667,0,0.0,0.0,65539,0, 0)
captureUserWait ( 17 )
captureDispatchPointer( 430443138000,430461084000, 2, 778.279358, 1714.107178,0.20784314,0.06666667,0,0.0,0.0,65539,0, 0)
captureUserWait ( 37 )
captureDispatchPointer( 430443138000,430498522000, 2, 778.279358, 1715.106689,0.20784314,0.06666667,0,0.0,0.0,65539,0, 0)
captureUserWait ( 18 )
captureDispatchPointer( 430443138000,430517101000, 2, 778.279358, 1716.106201,0.20784314,0.06666667,0,0.0,0.0,65539,0, 0)
captureUserWait ( 9 )
captureDispatchPointer( 430443138000,430526445000, 2, 778.279358, 1717.105591,0.20784314,0.06666667,0,0.0,0.0,65539,0, 0)
captureUserWait ( 8 )
captureDispatchPointer( 430443138000,430534973000, 1, 778.279358, 1717.105591,0.20784314,0.06666667,0,0.0,0.0,65539,0, 0)
captureUserWait ( 68 )
captureDispatchPointer( 431103371000,431103371000, 0, 450.582794, 1681.124390,0.20784314,0.06666667,0,0.0,0.0,65539,0, 0)
captureUserWait ( 46 )
captureDispatchPointer( 431103371000,431149700000, 2, 450.582794, 1681.124390,0.20784314,0.06666667,0,0.0,0.0,65539,0, 0)
captureUserWait ( 9 )
captureDispatchPointer( 431103371000,431158821000, 2, 450.582794, 1681.124390,0.20784314,0.06666667,0,0.0,0.0,65539,0, 0)
captureUserWait ( 18 )
captureDispatchPointer( 431103371000,431177539000, 2, 450.582794, 1681.124390,0.20784314,0.06666667,0,0.0,0.0,65539,0, 0)
captureUserWait ( 17 )
captureDispatchPointer( 431103371000,431195013000, 1, 450.582794, 1681.124390,0.20784314,0.06666667,0,0.0,0.0,65539,0, 0)
captureUserWait ( 56 )
captureDispatchPointer( 431763788000,431763788000, 0, 290.730804, 1363.289917,0.20784314,0.06666667,0,0.0,0.0,65539,0, 0)
captureUserWait ( 72 )
captureDispatchPointer( 431763788000,431836571000, 1, 290.730804, 1363.289917,0.20784314,0.06666667,0,0.0,0.0,65539,0, 0)
captureUserWait ( 1125 )

compareScreenshot(2014-08-19_03-27-45.jpg, 0, 0, 1080, 1920, 0, 1.0, 10)
captureDispatchPointer( 433962075000,433962075000, 0, 568.473633, 1839.042114,0.20784314,0.06666667,0,0.0,0.0,65539,0, 0)
captureUserWait ( 34 )
captureDispatchPointer( 433962075000,433996528000, 1, 568.473633, 1839.042114,0.20784314,0.06666667,0,0.0,0.0,65539,0, 0)
captureUserWait ( 1076 )
compareScreenshot(2014-08-19_03-27-46.jpg, 0, 0, 1080, 1920, 0, 1.0, 10)
captureDispatchPointer( 435072712000,435072712000, 0, 236.780762, 1537.199341,0.20784314,0.06666667,0,0.0,0.0,65539,0, 0)
captureUserWait ( 35 )
captureDispatchPointer( 435072712000,435108088000, 2, 236.780762, 1537.199341,0.20784314,0.06666667,0,0.0,0.0,65539,0, 0)
captureUserWait ( 17 )
captureDispatchPointer( 435072712000,435125583000, 1, 236.780762, 1537.199341,0.20784314,0.06666667,0,0.0,0.0,65539,0, 0)
captureUserWait ( 1031 )
compareScreenshot(2014-08-19_03-27-47.jpg, 0, 0, 1080, 1920, 0, 1.0, 10)
captureDispatchPointer( 436157248000,436157248000, 0, 507.530060, 1360.291504,0.20784314,0.06666667,0,0.0,0.0,65539,0, 0)
captureUserWait ( 70 )
captureDispatchPointer( 436157248000,436228043000, 2, 507.530060, 1360.291504,0.20784314,0.06666667,0,0.0,0.0,65539,0, 0)
captureUserWait ( 8 )
captureDispatchPointer( 436157248000,436236484000, 1, 507.530060, 1360.291504,0.20784314,0.06666667,0,0.0,0.0,65539,0, 0)
captureUserWait ( 1099 )
compareScreenshot(2014-08-19_03-27-50.jpg, 0, 0, 1080, 1920, 0, 1.0, 10)
captureDispatchPointer( 438336181000,438336181000, 0, 907.160034, 1352.295654,0.20784314,0.06666667,0,0.0,0.0,65539,0, 0)
captureUserWait ( 16 )
captureDispatchPointer( 438336181000,438352395000, 2, 907.160034, 1352.295654,0.20784314,0.06666667,0,0.0,0.0,65539,0, 0)
captureUserWait ( 65 )
captureDispatchPointer( 438336181000,438417914000, 2, 907.160034, 1352.295654,0.20784314,0.06666667,0,0.0,0.0,65539,0, 0)
captureUserWait ( 8 )
captureDispatchPointer( 438336181000,438426092000, 1, 907.160034, 1352.295654,0.20784314,0.06666667,0,0.0,0.0,65539,0, 0)
captureUserWait ( 85 )
captureDispatchPointer( 439271356000,439271356000, 0, 378.649414, 1342.300903,0.20784314,0.06666667,0,0.0,0.0,65539,0, 0)
captureUserWait ( 74 )
captureDispatchPointer( 439271356000,439345511000, 2, 378.649414, 1343.300293,0.20784314,0.06666667,0,0.0,0.0,65539,0, 0)
captureUserWait ( 9 )
captureDispatchPointer( 439271356000,439354670000, 2, 379.648468, 1344.299805,0.20784314,0.06666667,0,0.0,0.0,65539,0, 0)
captureUserWait ( 9 )
captureDispatchPointer( 439271356000,439364025000, 2, 380.647552, 1345.299316,0.20784314,0.06666667,0,0.0,0.0,65539,0, 0)
captureUserWait ( 8 )
captureDispatchPointer( 439271356000,439372199000, 1, 380.647552, 1345.299316,0.20784314,0.06666667,0,0.0,0.0,65539,0, 0)
captureUserWait ( 456 )
captureDispatchPointer( 439828505000,439828505000, 0, 286.734497, 1346.298828,0.20784314,0.06666667,0,0.0,0.0,65539,0, 0)
captureUserWait ( 46 )
captureDispatchPointer( 439828505000,439874755000, 2, 286.734497, 1346.298828,0.20784314,0.06666667,0,0.0,0.0,65539,0, 0)
captureUserWait ( 9 )
captureDispatchPointer( 439828505000,439884185000, 2, 286.734497, 1346.298828,0.20784314,0.06666667,0,0.0,0.0,65539,0, 0)
captureUserWait ( 9 )
captureDispatchPointer( 439828505000,439893416000, 2, 286.734497, 1346.298828,0.20784314,0.06666667,0,0.0,0.0,65539,0, 0)
captureUserWait ( 18 )
captureDispatchPointer( 439828505000,439911990000, 2, 286.734497, 1346.298828,0.20784314,0.06666667,0,0.0,0.0,65539,0, 0)
captureUserWait ( 8 )
captureDispatchPointer( 439828505000,439920220000, 1, 286.734497, 1346.298828,0.20784314,0.06666667,0,0.0,0.0,65539,0, 0)
captureUserWait ( 484 )
captureDispatchPointer( 440404988000,440404988000, 0, 218.797409, 1519.208740,0.20784314,0.06666667,0,0.0,0.0,65539,0, 0)
captureUserWait ( 27 )
captureDispatchPointer( 440404988000,440432250000, 2, 218.797409, 1519.208740,0.20784314,0.06666667,0,0.0,0.0,65539,0, 0)
captureUserWait ( 9 )
captureDispatchPointer( 440404988000,440441638000, 2, 218.797409, 1519.208740,0.20784314,0.06666667,0,0.0,0.0,65539,0, 0)
captureUserWait ( 8 )
captureDispatchPointer( 440404988000,440449690000, 1, 218.797409, 1519.208740,0.20784314,0.06666667,0,0.0,0.0,65539,0, 0)
captureUserWait ( 245 )
compareScreenshot(2014-08-19_03-27-53.jpg, 0, 0, 1080, 1920, 0, 1.0, 10)
captureDispatchPointer( 441694928000,441694928000, 0, 531.507874, 1817.053589,0.20784314,0.06666667,0,0.0,0.0,65539,0, 0)
captureUserWait ( 101 )
captureDispatchPointer( 441694928000,441796045000, 1, 531.507874, 1817.053589,0.20784314,0.06666667,0,0.0,0.0,65539,0, 0)
captureUserWait ( 755 )
captureDispatchPointer( 442551307000,442551307000, 0, 828.233093, 1342.300903,0.20784314,0.06666667,0,0.0,0.0,65539,0, 0)
captureUserWait ( 46 )
captureDispatchPointer( 442551307000,442597334000, 2, 828.233093, 1342.300903,0.20784314,0.06666667,0,0.0,0.0,65539,0, 0)
captureUserWait ( 9 )
captureDispatchPointer( 442551307000,442606608000, 2, 828.233093, 1342.300903,0.20784314,0.06666667,0,0.0,0.0,65539,0, 0)
captureUserWait ( 8 )
captureDispatchPointer( 442551307000,442614880000, 1, 828.233093, 1342.300903,0.20784314,0.06666667,0,0.0,0.0,65539,0, 0)
captureUserWait ( 686 )
captureDispatchPointer( 443301119000,443301119000, 0, 230.786316, 1539.198242,0.20784314,0.06666667,0,0.0,0.0,65539,0, 0)
captureUserWait ( 64 )
captureDispatchPointer( 443301119000,443365703000, 2, 231.785385, 1539.198242,0.20784314,0.06666667,0,0.0,0.0,65539,0, 0)
captureUserWait ( 8 )
captureDispatchPointer( 443301119000,443374058000, 1, 231.785385, 1539.198242,0.20784314,0.06666667,0,0.0,0.0,65539,0, 0)
captureUserWait ( 779 )
captureDispatchPointer( 444153329000,444153329000, 0, 565.476440, 1840.041626,0.20784314,0.06666667,0,0.0,0.0,65539,0, 0)
captureUserWait ( 8 )
captureDispatchPointer( 444153329000,444161933000, 2, 565.476440, 1840.041626,0.20784314,0.06666667,0,0.0,0.0,65539,0, 0)
captureUserWait ( 56 )
captureDispatchPointer( 444153329000,444217959000, 2, 565.476440, 1840.041626,0.20784314,0.06666667,0,0.0,0.0,65539,0, 0)
captureUserWait ( 18 )
captureDispatchPointer( 444153329000,444236887000, 2, 565.476440, 1840.041626,0.20784314,0.06666667,0,0.0,0.0,65539,0, 0)
captureUserWait ( 17 )
captureDispatchPointer( 444153329000,444254345000, 1, 565.476440, 1840.041626,0.20784314,0.06666667,0,0.0,0.0,65539,0, 0)
captureUserWait ( 51 )
captureDispatchPointer( 445005776000,445005776000, 0, 754.301575, 1684.122803,0.20784314,0.06666667,0,0.0,0.0,65539,0, 0)
captureUserWait ( 55 )
captureDispatchPointer( 445005776000,445061202000, 2, 754.301575, 1684.122803,0.20784314,0.06666667,0,0.0,0.0,65539,0, 0)
captureUserWait ( 9 )
captureDispatchPointer( 445005776000,445070488000, 2, 754.301575, 1684.122803,0.20784314,0.06666667,0,0.0,0.0,65539,0, 0)
captureUserWait ( 8 )
captureDispatchPointer( 445005776000,445078649000, 1, 754.301575, 1684.122803,0.20784314,0.06666667,0,0.0,0.0,65539,0, 0)
captureUserWait ( 78 )
captureDispatchPointer( 445656781000,445656781000, 0, 926.142456, 1348.297729,0.20784314,0.06666667,0,0.0,0.0,65539,0, 0)
captureUserWait ( 54 )
captureDispatchPointer( 445656781000,445711174000, 1, 926.142456, 1348.297729,0.20784314,0.06666667,0,0.0,0.0,65539,0, 0)
captureUserWait ( 67 )
captureDispatchPointer( 446378333000,446378333000, 0, 508.529144, 1352.295654,0.20784314,0.06666667,0,0.0,0.0,65539,0, 0)
captureUserWait ( 9 )
captureDispatchPointer( 446378333000,446387408000, 2, 508.529144, 1352.295654,0.20784314,0.06666667,0,0.0,0.0,65539,0, 0)
captureUserWait ( 27 )
captureDispatchPointer( 446378333000,446414997000, 2, 508.529144, 1352.295654,0.20784314,0.06666667,0,0.0,0.0,65539,0, 0)
captureUserWait ( 18 )
captureDispatchPointer( 446378333000,446433887000, 2, 508.529144, 1352.295654,0.20784314,0.06666667,0,0.0,0.0,65539,0, 0)
captureUserWait ( 7 )
captureDispatchPointer( 446378333000,446441871000, 1, 508.529144, 1352.295654,0.20784314,0.06666667,0,0.0,0.0,65539,0, 0)

captureUserWait ( 1372 )
compareScreenshot(2014-08-19_03-28-01.jpg, 0, 0, 1080, 1920, 0, 1.0, 10)
captureDispatchPointer( 449814683000,449814683000, 0, 570.471802, 1821.051514,0.20784314,0.06666667,0,0.0,0.0,65539,0, 0)
captureUserWait ( 17 )
captureDispatchPointer( 449814683000,449831725000, 2, 570.471802, 1821.051514,0.20784314,0.06666667,0,0.0,0.0,65539,0, 0)
captureUserWait ( 28 )
captureDispatchPointer( 449814683000,449860528000, 2, 570.471802, 1821.051514,0.20784314,0.06666667,0,0.0,0.0,65539,0, 0)
captureUserWait ( 8 )
captureDispatchPointer( 449814683000,449869125000, 2, 570.471802, 1821.051514,0.20784314,0.06666667,0,0.0,0.0,65539,0, 0)
captureUserWait ( 18 )
captureDispatchPointer( 449814683000,449887776000, 2, 570.471802, 1821.051514,0.20784314,0.06666667,0,0.0,0.0,65539,0, 0)
captureUserWait ( 8 )
captureDispatchPointer( 449814683000,449896204000, 1, 570.471802, 1821.051514,0.20784314,0.06666667,0,0.0,0.0,65539,0, 0)
captureUserWait ( 54 )
captureDispatchPointer( 450436583000,450436583000, 0, 654.394104, 1711.108765,0.20784314,0.06666667,0,0.0,0.0,65539,0, 0)
captureUserWait ( 26 )
captureDispatchPointer( 450436583000,450462942000, 1, 654.394104, 1711.108765,0.20784314,0.06666667,0,0.0,0.0,65539,0, 0)
captureUserWait ( 98 )
captureDispatchPointer( 451261150000,451261150000, 0, 126.882515, 1522.207153,0.20784314,0.06666667,0,0.0,0.0,65539,0, 0)
captureUserWait ( 17 )
captureDispatchPointer( 451261150000,451278990000, 2, 126.882515, 1522.207153,0.20784314,0.06666667,0,0.0,0.0,65539,0, 0)
captureUserWait ( 65 )
captureDispatchPointer( 451261150000,451344414000, 2, 126.882515, 1522.207153,0.20784314,0.06666667,0,0.0,0.0,65539,0, 0)
captureUserWait ( 8 )
captureDispatchPointer( 451261150000,451352689000, 1, 126.882515, 1522.207153,0.20784314,0.06666667,0,0.0,0.0,65539,0, 0)
captureUserWait ( 91 )
captureDispatchPointer( 452334069000,452334069000, 0, 348.677155, 1523.206665,0.20784314,0.06666667,0,0.0,0.0,65539,0, 0)
captureUserWait ( 8 )
captureDispatchPointer( 452334069000,452342681000, 2, 348.677155, 1523.206665,0.20784314,0.06666667,0,0.0,0.0,65539,0, 0)
captureUserWait ( 9 )
captureDispatchPointer( 452334069000,452352043000, 2, 348.677155, 1523.206665,0.20784314,0.06666667,0,0.0,0.0,65539,0, 0)
captureUserWait ( 47 )
captureDispatchPointer( 452334069000,452399127000, 2, 348.677155, 1523.206665,0.20784314,0.06666667,0,0.0,0.0,65539,0, 0)
captureUserWait ( 9 )
captureDispatchPointer( 452334069000,452408947000, 2, 348.677155, 1523.206665,0.20784314,0.06666667,0,0.0,0.0,65539,0, 0)
captureUserWait ( 7 )
captureDispatchPointer( 452334069000,452416414000, 1, 348.677155, 1523.206665,0.20784314,0.06666667,0,0.0,0.0,65539,0, 0)
captureUserWait ( 1053 )

compareScreenshot(2014-08-19_03-28-05.jpg, 0, 0, 1080, 1920, 0, 1.0, 10)
captureDispatchPointer( 453469421000,453469421000, 0, 529.509705, 1835.044189,0.20784314,0.06666667,0,0.0,0.0,65539,0, 0)
captureUserWait ( 55 )
captureDispatchPointer( 453469421000,453525369000, 2, 529.509705, 1836.043701,0.20784314,0.06666667,0,0.0,0.0,65539,0, 0)
captureUserWait ( 8 )
captureDispatchPointer( 453469421000,453533744000, 1, 529.509705, 1836.043701,0.20784314,0.06666667,0,0.0,0.0,65539,0, 0)
captureUserWait ( 1500 )

compareScreenshot(2014-08-19_03-28-07.jpg, 0, 0, 1080, 1920, 0, 1.0, 10)
captureDispatchPointer( 456034211000,456034211000, 0, 121.887146, 1525.205566,0.20784314,0.06666667,0,0.0,0.0,65539,0, 0)
captureUserWait ( 8 )
captureDispatchPointer( 456034211000,456042579000, 2, 121.887146, 1525.205566,0.20784314,0.06666667,0,0.0,0.0,65539,0, 0)
captureUserWait ( 18 )
captureDispatchPointer( 456034211000,456061150000, 2, 121.887146, 1525.205566,0.20784314,0.06666667,0,0.0,0.0,65539,0, 0)
captureUserWait ( 9 )
captureDispatchPointer( 456034211000,456070569000, 2, 121.887146, 1525.205566,0.20784314,0.06666667,0,0.0,0.0,65539,0, 0)
captureUserWait ( 8 )
captureDispatchPointer( 456034211000,456078911000, 1, 121.887146, 1525.205566,0.20784314,0.06666667,0,0.0,0.0,65539,0, 0)
captureUserWait ( 695 )
captureDispatchPointer( 456773967000,456773967000, 0, 483.552277, 1349.297241,0.20784314,0.06666667,0,0.0,0.0,65539,0, 0)
captureUserWait ( 8 )
captureDispatchPointer( 456773967000,456782749000, 2, 483.552277, 1349.297241,0.20784314,0.06666667,0,0.0,0.0,65539,0, 0)
captureUserWait ( 27 )
captureDispatchPointer( 456773967000,456810648000, 2, 483.552277, 1349.297241,0.20784314,0.06666667,0,0.0,0.0,65539,0, 0)
captureUserWait ( 8 )
captureDispatchPointer( 456773967000,456819091000, 1, 483.552277, 1349.297241,0.20784314,0.06666667,0,0.0,0.0,65539,0, 0)
captureUserWait ( 976 )
captureDispatchPointer( 457795187000,457795187000, 0, 508.529144, 1841.041138,0.20784314,0.06666667,0,0.0,0.0,65539,0, 0)
captureUserWait ( 82 )
captureDispatchPointer( 457795187000,457877780000, 1, 508.529144, 1841.041138,0.20784314,0.06666667,0,0.0,0.0,65539,0, 0)
captureUserWait ( 779 )
captureDispatchPointer( 458656996000,458656996000, 0, 144.865860, 1517.209717,0.20784314,0.06666667,0,0.0,0.0,65539,0, 0)
captureUserWait ( 8 )
captureDispatchPointer( 458656996000,458665626000, 2, 144.865860, 1517.209717,0.20784314,0.06666667,0,0.0,0.0,65539,0, 0)
captureUserWait ( 46 )
captureDispatchPointer( 458656996000,458712567000, 2, 144.865860, 1517.209717,0.20784314,0.06666667,0,0.0,0.0,65539,0, 0)
captureUserWait ( 17 )
captureDispatchPointer( 458656996000,458730509000, 1, 144.865860, 1517.209717,0.20784314,0.06666667,0,0.0,0.0,65539,0, 0)
captureUserWait ( 1938 )

compareScreenshot(2014-08-19_03-28-12.jpg, 0, 0, 1080, 1920, 0, 1.0, 10)
captureDispatchPointer( 460669420000,460669420000, 0, 981.091614, 1509.213867,0.20784314,0.06666667,0,0.0,0.0,65539,0, 0)
captureUserWait ( 35 )
captureDispatchPointer( 460669420000,460704954000, 2, 981.091614, 1509.213867,0.20784314,0.06666667,0,0.0,0.0,65539,0, 0)
captureUserWait ( 56 )
captureDispatchPointer( 460669420000,460761092000, 2, 981.091614, 1510.213379,0.20784314,0.06666667,0,0.0,0.0,65539,0, 0)
captureUserWait ( 9 )
captureDispatchPointer( 460669420000,460770450000, 2, 981.091614, 1510.213379,0.20784314,0.06666667,0,0.0,0.0,65539,0, 0)
captureUserWait ( 8 )
captureDispatchPointer( 460669420000,460778870000, 1, 981.091614, 1510.213379,0.20784314,0.06666667,0,0.0,0.0,65539,0, 0)
captureUserWait ( 26 )
captureDispatchPointer( 460985489000,460985489000, 0, 972.099915, 1505.215942,0.20784314,0.06666667,0,0.0,0.0,65539,0, 0)
captureUserWait ( 9 )
captureDispatchPointer( 460985489000,460995187000, 2, 972.099915, 1505.215942,0.20784314,0.06666667,0,0.0,0.0,65539,0, 0)
captureUserWait ( 37 )
captureDispatchPointer( 460985489000,461032353000, 2, 971.100830, 1505.215942,0.20784314,0.06666667,0,0.0,0.0,65539,0, 0)
captureUserWait ( 9 )
captureDispatchPointer( 460985489000,461041793000, 2, 971.100830, 1505.215942,0.20784314,0.06666667,0,0.0,0.0,65539,0, 0)
captureUserWait ( 8 )
captureDispatchPointer( 460985489000,461050128000, 1, 971.100830, 1505.215942,0.20784314,0.06666667,0,0.0,0.0,65539,0, 0)
captureUserWait ( 67 )
captureDispatchPointer( 461717153000,461717153000, 0, 610.434814, 1823.050415,0.20784314,0.06666667,0,0.0,0.0,65539,0, 0)
captureUserWait ( 8 )
captureDispatchPointer( 461717153000,461725791000, 2, 610.434814, 1823.050415,0.20784314,0.06666667,0,0.0,0.0,65539,0, 0)
captureUserWait ( 9 )
captureDispatchPointer( 461717153000,461735080000, 2, 610.434814, 1823.050415,0.20784314,0.06666667,0,0.0,0.0,65539,0, 0)
captureUserWait ( 18 )
captureDispatchPointer( 461717153000,461753735000, 2, 610.434814, 1823.050415,0.20784314,0.06666667,0,0.0,0.0,65539,0, 0)
captureUserWait ( 8 )
captureDispatchPointer( 461717153000,461762163000, 1, 610.434814, 1823.050415,0.20784314,0.06666667,0,0.0,0.0,65539,0, 0)
captureUserWait ( 67 )
captureDispatchPointer( 462429381000,462429381000, 0, 130.878815, 1540.197754,0.20784314,0.06666667,0,0.0,0.0,65539,0, 0)
captureUserWait ( 17 )
captureDispatchPointer( 462429381000,462447276000, 2, 130.878815, 1540.197754,0.20784314,0.06666667,0,0.0,0.0,65539,0, 0)
captureUserWait ( 9 )
captureDispatchPointer( 462429381000,462456644000, 2, 129.879745, 1540.197754,0.20784314,0.06666667,0,0.0,0.0,65539,0, 0)
captureUserWait ( 9 )
captureDispatchPointer( 462429381000,462465990000, 2, 128.880661, 1540.197754,0.20784314,0.06666667,0,0.0,0.0,65539,0, 0)
captureUserWait ( 28 )
captureDispatchPointer( 462429381000,462494183000, 2, 127.881592, 1540.197754,0.20784314,0.06666667,0,0.0,0.0,65539,0, 0)
captureUserWait ( 9 )
captureDispatchPointer( 462429381000,462503483000, 2, 127.881592, 1540.197754,0.20784314,0.06666667,0,0.0,0.0,65539,0, 0)
captureUserWait ( 9 )
captureDispatchPointer( 462429381000,462512959000, 2, 127.881592, 1541.197266,0.20784314,0.06666667,0,0.0,0.0,65539,0, 0)
captureUserWait ( 9 )
captureDispatchPointer( 462429381000,462522183000, 2, 127.881592, 1542.196777,0.20784314,0.06666667,0,0.0,0.0,65539,0, 0)
captureUserWait ( 8 )
captureDispatchPointer( 462429381000,462530306000, 1, 127.881592, 1542.196777,0.20784314,0.06666667,0,0.0,0.0,65539,0, 0)
captureUserWait ( 22 )
captureDispatchPointer( 462812535000,462812535000, 0, 199.814987, 1519.208740,0.20784314,0.06666667,0,0.0,0.0,65539,0, 0)
captureUserWait ( 46 )
captureDispatchPointer( 462812535000,462858731000, 2, 199.814987, 1519.208740,0.20784314,0.06666667,0,0.0,0.0,65539,0, 0)
captureUserWait ( 8 )
captureDispatchPointer( 462812535000,462867142000, 1, 199.814987, 1519.208740,0.20784314,0.06666667,0,0.0,0.0,65539,0, 0)
captureUserWait ( 1467 )

compareScreenshot(2014-08-19_03-28-16.jpg, 0, 0, 1080, 1920, 0, 1.0, 10)
captureDispatchPointer( 464334399000,464334399000, 0, 553.487488, 1826.048828,0.20784314,0.06666667,0,0.0,0.0,65539,0, 0)
captureUserWait ( 44 )
captureDispatchPointer( 464334399000,464378849000, 2, 553.487488, 1826.048828,0.20784314,0.06666667,0,0.0,0.0,65539,0, 0)
captureUserWait ( 27 )
captureDispatchPointer( 464334399000,464405883000, 1, 553.487488, 1826.048828,0.20784314,0.06666667,0,0.0,0.0,65539,0, 0)
captureUserWait ( 732 )
captureDispatchPointer( 465138357000,465138357000, 0, 195.818695, 1365.288818,0.20784314,0.06666667,0,0.0,0.0,65539,0, 0)
captureUserWait ( 9 )
captureDispatchPointer( 465138357000,465147760000, 2, 195.818695, 1365.288818,0.20784314,0.06666667,0,0.0,0.0,65539,0, 0)
captureUserWait ( 8 )
captureDispatchPointer( 465138357000,465156471000, 2, 195.818695, 1365.288818,0.20784314,0.06666667,0,0.0,0.0,65539,0, 0)
captureUserWait ( 46 )
captureDispatchPointer( 465138357000,465203216000, 2, 195.818695, 1365.288818,0.20784314,0.06666667,0,0.0,0.0,65539,0, 0)
captureUserWait ( 9 )
captureDispatchPointer( 465138357000,465212558000, 2, 195.818695, 1366.288330,0.20784314,0.06666667,0,0.0,0.0,65539,0, 0)
captureUserWait ( 9 )
captureDispatchPointer( 465138357000,465221879000, 2, 195.818695, 1367.287842,0.20784314,0.06666667,0,0.0,0.0,65539,0, 0)
captureUserWait ( 8 )
captureDispatchPointer( 465138357000,465230066000, 1, 195.818695, 1367.287842,0.20784314,0.06666667,0,0.0,0.0,65539,0, 0)
captureUserWait ( 667 )
captureDispatchPointer( 465897628000,465897628000, 0, 281.739136, 1356.293579,0.20784314,0.06666667,0,0.0,0.0,65539,0, 0)
captureUserWait ( 8 )
captureDispatchPointer( 465897628000,465906015000, 2, 281.739136, 1356.293579,0.20784314,0.06666667,0,0.0,0.0,65539,0, 0)
captureUserWait ( 9 )
captureDispatchPointer( 465897628000,465915313000, 2, 281.739136, 1356.293579,0.20784314,0.06666667,0,0.0,0.0,65539,0, 0)
captureUserWait ( 9 )
captureDispatchPointer( 465897628000,465924643000, 2, 281.739136, 1357.293091,0.20784314,0.06666667,0,0.0,0.0,65539,0, 0)
captureUserWait ( 37 )
captureDispatchPointer( 465897628000,465962042000, 2, 281.739136, 1357.293091,0.20784314,0.06666667,0,0.0,0.0,65539,0, 0)
captureUserWait ( 9 )
captureDispatchPointer( 465897628000,465971421000, 2, 281.739136, 1357.293091,0.20784314,0.06666667,0,0.0,0.0,65539,0, 0)
captureUserWait ( 28 )
captureDispatchPointer( 465897628000,465999583000, 2, 281.739136, 1357.293091,0.20784314,0.06666667,0,0.0,0.0,65539,0, 0)
captureUserWait ( 8 )
captureDispatchPointer( 465897628000,466007734000, 1, 281.739136, 1357.293091,0.20784314,0.06666667,0,0.0,0.0,65539,0, 0)
captureUserWait ( 1478 )

compareScreenshot(2014-08-19_03-28-20.jpg, 0, 0, 1080, 1920, 0, 1.0, 10)
captureDispatchPointer( 468486569000,468486569000, 0, 503.533752, 1810.057251,0.20784314,0.06666667,0,0.0,0.0,65539,0, 0)
captureUserWait ( 7 )
captureDispatchPointer( 468486569000,468494341000, 2, 503.533752, 1810.057251,0.20784314,0.06666667,0,0.0,0.0,65539,0, 0)
captureUserWait ( 65 )
captureDispatchPointer( 468486569000,468559551000, 2, 503.533752, 1810.057251,0.20784314,0.06666667,0,0.0,0.0,65539,0, 0)
captureUserWait ( 17 )
captureDispatchPointer( 468486569000,468577228000, 1, 503.533752, 1810.057251,0.20784314,0.06666667,0,0.0,0.0,65539,0, 0)
captureUserWait ( 88 )
captureDispatchPointer( 469365771000,469365771000, 0, 285.735443, 1353.295166,0.20784314,0.06666667,0,0.0,0.0,65539,0, 0)
captureUserWait ( 18 )
captureDispatchPointer( 469365771000,469383830000, 2, 285.735443, 1353.295166,0.20784314,0.06666667,0,0.0,0.0,65539,0, 0)
captureUserWait ( 56 )
captureDispatchPointer( 469365771000,469440058000, 2, 285.735443, 1354.294556,0.20784314,0.06666667,0,0.0,0.0,65539,0, 0)
captureUserWait ( 8 )
captureDispatchPointer( 469365771000,469448305000, 1, 285.735443, 1354.294556,0.20784314,0.06666667,0,0.0,0.0,65539,0, 0)
captureUserWait ( 1444 )

compareScreenshot(2014-08-19_03-28-22.jpg, 0, 0, 1080, 1920, 0, 1.0, 10)
captureDispatchPointer( 470892887000,470892887000, 0, 337.687317, 1691.119141,0.20784314,0.06666667,0,0.0,0.0,65539,0, 0)
captureUserWait ( 17 )
captureDispatchPointer( 470892887000,470910651000, 2, 337.687317, 1691.119141,0.20784314,0.06666667,0,0.0,0.0,65539,0, 0)
captureUserWait ( 18 )
captureDispatchPointer( 470892887000,470929309000, 2, 337.687317, 1691.119141,0.20784314,0.06666667,0,0.0,0.0,65539,0, 0)
captureUserWait ( 9 )
captureDispatchPointer( 470892887000,470938665000, 2, 337.687317, 1691.119141,0.20784314,0.06666667,0,0.0,0.0,65539,0, 0)
captureUserWait ( 9 )
captureDispatchPointer( 470892887000,470947972000, 2, 337.687317, 1691.119141,0.20784314,0.06666667,0,0.0,0.0,65539,0, 0)
captureUserWait ( 8 )
captureDispatchPointer( 470892887000,470956248000, 1, 337.687317, 1691.119141,0.20784314,0.06666667,0,0.0,0.0,65539,0, 0)
captureUserWait ( 1782 )

compareScreenshot(2014-08-19_03-28-25.jpg, 0, 0, 1080, 1920, 0, 1.0, 10)
captureDispatchPointer( 473738307000,473738307000, 0, 1034.042603, 1357.293091,0.20784314,0.06666667,0,0.0,0.0,65539,0, 0)
captureUserWait ( 7 )
captureDispatchPointer( 473738307000,473746275000, 2, 1034.042603, 1357.293091,0.20784314,0.06666667,0,0.0,0.0,65539,0, 0)
captureUserWait ( 83 )
captureDispatchPointer( 473738307000,473830166000, 2, 1034.042603, 1357.293091,0.20784314,0.06666667,0,0.0,0.0,65539,0, 0)
captureUserWait ( 9 )
captureDispatchPointer( 473738307000,473839509000, 2, 1034.042603, 1357.293091,0.20784314,0.06666667,0,0.0,0.0,65539,0, 0)
captureUserWait ( 8 )
captureDispatchPointer( 473738307000,473847690000, 1, 1034.042603, 1357.293091,0.20784314,0.06666667,0,0.0,0.0,65539,0, 0)
captureUserWait ( 723 )
captureDispatchPointer( 474571316000,474571316000, 0, 283.737274, 1366.288330,0.20784314,0.06666667,0,0.0,0.0,65539,0, 0)
captureUserWait ( 54 )
captureDispatchPointer( 474571316000,474625367000, 1, 283.737274, 1366.288330,0.20784314,0.06666667,0,0.0,0.0,65539,0, 0)
captureUserWait ( 732 )
captureDispatchPointer( 475358197000,475358197000, 0, 451.581879, 1698.115479,0.20784314,0.06666667,0,0.0,0.0,65539,0, 0)
captureUserWait ( 36 )
captureDispatchPointer( 475358197000,475394860000, 2, 451.581879, 1698.115479,0.20784314,0.06666667,0,0.0,0.0,65539,0, 0)
captureUserWait ( 9 )
captureDispatchPointer( 475358197000,475404365000, 2, 451.581879, 1698.115479,0.20784314,0.06666667,0,0.0,0.0,65539,0, 0)
captureUserWait ( 7 )
captureDispatchPointer( 475358197000,475412359000, 1, 451.581879, 1698.115479,0.20784314,0.06666667,0,0.0,0.0,65539,0, 0)
captureUserWait ( 1570 )
captureUserWait ( 5000 )
compareScreenshot(2014-08-19_03-28-28.jpg, 0, 0, 1080, 1920, 0, 1.0, 10)
captureDispatchPointer( 476982465000,476982465000, 0, 506.531006, 1351.296143,0.20784314,0.06666667,0,0.0,0.0,65539,0, 0)
captureUserWait ( 8 )
captureDispatchPointer( 476982465000,476991075000, 2, 506.531006, 1351.296143,0.20784314,0.06666667,0,0.0,0.0,65539,0, 0)
captureUserWait ( 28 )
captureDispatchPointer( 476982465000,477019093000, 2, 506.531006, 1351.296143,0.20784314,0.06666667,0,0.0,0.0,65539,0, 0)
captureUserWait ( 9 )
captureDispatchPointer( 476982465000,477028341000, 2, 506.531006, 1351.296143,0.20784314,0.06666667,0,0.0,0.0,65539,0, 0)
captureUserWait ( 8 )
captureDispatchPointer( 476982465000,477036747000, 1, 506.531006, 1351.296143,0.20784314,0.06666667,0,0.0,0.0,65539,0, 0)
captureUserWait ( 577 )
captureDispatchPointer( 477614645000,477614645000, 0, 284.736359, 1368.287354,0.20784314,0.06666667,0,0.0,0.0,65539,0, 0)
captureUserWait ( 55 )
captureDispatchPointer( 477614645000,477670107000, 2, 284.736359, 1368.287354,0.20784314,0.06666667,0,0.0,0.0,65539,0, 0)
captureUserWait ( 8 )
captureDispatchPointer( 477614645000,477678676000, 1, 284.736359, 1368.287354,0.20784314,0.06666667,0,0.0,0.0,65539,0, 0)
captureUserWait ( 1074 )
captureUserWait ( 5000 )
compareScreenshot(2014-08-19_03-28-30.jpg, 0, 0, 1080, 1920, 0, 1.0, 10)
captureDispatchPointer( 478752954000,478752954000, 0, 329.694733, 1513.211792,0.20784314,0.06666667,0,0.0,0.0,65539,0, 0)
captureUserWait ( 17 )
captureDispatchPointer( 478752954000,478770934000, 2, 329.694733, 1513.211792,0.20784314,0.06666667,0,0.0,0.0,65539,0, 0)
captureUserWait ( 28 )
captureDispatchPointer( 478752954000,478798958000, 2, 329.694733, 1513.211792,0.20784314,0.06666667,0,0.0,0.0,65539,0, 0)
captureUserWait ( 9 )
captureDispatchPointer( 478752954000,478808350000, 2, 329.694733, 1513.211792,0.20784314,0.06666667,0,0.0,0.0,65539,0, 0)
captureUserWait ( 8 )
captureDispatchPointer( 478752954000,478816506000, 1, 329.694733, 1513.211792,0.20784314,0.06666667,0,0.0,0.0,65539,0, 0)
captureUserWait ( 1874 )
captureUserWait ( 5000 )
compareScreenshot(2014-08-19_03-28-33.jpg, 0, 0, 1080, 1920, 0, 1.0, 10)
captureDispatchPointer( 481690883000,481690883000, 0, 87.918594, 1838.042603,0.20784314,0.06666667,0,0.0,0.0,65539,0, 0)
captureUserWait ( 16 )
captureDispatchPointer( 481690883000,481707701000, 2, 86.919518, 1839.042114,0.20784314,0.06666667,0,0.0,0.0,65539,0, 0)
captureUserWait ( 9 )
captureDispatchPointer( 481690883000,481717160000, 2, 85.920441, 1839.042114,0.20784314,0.06666667,0,0.0,0.0,65539,0, 0)
captureUserWait ( 9 )
captureDispatchPointer( 481690883000,481726446000, 2, 84.921371, 1839.042114,0.20784314,0.06666667,0,0.0,0.0,65539,0, 0)
captureUserWait ( 47 )
captureDispatchPointer( 481690883000,481773531000, 2, 84.921371, 1840.041626,0.20784314,0.06666667,0,0.0,0.0,65539,0, 0)
captureUserWait ( 9 )
captureDispatchPointer( 481690883000,481783121000, 2, 84.921371, 1841.041138,0.20784314,0.06666667,0,0.0,0.0,65539,0, 0)
captureUserWait ( 7 )
captureDispatchPointer( 481690883000,481790788000, 1, 84.921371, 1841.041138,0.20784314,0.06666667,0,0.0,0.0,65539,0, 0)
captureUserWait ( 1115 )

compareScreenshot(2014-08-19_03-28-35.jpg, 0, 0, 1080, 1920, 0, 1.0, 10)
captureDispatchPointer( 483906607000,483906607000, 0, 744.310852, 1846.038452,0.20784314,0.06666667,0,0.0,0.0,65539,0, 0)
captureUserWait ( 18 )
captureDispatchPointer( 483906607000,483924879000, 2, 744.310852, 1847.037964,0.20784314,0.06666667,0,0.0,0.0,65539,0, 0)
captureUserWait ( 9 )
captureDispatchPointer( 483906607000,483934104000, 2, 744.310852, 1848.037476,0.20784314,0.06666667,0,0.0,0.0,65539,0, 0)
captureUserWait ( 18 )
captureDispatchPointer( 483906607000,483952781000, 2, 744.310852, 1849.036865,0.20784314,0.06666667,0,0.0,0.0,65539,0, 0)
captureUserWait ( 9 )
captureDispatchPointer( 483906607000,483962291000, 2, 744.310852, 1850.036377,0.20784314,0.06666667,0,0.0,0.0,65539,0, 0)
captureUserWait ( 9 )
captureDispatchPointer( 483906607000,483971433000, 2, 744.310852, 1851.035889,0.20784314,0.06666667,0,0.0,0.0,65539,0, 0)
captureUserWait ( 9 )
captureDispatchPointer( 483906607000,483980915000, 2, 744.310852, 1852.035400,0.20784314,0.06666667,0,0.0,0.0,65539,0, 0)
captureUserWait ( 9 )
captureDispatchPointer( 483906607000,483990275000, 2, 744.310852, 1853.034790,0.20784314,0.06666667,0,0.0,0.0,65539,0, 0)
captureUserWait ( 9 )
captureDispatchPointer( 483906607000,483999509000, 2, 743.311768, 1855.033813,0.20784314,0.06666667,0,0.0,0.0,65539,0, 0)
captureUserWait ( 9 )
captureDispatchPointer( 483906607000,484008859000, 2, 743.311768, 1857.032715,0.20784314,0.06666667,0,0.0,0.0,65539,0, 0)
captureUserWait ( 8 )
captureDispatchPointer( 483906607000,484017055000, 1, 743.311768, 1857.032715,0.20784314,0.06666667,0,0.0,0.0,65539,0, 0)

captureUserWait ( 2247 )
compareScreenshot(2014-08-19_03-28-38.jpg, 0, 0, 1080, 1920, 0, 1.0, 10)
captureDispatchPointer( 487264665000,487264665000, 0, 523.515259, 1827.048340,0.20784314,0.06666667,0,0.0,0.0,65539,0, 0)
captureUserWait ( 17 )
captureDispatchPointer( 487264665000,487282159000, 2, 523.515259, 1828.047852,0.20784314,0.06666667,0,0.0,0.0,65539,0, 0)
captureUserWait ( 73 )
captureDispatchPointer( 487264665000,487355816000, 1, 523.515259, 1828.047852,0.20784314,0.06666667,0,0.0,0.0,65539,0, 0)
captureUserWait ( 916 )
captureDispatchPointer( 488272137000,488272137000, 0, 818.242371, 1358.292480,0.20784314,0.06666667,0,0.0,0.0,65539,0, 0)
captureUserWait ( 55 )
captureDispatchPointer( 488272137000,488327307000, 2, 818.242371, 1358.292480,0.20784314,0.06666667,0,0.0,0.0,65539,0, 0)
captureUserWait ( 8 )
captureDispatchPointer( 488272137000,488335641000, 1, 818.242371, 1358.292480,0.20784314,0.06666667,0,0.0,0.0,65539,0, 0)
captureUserWait ( 71 )
captureDispatchPointer( 489307399000,489307399000, 0, 236.780762, 1520.208130,0.20784314,0.06666667,0,0.0,0.0,65539,0, 0)
captureUserWait ( 54 )
captureDispatchPointer( 489307399000,489361923000, 1, 236.780762, 1520.208130,0.20784314,0.06666667,0,0.0,0.0,65539,0, 0)
captureUserWait ( 76 )
captureDispatchPointer( 490038482000,490038482000, 0, 590.453308, 1829.047363,0.20784314,0.06666667,0,0.0,0.0,65539,0, 0)
captureUserWait ( 8 )
captureDispatchPointer( 490038482000,490047452000, 2, 590.453308, 1829.047363,0.20784314,0.06666667,0,0.0,0.0,65539,0, 0)
captureUserWait ( 8 )
captureDispatchPointer( 490038482000,490056435000, 2, 590.453308, 1829.047363,0.20784314,0.06666667,0,0.0,0.0,65539,0, 0)
captureUserWait ( 37 )
captureDispatchPointer( 490038482000,490093763000, 2, 590.453308, 1829.047363,0.20784314,0.06666667,0,0.0,0.0,65539,0, 0)
captureUserWait ( 8 )
captureDispatchPointer( 490038482000,490102006000, 1, 590.453308, 1829.047363,0.20784314,0.06666667,0,0.0,0.0,65539,0, 0)
captureUserWait ( 39 )
captureDispatchPointer( 490741274000,490741274000, 0, 820.240540, 1341.301392,0.20784314,0.06666667,0,0.0,0.0,65539,0, 0)
captureUserWait ( 45 )
captureDispatchPointer( 490741274000,490786536000, 1, 820.240540, 1341.301392,0.20784314,0.06666667,0,0.0,0.0,65539,0, 0)
captureUserWait ( 1962 )

compareScreenshot(2014-08-19_03-28-44.jpg, 0, 0, 1080, 1920, 0, 1.0, 10)
captureDispatchPointer( 492749165000,492749165000, 0, 500.536530, 1340.301880,0.20784314,0.06666667,0,0.0,0.0,65539,0, 0)
captureUserWait ( 17 )
captureDispatchPointer( 492749165000,492766680000, 2, 500.536530, 1340.301880,0.20784314,0.06666667,0,0.0,0.0,65539,0, 0)
captureUserWait ( 9 )
captureDispatchPointer( 492749165000,492775953000, 2, 500.536530, 1340.301880,0.20784314,0.06666667,0,0.0,0.0,65539,0, 0)
captureUserWait ( 8 )
captureDispatchPointer( 492749165000,492784145000, 1, 500.536530, 1340.301880,0.20784314,0.06666667,0,0.0,0.0,65539,0, 0)
captureUserWait ( 1801 )

compareScreenshot(2014-08-19_03-28-46.jpg, 0, 0, 1080, 1920, 0, 1.0, 10)
captureDispatchPointer( 494585915000,494585915000, 0, 108.899170, 1847.037964,0.20784314,0.06666667,0,0.0,0.0,65539,0, 0)
captureUserWait ( 62 )
captureDispatchPointer( 494585915000,494648710000, 1, 108.899170, 1847.037964,0.20784314,0.06666667,0,0.0,0.0,65539,0, 0)
captureUserWait ( 1000 )
captureDispatchPointer( 495648775000,495648775000, 0, 872.192444, 1670.130127,0.20784314,0.06666667,0,0.0,0.0,65539,0, 0)
captureUserWait ( 55 )
captureDispatchPointer( 495648775000,495704193000, 2, 872.192444, 1670.130127,0.20784314,0.06666667,0,0.0,0.0,65539,0, 0)
captureUserWait ( 8 )
captureDispatchPointer( 495648775000,495712536000, 1, 872.192444, 1670.130127,0.20784314,0.06666667,0,0.0,0.0,65539,0, 0)

captureUserWait ( 2733 )
compareScreenshot(2014-08-19_03-28-51.jpg, 0, 0, 1080, 1920, 0, 1.0, 10)
captureDispatchPointer( 499446360000,499446360000, 0, 929.139709, 176.907852,0.20784314,0.06666667,0,0.0,0.0,65539,0, 0)
captureUserWait ( 26 )
captureDispatchPointer( 499446360000,499472693000, 2, 929.139709, 175.908371,0.20784314,0.06666667,0,0.0,0.0,65539,0, 0)
captureUserWait ( 9 )
captureDispatchPointer( 499446360000,499481977000, 2, 929.139709, 174.908890,0.20784314,0.06666667,0,0.0,0.0,65539,0, 0)
captureUserWait ( 18 )
captureDispatchPointer( 499446360000,499500653000, 2, 928.140625, 174.908890,0.20784314,0.06666667,0,0.0,0.0,65539,0, 0)
captureUserWait ( 8 )
captureDispatchPointer( 499446360000,499508820000, 1, 928.140625, 174.908890,0.20784314,0.06666667,0,0.0,0.0,65539,0, 0)

captureUserWait ( 4967 )
compareScreenshot(2014-08-19_03-29-06.jpg, 0, 0, 1080, 1920, 0, 1.0, 10)
captureDispatchKey( 0, 0, 0, 3, 0,0,0,0)
captureUserWait ( 129 )
captureDispatchKey( 0, 0, 1, 3, 0,0,0,0)
captureUserWait ( 4375 )