type=raw events 1
count= 1
speed=1.0
start data >>

## create-send-pictogram-mail.txt

# launch gmail
RunCmd(am start -n com.google.android.gm/.ConversationListActivityGmail --activity-single-top)
captureUserWait ( 4500 )

# create
compareScreenshot(2014-10-15_10-45-24.jpg, 0, 0, 1080, 1920, 0, 1.0, 10)
captureDispatchPointer( 666621705000,666621705000, 0, 673.376526, 163.914627,0.20784314,0.06666667,0,0.0,0.0,65539,0, 0)
captureUserWait ( 61 )
captureDispatchPointer( 666621705000,666683523000, 1, 673.376526, 163.914627,0.20784314,0.06666667,0,0.0,0.0,65539,0, 0)
captureUserWait ( 1721 )


# enter the receiver
compareScreenshot(2014-10-15_10-45-26.jpg, 0, 0, 1080, 1920, 0, 1.0, 10)
captureDispatchPointer( 668405163000,668405163000, 0, 386.641998, 1344.299805,0.20784314,0.06666667,0,0.0,0.0,65539,0, 0)
captureUserWait ( 36 )
captureDispatchPointer( 668405163000,668441917000, 2, 386.641998, 1344.299805,0.20784314,0.06666667,0,0.0,0.0,65539,0, 0)
captureUserWait ( 8 )
captureDispatchPointer( 668405163000,668450080000, 1, 386.641998, 1344.299805,0.20784314,0.06666667,0,0.0,0.0,65539,0, 0)
captureUserWait ( 47 )
captureDispatchPointer( 669397582000,669397582000, 0, 51.951897, 1824.049927,0.20784314,0.06666667,0,0.0,0.0,65539,0, 0)
captureUserWait ( 9 )
captureDispatchPointer( 669397582000,669406764000, 2, 51.951897, 1824.049927,0.20784314,0.06666667,0,0.0,0.0,65539,0, 0)
captureUserWait ( 27 )
captureDispatchPointer( 669397582000,669434576000, 2, 51.951897, 1824.049927,0.20784314,0.06666667,0,0.0,0.0,65539,0, 0)
captureUserWait ( 8 )
captureDispatchPointer( 669397582000,669443533000, 1, 51.951897, 1824.049927,0.20784314,0.06666667,0,0.0,0.0,65539,0, 0)
captureUserWait ( 34 )
captureDispatchPointer( 670078095000,670078095000, 0, 308.714142, 1343.300293,0.20784314,0.06666667,0,0.0,0.0,65539,0, 0)
captureUserWait ( 17 )
captureDispatchPointer( 670078095000,670095767000, 1, 308.714142, 1343.300293,0.20784314,0.06666667,0,0.0,0.0,65539,0, 0)
captureUserWait ( 41 )
captureDispatchPointer( 670436993000,670436993000, 0, 55.948196, 1808.058228,0.20784314,0.06666667,0,0.0,0.0,65539,0, 0)
captureUserWait ( 82 )
captureDispatchPointer( 670436993000,670519386000, 1, 55.948196, 1808.058228,0.20784314,0.06666667,0,0.0,0.0,65539,0, 0)
captureUserWait ( 46 )
captureDispatchPointer( 671266280000,671266280000, 0, 772.284912, 1501.218018,0.20784314,0.06666667,0,0.0,0.0,65539,0, 0)
captureUserWait ( 9 )
captureDispatchPointer( 671266280000,671275472000, 2, 772.284912, 1501.218018,0.20784314,0.06666667,0,0.0,0.0,65539,0, 0)
captureUserWait ( 63 )
captureDispatchPointer( 671266280000,671339368000, 1, 772.284912, 1501.218018,0.20784314,0.06666667,0,0.0,0.0,65539,0, 0)
captureUserWait ( 117 )



compareScreenshot(2014-10-15_10-45-30.jpg, 0, 0, 1080, 1920, 0, 1.0, 10)
captureDispatchPointer( 672357275000,672357275000, 0, 55.948196, 1817.053589,0.20784314,0.06666667,0,0.0,0.0,65539,0, 0)
captureUserWait ( 36 )
captureDispatchPointer( 672357275000,672393394000, 1, 55.948196, 1817.053589,0.20784314,0.06666667,0,0.0,0.0,65539,0, 0)
captureUserWait ( 53 )
captureDispatchPointer( 673047317000,673047317000, 0, 522.516174, 1354.294556,0.20784314,0.06666667,0,0.0,0.0,65539,0, 0)
captureUserWait ( 9 )
captureDispatchPointer( 673047317000,673056416000, 2, 522.516174, 1354.294556,0.20784314,0.06666667,0,0.0,0.0,65539,0, 0)
captureUserWait ( 9 )
captureDispatchPointer( 673047317000,673066048000, 2, 522.516174, 1354.294556,0.20784314,0.06666667,0,0.0,0.0,65539,0, 0)
captureUserWait ( 26 )
captureDispatchPointer( 673047317000,673092629000, 1, 522.516174, 1354.294556,0.20784314,0.06666667,0,0.0,0.0,65539,0, 0)
captureUserWait ( 34 )
captureDispatchPointer( 673526992000,673526992000, 0, 297.724335, 1334.305054,0.20784314,0.06666667,0,0.0,0.0,65539,0, 0)
captureUserWait ( 72 )
captureDispatchPointer( 673526992000,673599978000, 1, 297.724335, 1334.305054,0.20784314,0.06666667,0,0.0,0.0,65539,0, 0)
captureUserWait ( 518 )
captureDispatchPointer( 674118907000,674118907000, 0, 817.243286, 1339.302368,0.20784314,0.06666667,0,0.0,0.0,65539,0, 0)
captureUserWait ( 8 )
captureDispatchPointer( 674118907000,674127442000, 2, 817.243286, 1339.302368,0.20784314,0.06666667,0,0.0,0.0,65539,0, 0)
captureUserWait ( 54 )
captureDispatchPointer( 674118907000,674182085000, 1, 817.243286, 1339.302368,0.20784314,0.06666667,0,0.0,0.0,65539,0, 0)
captureUserWait ( 29 )
captureDispatchPointer( 674911100000,674911100000, 0, 878.186890, 1836.043701,0.20784314,0.06666667,0,0.0,0.0,65539,0, 0)
captureUserWait ( 45 )
captureDispatchPointer( 674911100000,674956675000, 2, 879.185913, 1837.043213,0.20784314,0.06666667,0,0.0,0.0,65539,0, 0)
captureUserWait ( 8 )
captureDispatchPointer( 674911100000,674964931000, 1, 879.185913, 1837.043213,0.20784314,0.06666667,0,0.0,0.0,65539,0, 0)
captureUserWait ( 18 )
captureDispatchPointer( 675583443000,675583443000, 0, 1022.053650, 1333.305542,0.20784314,0.06666667,0,0.0,0.0,65539,0, 0)
captureUserWait ( 15 )
captureDispatchPointer( 675583443000,675599158000, 1, 1022.053650, 1333.305542,0.20784314,0.06666667,0,0.0,0.0,65539,0, 0)
captureUserWait ( 14 )
captureDispatchPointer( 675814003000,675814003000, 0, 1011.063843, 1343.300293,0.20784314,0.06666667,0,0.0,0.0,65539,0, 0)
captureUserWait ( 73 )
captureDispatchPointer( 675814003000,675887211000, 1, 1011.063843, 1343.300293,0.20784314,0.06666667,0,0.0,0.0,65539,0, 0)
captureUserWait ( 32 )
captureDispatchPointer( 676229326000,676229326000, 0, 150.860321, 1332.306030,0.20784314,0.06666667,0,0.0,0.0,65539,0, 0)
captureUserWait ( 8 )
captureDispatchPointer( 676229326000,676237852000, 2, 150.860321, 1332.306030,0.20784314,0.06666667,0,0.0,0.0,65539,0, 0)
captureUserWait ( 27 )
captureDispatchPointer( 676229326000,676265717000, 2, 150.860321, 1332.306030,0.20784314,0.06666667,0,0.0,0.0,65539,0, 0)
captureUserWait ( 9 )
captureDispatchPointer( 676229326000,676275123000, 2, 150.860321, 1331.306519,0.20784314,0.06666667,0,0.0,0.0,65539,0, 0)
captureUserWait ( 27 )
captureDispatchPointer( 676229326000,676302977000, 2, 150.860321, 1331.306519,0.20784314,0.06666667,0,0.0,0.0,65539,0, 0)
captureUserWait ( 17 )
captureDispatchPointer( 676229326000,676320305000, 1, 150.860321, 1331.306519,0.20784314,0.06666667,0,0.0,0.0,65539,0, 0)
captureUserWait ( 177 )




compareScreenshot(2014-10-15_10-45-35.jpg, 0, 0, 1080, 1920, 0, 1.0, 10)
captureDispatchPointer( 677398280000,677398280000, 0, 96.910271, 1477.230591,0.20784314,0.06666667,0,0.0,0.0,65539,0, 0)
captureUserWait ( 18 )
captureDispatchPointer( 677398280000,677416669000, 2, 96.910271, 1477.230591,0.20784314,0.06666667,0,0.0,0.0,65539,0, 0)
captureUserWait ( 27 )
captureDispatchPointer( 677398280000,677444423000, 2, 96.910271, 1477.230591,0.20784314,0.06666667,0,0.0,0.0,65539,0, 0)
captureUserWait ( 8 )
captureDispatchPointer( 677398280000,677452837000, 1, 96.910271, 1477.230591,0.20784314,0.06666667,0,0.0,0.0,65539,0, 0)
captureUserWait ( 80 )
captureDispatchPointer( 678303101000,678303101000, 0, 60.943573, 1826.048828,0.20784314,0.06666667,0,0.0,0.0,65539,0, 0)
captureUserWait ( 46 )
captureDispatchPointer( 678303101000,678349693000, 2, 60.943573, 1826.048828,0.20784314,0.06666667,0,0.0,0.0,65539,0, 0)
captureUserWait ( 17 )
captureDispatchPointer( 678303101000,678366739000, 1, 60.943573, 1826.048828,0.20784314,0.06666667,0,0.0,0.0,65539,0, 0)
captureUserWait ( 67 )
captureDispatchPointer( 678984328000,678984328000, 0, 571.470886, 1505.215942,0.20784314,0.06666667,0,0.0,0.0,65539,0, 0)
captureUserWait ( 45 )
captureDispatchPointer( 678984328000,679029733000, 2, 571.470886, 1505.215942,0.20784314,0.06666667,0,0.0,0.0,65539,0, 0)
captureUserWait ( 8 )
captureDispatchPointer( 678984328000,679037837000, 1, 571.470886, 1505.215942,0.20784314,0.06666667,0,0.0,0.0,65539,0, 0)
captureUserWait ( 37 )
captureDispatchPointer( 679408084000,679408084000, 0, 878.186890, 1696.116577,0.20784314,0.06666667,0,0.0,0.0,65539,0, 0)
captureUserWait ( 26 )
captureDispatchPointer( 679408084000,679435021000, 2, 878.186890, 1696.116577,0.20784314,0.06666667,0,0.0,0.0,65539,0, 0)
captureUserWait ( 8 )
captureDispatchPointer( 679408084000,679443177000, 1, 878.186890, 1696.116577,0.20784314,0.06666667,0,0.0,0.0,65539,0, 0)
captureUserWait ( 30 )
captureDispatchPointer( 679748428000,679748428000, 0, 111.896393, 1491.223267,0.20784314,0.06666667,0,0.0,0.0,65539,0, 0)
captureUserWait ( 8 )
captureDispatchPointer( 679748428000,679756893000, 2, 111.896393, 1491.223267,0.20784314,0.06666667,0,0.0,0.0,65539,0, 0)
captureUserWait ( 27 )
captureDispatchPointer( 679748428000,679784715000, 2, 111.896393, 1491.223267,0.20784314,0.06666667,0,0.0,0.0,65539,0, 0)
captureUserWait ( 8 )
captureDispatchPointer( 679748428000,679792998000, 1, 111.896393, 1491.223267,0.20784314,0.06666667,0,0.0,0.0,65539,0, 0)
captureUserWait ( 22 )
captureDispatchPointer( 680017101000,680017101000, 0, 809.250671, 1323.310791,0.20784314,0.06666667,0,0.0,0.0,65539,0, 0)
captureUserWait ( 46 )
captureDispatchPointer( 680017101000,680063534000, 2, 809.250671, 1324.310181,0.20784314,0.06666667,0,0.0,0.0,65539,0, 0)
captureUserWait ( 8 )
captureDispatchPointer( 680017101000,680071812000, 1, 809.250671, 1324.310181,0.20784314,0.06666667,0,0.0,0.0,65539,0, 0)
captureUserWait ( 35 )
captureDispatchPointer( 680431619000,680431619000, 0, 995.078613, 1488.224854,0.20784314,0.06666667,0,0.0,0.0,65539,0, 0)
captureUserWait ( 46 )
captureDispatchPointer( 680431619000,680477779000, 1, 995.078613, 1488.224854,0.20784314,0.06666667,0,0.0,0.0,65539,0, 0)
captureUserWait ( 45 )
captureDispatchPointer( 680930584000,680930584000, 0, 876.188721, 1838.042603,0.20784314,0.06666667,0,0.0,0.0,65539,0, 0)
captureUserWait ( 64 )
captureDispatchPointer( 680930584000,680994887000, 2, 876.188721, 1838.042603,0.20784314,0.06666667,0,0.0,0.0,65539,0, 0)
captureUserWait ( 8 )
captureDispatchPointer( 680930584000,681003217000, 1, 876.188721, 1838.042603,0.20784314,0.06666667,0,0.0,0.0,65539,0, 0)
captureUserWait ( 57 )
captureDispatchPointer( 681570502000,681570502000, 0, 458.575409, 1670.130127,0.20784314,0.06666667,0,0.0,0.0,65539,0, 0)
captureUserWait ( 43 )
captureDispatchPointer( 681570502000,681613886000, 2, 458.575409, 1670.130127,0.20784314,0.06666667,0,0.0,0.0,65539,0, 0)
captureUserWait ( 17 )
captureDispatchPointer( 681570502000,681631327000, 1, 458.575409, 1670.130127,0.20784314,0.06666667,0,0.0,0.0,65539,0, 0)
captureUserWait ( 35 )
captureDispatchPointer( 682066585000,682066585000, 0, 909.158203, 1334.305054,0.20784314,0.06666667,0,0.0,0.0,65539,0, 0)
captureUserWait ( 45 )
captureDispatchPointer( 682066585000,682112569000, 2, 909.158203, 1335.304443,0.20784314,0.06666667,0,0.0,0.0,65539,0, 0)
captureUserWait ( 8 )
captureDispatchPointer( 682066585000,682120604000, 1, 909.158203, 1335.304443,0.20784314,0.06666667,0,0.0,0.0,65539,0, 0)
captureUserWait ( 65 )
captureDispatchPointer( 682756464000,682756464000, 0, 867.197021, 1684.122803,0.20784314,0.06666667,0,0.0,0.0,65539,0, 0)
captureUserWait ( 8 )
captureDispatchPointer( 682756464000,682764836000, 2, 867.197021, 1684.122803,0.20784314,0.06666667,0,0.0,0.0,65539,0, 0)
captureUserWait ( 27 )
captureDispatchPointer( 682756464000,682792682000, 2, 867.197021, 1684.122803,0.20784314,0.06666667,0,0.0,0.0,65539,0, 0)
captureUserWait ( 18 )
captureDispatchPointer( 682756464000,682811292000, 2, 868.196106, 1684.122803,0.20784314,0.06666667,0,0.0,0.0,65539,0, 0)
captureUserWait ( 9 )
captureDispatchPointer( 682756464000,682820580000, 2, 869.195190, 1684.122803,0.20784314,0.06666667,0,0.0,0.0,65539,0, 0)
captureUserWait ( 8 )
captureDispatchPointer( 682756464000,682828927000, 1, 869.195190, 1684.122803,0.20784314,0.06666667,0,0.0,0.0,65539,0, 0)
captureUserWait ( 1040 )


# enter the context
compareScreenshot(2014-10-15_10-45-42.jpg, 0, 0, 1080, 1920, 0, 1.0, 10)
captureDispatchPointer( 684669309000,684669309000, 0, 711.341370, 786.590271,0.20784314,0.06666667,0,0.0,0.0,65539,0, 0)
captureUserWait ( 54 )
captureDispatchPointer( 684669309000,684723619000, 2, 711.341370, 786.590271,0.20784314,0.06666667,0,0.0,0.0,65539,0, 0)
captureUserWait ( 9 )
captureDispatchPointer( 684669309000,684733277000, 2, 711.341370, 786.590271,0.20784314,0.06666667,0,0.0,0.0,65539,0, 0)
captureUserWait ( 44 )
captureDispatchPointer( 684669309000,684778227000, 1, 711.341370, 786.590271,0.20784314,0.06666667,0,0.0,0.0,65539,0, 0)
captureUserWait ( 2660 )



compareScreenshot(2014-10-15_10-45-45.jpg, 0, 0, 1080, 1920, 0, 1.0, 10)
captureDispatchPointer( 687439140000,687439140000, 0, 994.079590, 1525.205566,0.20784314,0.06666667,0,0.0,0.0,65539,0, 0)
captureUserWait ( 35 )
captureDispatchPointer( 687439140000,687474745000, 2, 994.079590, 1525.205566,0.20784314,0.06666667,0,0.0,0.0,65539,0, 0)
captureUserWait ( 35 )
captureDispatchPointer( 687439140000,687510708000, 1, 994.079590, 1525.205566,0.20784314,0.06666667,0,0.0,0.0,65539,0, 0)
captureUserWait ( 74 )
captureDispatchPointer( 688085288000,688085288000, 0, 921.147095, 1345.299316,0.20784314,0.06666667,0,0.0,0.0,65539,0, 0)
captureUserWait ( 55 )
captureDispatchPointer( 688085288000,688140337000, 2, 921.147095, 1345.299316,0.20784314,0.06666667,0,0.0,0.0,65539,0, 0)
captureUserWait ( 9 )
captureDispatchPointer( 688085288000,688149638000, 2, 920.148010, 1346.298828,0.20784314,0.06666667,0,0.0,0.0,65539,0, 0)
captureUserWait ( 8 )
captureDispatchPointer( 688085288000,688158002000, 1, 920.148010, 1346.298828,0.20784314,0.06666667,0,0.0,0.0,65539,0, 0)
captureUserWait ( 22 )
captureDispatchPointer( 688410323000,688410323000, 0, 918.149841, 1343.300293,0.20784314,0.06666667,0,0.0,0.0,65539,0, 0)
captureUserWait ( 8 )
captureDispatchPointer( 688410323000,688419110000, 2, 918.149841, 1343.300293,0.20784314,0.06666667,0,0.0,0.0,65539,0, 0)
captureUserWait ( 27 )
captureDispatchPointer( 688410323000,688447101000, 2, 919.148926, 1343.300293,0.20784314,0.06666667,0,0.0,0.0,65539,0, 0)
captureUserWait ( 37 )
captureDispatchPointer( 688410323000,688484117000, 2, 919.148926, 1343.300293,0.20784314,0.06666667,0,0.0,0.0,65539,0, 0)
captureUserWait ( 8 )
captureDispatchPointer( 688410323000,688492334000, 1, 919.148926, 1343.300293,0.20784314,0.06666667,0,0.0,0.0,65539,0, 0)
captureUserWait ( 34 )
captureDispatchPointer( 688797026000,688797026000, 0, 870.194275, 1509.213867,0.20784314,0.06666667,0,0.0,0.0,65539,0, 0)
captureUserWait ( 36 )
captureDispatchPointer( 688797026000,688833795000, 2, 871.193359, 1509.213867,0.20784314,0.06666667,0,0.0,0.0,65539,0, 0)
captureUserWait ( 18 )
captureDispatchPointer( 688797026000,688852363000, 2, 872.192444, 1509.213867,0.20784314,0.06666667,0,0.0,0.0,65539,0, 0)
captureUserWait ( 9 )
captureDispatchPointer( 688797026000,688861668000, 2, 873.191467, 1509.213867,0.20784314,0.06666667,0,0.0,0.0,65539,0, 0)
captureUserWait ( 17 )
captureDispatchPointer( 688797026000,688879414000, 1, 873.191467, 1509.213867,0.20784314,0.06666667,0,0.0,0.0,65539,0, 0)
captureUserWait ( 14 )
captureDispatchPointer( 689183504000,689183504000, 0, 831.230347, 1346.298828,0.20784314,0.06666667,0,0.0,0.0,65539,0, 0)
captureUserWait ( 9 )
captureDispatchPointer( 689183504000,689192989000, 2, 831.230347, 1346.298828,0.20784314,0.06666667,0,0.0,0.0,65539,0, 0)
captureUserWait ( 18 )
captureDispatchPointer( 689183504000,689211306000, 2, 830.231262, 1345.299316,0.20784314,0.06666667,0,0.0,0.0,65539,0, 0)
captureUserWait ( 9 )
captureDispatchPointer( 689183504000,689220611000, 2, 829.232178, 1345.299316,0.20784314,0.06666667,0,0.0,0.0,65539,0, 0)
captureUserWait ( 9 )
captureDispatchPointer( 689183504000,689229878000, 2, 828.233093, 1344.299805,0.20784314,0.06666667,0,0.0,0.0,65539,0, 0)
captureUserWait ( 9 )
captureDispatchPointer( 689183504000,689239206000, 2, 827.234070, 1344.299805,0.20784314,0.06666667,0,0.0,0.0,65539,0, 0)
captureUserWait ( 9 )
captureDispatchPointer( 689183504000,689248483000, 2, 826.234985, 1344.299805,0.20784314,0.06666667,0,0.0,0.0,65539,0, 0)
captureUserWait ( 36 )
captureDispatchPointer( 689183504000,689284602000, 1, 826.234985, 1344.299805,0.20784314,0.06666667,0,0.0,0.0,65539,0, 0)
captureUserWait ( 23 )
captureDispatchPointer( 689607851000,689607851000, 0, 775.282166, 1632.149902,0.20784314,0.06666667,0,0.0,0.0,65539,0, 0)
captureUserWait ( 73 )
captureDispatchPointer( 689607851000,689681640000, 2, 775.282166, 1632.149902,0.20784314,0.06666667,0,0.0,0.0,65539,0, 0)
captureUserWait ( 9 )
captureDispatchPointer( 689607851000,689690939000, 2, 775.282166, 1632.149902,0.20784314,0.06666667,0,0.0,0.0,65539,0, 0)
captureUserWait ( 8 )
captureDispatchPointer( 689607851000,689699084000, 1, 775.282166, 1632.149902,0.20784314,0.06666667,0,0.0,0.0,65539,0, 0)
captureUserWait ( 46 )
captureDispatchPointer( 690125106000,690125106000, 0, 549.491211, 1498.219604,0.20784314,0.06666667,0,0.0,0.0,65539,0, 0)
captureUserWait ( 17 )
captureDispatchPointer( 690125106000,690142832000, 2, 549.491211, 1498.219604,0.20784314,0.06666667,0,0.0,0.0,65539,0, 0)
captureUserWait ( 37 )
captureDispatchPointer( 690125106000,690180139000, 2, 549.491211, 1498.219604,0.20784314,0.06666667,0,0.0,0.0,65539,0, 0)
captureUserWait ( 7 )
captureDispatchPointer( 690125106000,690188095000, 1, 549.491211, 1498.219604,0.20784314,0.06666667,0,0.0,0.0,65539,0, 0)
captureUserWait ( 61 )
captureDispatchPointer( 690799895000,690799895000, 0, 623.422729, 1839.042114,0.20784314,0.06666667,0,0.0,0.0,65539,0, 0)
captureUserWait ( 53 )
captureDispatchPointer( 690799895000,690853775000, 1, 623.422729, 1839.042114,0.20784314,0.06666667,0,0.0,0.0,65539,0, 0)
captureUserWait ( 59 )
captureDispatchPointer( 691392849000,691392849000, 0, 403.626282, 1504.216553,0.20784314,0.06666667,0,0.0,0.0,65539,0, 0)
captureUserWait ( 16 )
captureDispatchPointer( 691392849000,691409133000, 2, 403.626282, 1504.216553,0.20784314,0.06666667,0,0.0,0.0,65539,0, 0)
captureUserWait ( 36 )
captureDispatchPointer( 691392849000,691446121000, 2, 403.626282, 1504.216553,0.20784314,0.06666667,0,0.0,0.0,65539,0, 0)
captureUserWait ( 18 )
captureDispatchPointer( 691392849000,691464531000, 2, 403.626282, 1504.216553,0.20784314,0.06666667,0,0.0,0.0,65539,0, 0)
captureUserWait ( 8 )
captureDispatchPointer( 691392849000,691472713000, 1, 403.626282, 1504.216553,0.20784314,0.06666667,0,0.0,0.0,65539,0, 0)
captureUserWait ( 39 )
captureDispatchPointer( 691842199000,691842199000, 0, 891.174866, 1340.301880,0.20784314,0.06666667,0,0.0,0.0,65539,0, 0)
captureUserWait ( 56 )
captureDispatchPointer( 691842199000,691898481000, 2, 891.174866, 1340.301880,0.20784314,0.06666667,0,0.0,0.0,65539,0, 0)
captureUserWait ( 7 )
captureDispatchPointer( 691842199000,691906035000, 1, 891.174866, 1340.301880,0.20784314,0.06666667,0,0.0,0.0,65539,0, 0)
captureUserWait ( 34 )
captureDispatchPointer( 692210878000,692210878000, 0, 380.647552, 1376.283203,0.20784314,0.06666667,0,0.0,0.0,65539,0, 0)
captureUserWait ( 91 )
captureDispatchPointer( 692210878000,692302289000, 1, 380.647552, 1376.283203,0.20784314,0.06666667,0,0.0,0.0,65539,0, 0)
captureUserWait ( 39 )
captureDispatchPointer( 692672076000,692672076000, 0, 151.859390, 1342.300903,0.20784314,0.06666667,0,0.0,0.0,65539,0, 0)
captureUserWait ( 73 )
captureDispatchPointer( 692672076000,692745819000, 2, 151.859390, 1342.300903,0.20784314,0.06666667,0,0.0,0.0,65539,0, 0)
captureUserWait ( 18 )
captureDispatchPointer( 692672076000,692764376000, 2, 151.859390, 1342.300903,0.20784314,0.06666667,0,0.0,0.0,65539,0, 0)
captureUserWait ( 8 )
captureDispatchPointer( 692672076000,692772508000, 1, 151.859390, 1342.300903,0.20784314,0.06666667,0,0.0,0.0,65539,0, 0)
captureUserWait ( 30 )
captureDispatchPointer( 693133186000,693133186000, 0, 99.907494, 1538.198853,0.20784314,0.06666667,0,0.0,0.0,65539,0, 0)
captureUserWait ( 54 )
captureDispatchPointer( 693133186000,693187240000, 1, 99.907494, 1538.198853,0.20784314,0.06666667,0,0.0,0.0,65539,0, 0)
captureUserWait ( 128 )



compareScreenshot(2014-10-15_10-45-52.jpg, 0, 0, 1080, 1920, 0, 1.0, 10)
captureDispatchPointer( 694485620000,694485620000, 0, 410.619812, 1346.298828,0.20784314,0.06666667,0,0.0,0.0,65539,0, 0)
captureUserWait ( 27 )
captureDispatchPointer( 694485620000,694512744000, 2, 410.619812, 1346.298828,0.20784314,0.06666667,0,0.0,0.0,65539,0, 0)
captureUserWait ( 26 )
captureDispatchPointer( 694485620000,694539567000, 1, 410.619812, 1346.298828,0.20784314,0.06666667,0,0.0,0.0,65539,0, 0)
captureUserWait ( 39 )
captureDispatchPointer( 694918643000,694918643000, 0, 367.659576, 1487.225342,0.20784314,0.06666667,0,0.0,0.0,65539,0, 0)
captureUserWait ( 27 )
captureDispatchPointer( 694918643000,694945763000, 2, 367.659576, 1487.225342,0.20784314,0.06666667,0,0.0,0.0,65539,0, 0)
captureUserWait ( 8 )
captureDispatchPointer( 694918643000,694953985000, 1, 367.659576, 1487.225342,0.20784314,0.06666667,0,0.0,0.0,65539,0, 0)
captureUserWait ( 171 )
compareScreenshot(2014-10-15_10-45-54.jpg, 0, 0, 1080, 1920, 0, 1.0, 10)
captureDispatchPointer( 696735272000,696735272000, 0, 672.377441, 1838.042603,0.20784314,0.06666667,0,0.0,0.0,65539,0, 0)
captureUserWait ( 62 )
captureDispatchPointer( 696735272000,696798086000, 1, 672.377441, 1838.042603,0.20784314,0.06666667,0,0.0,0.0,65539,0, 0)
captureUserWait ( 55 )
captureDispatchPointer( 697343969000,697343969000, 0, 474.560608, 1340.301880,0.20784314,0.06666667,0,0.0,0.0,65539,0, 0)
captureUserWait ( 9 )
captureDispatchPointer( 697343969000,697353069000, 2, 474.560608, 1341.301392,0.20784314,0.06666667,0,0.0,0.0,65539,0, 0)
captureUserWait ( 9 )
captureDispatchPointer( 697343969000,697362370000, 2, 475.559662, 1342.300903,0.20784314,0.06666667,0,0.0,0.0,65539,0, 0)
captureUserWait ( 9 )
captureDispatchPointer( 697343969000,697371661000, 2, 476.558746, 1343.300293,0.20784314,0.06666667,0,0.0,0.0,65539,0, 0)
captureUserWait ( 9 )
captureDispatchPointer( 697343969000,697381032000, 2, 478.556885, 1344.299805,0.20784314,0.06666667,0,0.0,0.0,65539,0, 0)
captureUserWait ( 9 )
captureDispatchPointer( 697343969000,697390359000, 2, 479.555969, 1344.299805,0.20784314,0.06666667,0,0.0,0.0,65539,0, 0)
captureUserWait ( 9 )
captureDispatchPointer( 697343969000,697399534000, 2, 479.555969, 1344.299805,0.20784314,0.06666667,0,0.0,0.0,65539,0, 0)
captureUserWait ( 8 )
captureDispatchPointer( 697343969000,697407697000, 1, 479.555969, 1344.299805,0.20784314,0.06666667,0,0.0,0.0,65539,0, 0)
captureUserWait ( 33 )
captureDispatchPointer( 697740741000,697740741000, 0, 918.149841, 1339.302368,0.20784314,0.06666667,0,0.0,0.0,65539,0, 0)
captureUserWait ( 8 )
captureDispatchPointer( 697740741000,697749264000, 2, 918.149841, 1339.302368,0.20784314,0.06666667,0,0.0,0.0,65539,0, 0)
captureUserWait ( 54 )
captureDispatchPointer( 697740741000,697804038000, 1, 918.149841, 1339.302368,0.20784314,0.06666667,0,0.0,0.0,65539,0, 0)
captureUserWait ( 71 )
captureDispatchPointer( 698514401000,698514401000, 0, 657.391296, 1834.044678,0.20784314,0.06666667,0,0.0,0.0,65539,0, 0)
captureUserWait ( 8 )
captureDispatchPointer( 698514401000,698522960000, 2, 657.391296, 1834.044678,0.20784314,0.06666667,0,0.0,0.0,65539,0, 0)
captureUserWait ( 55 )
captureDispatchPointer( 698514401000,698578485000, 2, 657.391296, 1834.044678,0.20784314,0.06666667,0,0.0,0.0,65539,0, 0)
captureUserWait ( 8 )
captureDispatchPointer( 698514401000,698586734000, 1, 657.391296, 1834.044678,0.20784314,0.06666667,0,0.0,0.0,65539,0, 0)
captureUserWait ( 64 )
captureDispatchPointer( 699232297000,699232297000, 0, 508.529144, 1324.310181,0.20784314,0.06666667,0,0.0,0.0,65539,0, 0)
captureUserWait ( 26 )
captureDispatchPointer( 699232297000,699259255000, 2, 508.529144, 1324.310181,0.20784314,0.06666667,0,0.0,0.0,65539,0, 0)
captureUserWait ( 8 )
captureDispatchPointer( 699232297000,699267409000, 1, 508.529144, 1324.310181,0.20784314,0.06666667,0,0.0,0.0,65539,0, 0)
captureUserWait ( 39 )
captureDispatchPointer( 699664972000,699664972000, 0, 679.370972, 1526.205078,0.20784314,0.06666667,0,0.0,0.0,65539,0, 0)
captureUserWait ( 27 )
captureDispatchPointer( 699664972000,699692537000, 2, 679.370972, 1526.205078,0.20784314,0.06666667,0,0.0,0.0,65539,0, 0)
captureUserWait ( 17 )
captureDispatchPointer( 699664972000,699709897000, 1, 679.370972, 1526.205078,0.20784314,0.06666667,0,0.0,0.0,65539,0, 0)
captureUserWait ( 37 )
captureDispatchPointer( 700089522000,700089522000, 0, 271.748383, 1346.298828,0.20784314,0.06666667,0,0.0,0.0,65539,0, 0)
captureUserWait ( 45 )
captureDispatchPointer( 700089522000,700135230000, 2, 271.748383, 1345.299316,0.20784314,0.06666667,0,0.0,0.0,65539,0, 0)
captureUserWait ( 18 )
captureDispatchPointer( 700089522000,700153737000, 2, 270.749298, 1345.299316,0.20784314,0.06666667,0,0.0,0.0,65539,0, 0)
captureUserWait ( 9 )
captureDispatchPointer( 700089522000,700163056000, 2, 269.750244, 1345.299316,0.20784314,0.06666667,0,0.0,0.0,65539,0, 0)
captureUserWait ( 8 )
captureDispatchPointer( 700089522000,700171415000, 1, 269.750244, 1345.299316,0.20784314,0.06666667,0,0.0,0.0,65539,0, 0)
captureUserWait ( 51 )
captureDispatchPointer( 700690142000,700690142000, 0, 643.404236, 1825.049438,0.20784314,0.06666667,0,0.0,0.0,65539,0, 0)
captureUserWait ( 8 )
captureDispatchPointer( 700690142000,700698556000, 2, 643.404236, 1825.049438,0.20784314,0.06666667,0,0.0,0.0,65539,0, 0)
captureUserWait ( 9 )
captureDispatchPointer( 700690142000,700707860000, 2, 643.404236, 1826.048828,0.20784314,0.06666667,0,0.0,0.0,65539,0, 0)
captureUserWait ( 63 )
captureDispatchPointer( 700690142000,700771602000, 1, 643.404236, 1826.048828,0.20784314,0.06666667,0,0.0,0.0,65539,0, 0)
captureUserWait ( 46 )
captureDispatchPointer( 701197670000,701197670000, 0, 481.554108, 1371.285767,0.20784314,0.06666667,0,0.0,0.0,65539,0, 0)
captureUserWait ( 90 )
captureDispatchPointer( 701197670000,701288432000, 1, 481.554108, 1371.285767,0.20784314,0.06666667,0,0.0,0.0,65539,0, 0)
captureUserWait ( 34 )
captureDispatchPointer( 701593335000,701593335000, 0, 375.652161, 1342.300903,0.20784314,0.06666667,0,0.0,0.0,65539,0, 0)
captureUserWait ( 9 )
captureDispatchPointer( 701593335000,701602393000, 2, 375.652161, 1342.300903,0.20784314,0.06666667,0,0.0,0.0,65539,0, 0)
captureUserWait ( 64 )
captureDispatchPointer( 701593335000,701667104000, 2, 375.652161, 1342.300903,0.20784314,0.06666667,0,0.0,0.0,65539,0, 0)
captureUserWait ( 8 )
captureDispatchPointer( 701593335000,701675307000, 1, 375.652161, 1342.300903,0.20784314,0.06666667,0,0.0,0.0,65539,0, 0)
captureUserWait ( 26 )
captureDispatchPointer( 701936676000,701936676000, 0, 821.239624, 1345.299316,0.20784314,0.06666667,0,0.0,0.0,65539,0, 0)
captureUserWait ( 9 )
captureDispatchPointer( 701936676000,701945992000, 2, 821.239624, 1345.299316,0.20784314,0.06666667,0,0.0,0.0,65539,0, 0)
captureUserWait ( 64 )
captureDispatchPointer( 701936676000,702010041000, 1, 821.239624, 1345.299316,0.20784314,0.06666667,0,0.0,0.0,65539,0, 0)
captureUserWait ( 490 )
captureDispatchPointer( 702500861000,702500861000, 0, 930.138794, 1338.302979,0.20784314,0.06666667,0,0.0,0.0,65539,0, 0)
captureUserWait ( 7 )
captureDispatchPointer( 702500861000,702508411000, 1, 930.138794, 1338.302979,0.20784314,0.06666667,0,0.0,0.0,65539,0, 0)
captureUserWait ( 76 )
captureDispatchPointer( 703272301000,703272301000, 0, 1005.069397, 1676.126953,0.20784314,0.06666667,0,0.0,0.0,65539,0, 0)
captureUserWait ( 26 )
captureDispatchPointer( 703272301000,703299293000, 2, 1006.068481, 1676.126953,0.20784314,0.06666667,0,0.0,0.0,65539,0, 0)
captureUserWait ( 8 )
captureDispatchPointer( 703272301000,703307698000, 1, 1006.068481, 1676.126953,0.20784314,0.06666667,0,0.0,0.0,65539,0, 0)
captureUserWait ( 35 )
captureDispatchPointer( 703659118000,703659118000, 0, 1032.044434, 1318.313354,0.20784314,0.06666667,0,0.0,0.0,65539,0, 0)
captureUserWait ( 26 )
captureDispatchPointer( 703659118000,703686051000, 2, 1033.043457, 1318.313354,0.20784314,0.06666667,0,0.0,0.0,65539,0, 0)
captureUserWait ( 8 )
captureDispatchPointer( 703659118000,703694438000, 1, 1033.043457, 1318.313354,0.20784314,0.06666667,0,0.0,0.0,65539,0, 0)
captureUserWait ( 238 )
compareScreenshot(2014-10-15_10-46-04.jpg, 0, 0, 1080, 1920, 0, 1.0, 10)
captureDispatchPointer( 705933301000,705933301000, 0, 260.758545, 1823.050415,0.20784314,0.06666667,0,0.0,0.0,65539,0, 0)
captureUserWait ( 7 )
captureDispatchPointer( 705933301000,705940975000, 2, 260.758545, 1824.049927,0.20784314,0.06666667,0,0.0,0.0,65539,0, 0)
captureUserWait ( 18 )
captureDispatchPointer( 705933301000,705959432000, 2, 260.758545, 1825.049438,0.20784314,0.06666667,0,0.0,0.0,65539,0, 0)
captureUserWait ( 9 )
captureDispatchPointer( 705933301000,705968806000, 2, 260.758545, 1826.048828,0.20784314,0.06666667,0,0.0,0.0,65539,0, 0)
captureUserWait ( 9 )
captureDispatchPointer( 705933301000,705978067000, 2, 260.758545, 1827.048340,0.20784314,0.06666667,0,0.0,0.0,65539,0, 0)
captureUserWait ( 9 )
captureDispatchPointer( 705933301000,705987225000, 2, 260.758545, 1828.047852,0.20784314,0.06666667,0,0.0,0.0,65539,0, 0)
captureUserWait ( 8 )
captureDispatchPointer( 705933301000,705995426000, 1, 260.758545, 1828.047852,0.20784314,0.06666667,0,0.0,0.0,65539,0, 0)
captureUserWait ( 90 )
captureDispatchPointer( 706916312000,706916312000, 0, 672.377441, 1830.046753,0.20784314,0.06666667,0,0.0,0.0,65539,0, 0)
captureUserWait ( 54 )
captureDispatchPointer( 706916312000,706970331000, 1, 672.377441, 1830.046753,0.20784314,0.06666667,0,0.0,0.0,65539,0, 0)
captureUserWait ( 67 )
captureDispatchPointer( 707588054000,707588054000, 0, 496.540253, 1352.295654,0.20784314,0.06666667,0,0.0,0.0,65539,0, 0)
captureUserWait ( 26 )
captureDispatchPointer( 707588054000,707614964000, 2, 496.540253, 1352.295654,0.20784314,0.06666667,0,0.0,0.0,65539,0, 0)
captureUserWait ( 8 )
captureDispatchPointer( 707588054000,707623266000, 1, 496.540253, 1352.295654,0.20784314,0.06666667,0,0.0,0.0,65539,0, 0)
captureUserWait ( 54 )
captureDispatchPointer( 708197871000,708197871000, 0, 925.143372, 1349.297241,0.20784314,0.06666667,0,0.0,0.0,65539,0, 0)
captureUserWait ( 44 )
captureDispatchPointer( 708197871000,708242616000, 1, 925.143372, 1349.297241,0.20784314,0.06666667,0,0.0,0.0,65539,0, 0)
captureUserWait ( 21 )
captureDispatchPointer( 708503677000,708503677000, 0, 922.146179, 1346.298828,0.20784314,0.06666667,0,0.0,0.0,65539,0, 0)
captureUserWait ( 46 )
captureDispatchPointer( 708503677000,708550590000, 2, 922.146179, 1346.298828,0.20784314,0.06666667,0,0.0,0.0,65539,0, 0)
captureUserWait ( 26 )
captureDispatchPointer( 708503677000,708577094000, 1, 922.146179, 1346.298828,0.20784314,0.06666667,0,0.0,0.0,65539,0, 0)
captureUserWait ( 132 )



compareScreenshot(2014-10-15_10-46-07.jpg, 0, 0, 1080, 1920, 0, 1.0, 10)
captureDispatchPointer( 709609751000,709609751000, 0, 880.184998, 1831.046265,0.20784314,0.06666667,0,0.0,0.0,65539,0, 0)
captureUserWait ( 45 )
captureDispatchPointer( 709609751000,709655216000, 2, 880.184998, 1831.046265,0.20784314,0.06666667,0,0.0,0.0,65539,0, 0)
captureUserWait ( 8 )
captureDispatchPointer( 709609751000,709663602000, 1, 880.184998, 1831.046265,0.20784314,0.06666667,0,0.0,0.0,65539,0, 0)
captureUserWait ( 89 )
captureDispatchPointer( 710522892000,710522892000, 0, 678.371887, 1833.045288,0.20784314,0.06666667,0,0.0,0.0,65539,0, 0)
captureUserWait ( 54 )
captureDispatchPointer( 710522892000,710576998000, 1, 678.371887, 1833.045288,0.20784314,0.06666667,0,0.0,0.0,65539,0, 0)
captureUserWait ( 55 )



compareScreenshot(2014-10-15_10-46-11.jpg, 0, 0, 1080, 1920, 0, 1.0, 10)
captureDispatchPointer( 713432259000,713432259000, 0, 169.842743, 1331.306519,0.20784314,0.06666667,0,0.0,0.0,65539,0, 0)
captureUserWait ( 7 )
captureDispatchPointer( 713432259000,713439899000, 2, 169.842743, 1331.306519,0.20784314,0.06666667,0,0.0,0.0,65539,0, 0)
captureUserWait ( 18 )
captureDispatchPointer( 713432259000,713458629000, 2, 169.842743, 1332.306030,0.20784314,0.06666667,0,0.0,0.0,65539,0, 0)
captureUserWait ( 9 )
captureDispatchPointer( 713432259000,713467811000, 2, 169.842743, 1333.305542,0.20784314,0.06666667,0,0.0,0.0,65539,0, 0)
captureUserWait ( 9 )
captureDispatchPointer( 713432259000,713477078000, 2, 169.842743, 1334.305054,0.20784314,0.06666667,0,0.0,0.0,65539,0, 0)
captureUserWait ( 17 )
captureDispatchPointer( 713432259000,713494847000, 1, 169.842743, 1334.305054,0.20784314,0.06666667,0,0.0,0.0,65539,0, 0)
captureUserWait ( 58 )
captureDispatchPointer( 714013597000,714013597000, 0, 818.242371, 1353.295166,0.20784314,0.06666667,0,0.0,0.0,65539,0, 0)
captureUserWait ( 44 )
captureDispatchPointer( 714013597000,714058225000, 1, 818.242371, 1353.295166,0.20784314,0.06666667,0,0.0,0.0,65539,0, 0)
captureUserWait ( 67 )
captureDispatchPointer( 714675812000,714675812000, 0, 970.101746, 1503.217041,0.20784314,0.06666667,0,0.0,0.0,65539,0, 0)
captureUserWait ( 35 )
captureDispatchPointer( 714675812000,714711055000, 1, 970.101746, 1503.217041,0.20784314,0.06666667,0,0.0,0.0,65539,0, 0)
captureUserWait ( 23 )
captureDispatchPointer( 714944732000,714944732000, 0, 966.105469, 1496.220703,0.20784314,0.06666667,0,0.0,0.0,65539,0, 0)
captureUserWait ( 46 )
captureDispatchPointer( 714944732000,714990769000, 2, 966.105469, 1496.220703,0.20784314,0.06666667,0,0.0,0.0,65539,0, 0)
captureUserWait ( 8 )
captureDispatchPointer( 714944732000,714999157000, 1, 966.105469, 1496.220703,0.20784314,0.06666667,0,0.0,0.0,65539,0, 0)
captureUserWait ( 121 )



compareScreenshot(2014-10-15_10-46-15.jpg, 0, 0, 1080, 1920, 0, 1.0, 10)
captureDispatchPointer( 716920818000,716920818000, 0, 678.371887, 1826.048828,0.20784314,0.06666667,0,0.0,0.0,65539,0, 0)
captureUserWait ( 63 )
captureDispatchPointer( 716920818000,716984628000, 2, 678.371887, 1826.048828,0.20784314,0.06666667,0,0.0,0.0,65539,0, 0)
captureUserWait ( 17 )
captureDispatchPointer( 716920818000,717002239000, 1, 678.371887, 1826.048828,0.20784314,0.06666667,0,0.0,0.0,65539,0, 0)
captureUserWait ( 33 )
captureDispatchPointer( 717325826000,717325826000, 0, 689.361694, 1673.128540,0.20784314,0.06666667,0,0.0,0.0,65539,0, 0)
captureUserWait ( 46 )
captureDispatchPointer( 717325826000,717372089000, 2, 689.361694, 1673.128540,0.20784314,0.06666667,0,0.0,0.0,65539,0, 0)
captureUserWait ( 8 )
captureDispatchPointer( 717325826000,717380889000, 2, 689.361694, 1673.128540,0.20784314,0.06666667,0,0.0,0.0,65539,0, 0)
captureUserWait ( 8 )
captureDispatchPointer( 717325826000,717388946000, 1, 689.361694, 1673.128540,0.20784314,0.06666667,0,0.0,0.0,65539,0, 0)
captureUserWait ( 40 )
captureDispatchPointer( 717879352000,717879352000, 0, 385.642914, 1356.293579,0.20784314,0.06666667,0,0.0,0.0,65539,0, 0)
captureUserWait ( 63 )
captureDispatchPointer( 717879352000,717943218000, 1, 385.642914, 1356.293579,0.20784314,0.06666667,0,0.0,0.0,65539,0, 0)
captureUserWait ( 42 )
captureDispatchPointer( 718405421000,718405421000, 0, 836.225708, 1310.317505,0.20784314,0.06666667,0,0.0,0.0,65539,0, 0)
captureUserWait ( 37 )
captureDispatchPointer( 718405421000,718442531000, 2, 836.225708, 1310.317505,0.20784314,0.06666667,0,0.0,0.0,65539,0, 0)
captureUserWait ( 8 )
captureDispatchPointer( 718405421000,718450788000, 1, 836.225708, 1310.317505,0.20784314,0.06666667,0,0.0,0.0,65539,0, 0)
captureUserWait ( 39 )
captureDispatchPointer( 718820733000,718820733000, 0, 771.285828, 1666.132202,0.20784314,0.06666667,0,0.0,0.0,65539,0, 0)
captureUserWait ( 8 )
captureDispatchPointer( 718820733000,718829473000, 2, 771.285828, 1667.131714,0.20784314,0.06666667,0,0.0,0.0,65539,0, 0)
captureUserWait ( 9 )
captureDispatchPointer( 718820733000,718838701000, 2, 771.285828, 1668.131104,0.20784314,0.06666667,0,0.0,0.0,65539,0, 0)
captureUserWait ( 9 )
captureDispatchPointer( 718820733000,718847958000, 2, 771.285828, 1669.130615,0.20784314,0.06666667,0,0.0,0.0,65539,0, 0)
captureUserWait ( 18 )
captureDispatchPointer( 718820733000,718866584000, 2, 772.284912, 1669.130615,0.20784314,0.06666667,0,0.0,0.0,65539,0, 0)
captureUserWait ( 9 )
captureDispatchPointer( 718820733000,718875850000, 2, 773.283997, 1669.130615,0.20784314,0.06666667,0,0.0,0.0,65539,0, 0)
captureUserWait ( 9 )
captureDispatchPointer( 718820733000,718885165000, 2, 774.283081, 1669.130615,0.20784314,0.06666667,0,0.0,0.0,65539,0, 0)
captureUserWait ( 9 )
captureDispatchPointer( 718820733000,718894455000, 2, 775.282166, 1669.130615,0.20784314,0.06666667,0,0.0,0.0,65539,0, 0)
captureUserWait ( 9 )
captureDispatchPointer( 718820733000,718903732000, 2, 776.281250, 1669.130615,0.20784314,0.06666667,0,0.0,0.0,65539,0, 0)
captureUserWait ( 8 )
captureDispatchPointer( 718820733000,718911978000, 1, 776.281250, 1669.130615,0.20784314,0.06666667,0,0.0,0.0,65539,0, 0)
captureUserWait ( 45 )
captureDispatchPointer( 719337504000,719337504000, 0, 550.490295, 1497.220215,0.20784314,0.06666667,0,0.0,0.0,65539,0, 0)
captureUserWait ( 9 )
captureDispatchPointer( 719337504000,719346517000, 2, 550.490295, 1497.220215,0.20784314,0.06666667,0,0.0,0.0,65539,0, 0)
captureUserWait ( 37 )
captureDispatchPointer( 719337504000,719383594000, 2, 550.490295, 1497.220215,0.20784314,0.06666667,0,0.0,0.0,65539,0, 0)
captureUserWait ( 8 )
captureDispatchPointer( 719337504000,719391904000, 1, 550.490295, 1497.220215,0.20784314,0.06666667,0,0.0,0.0,65539,0, 0)
captureUserWait ( 83 )
captureDispatchPointer( 720195256000,720195256000, 0, 624.421814, 1832.045776,0.20784314,0.06666667,0,0.0,0.0,65539,0, 0)
captureUserWait ( 8 )
captureDispatchPointer( 720195256000,720203731000, 2, 624.421814, 1832.045776,0.20784314,0.06666667,0,0.0,0.0,65539,0, 0)
captureUserWait ( 37 )
captureDispatchPointer( 720195256000,720240905000, 2, 624.421814, 1833.045288,0.20784314,0.06666667,0,0.0,0.0,65539,0, 0)
captureUserWait ( 9 )
captureDispatchPointer( 720195256000,720250189000, 2, 624.421814, 1834.044678,0.20784314,0.06666667,0,0.0,0.0,65539,0, 0)
captureUserWait ( 8 )
captureDispatchPointer( 720195256000,720258326000, 1, 624.421814, 1834.044678,0.20784314,0.06666667,0,0.0,0.0,65539,0, 0)
captureUserWait ( 111 )



compareScreenshot(2014-10-15_10-46-20.jpg, 0, 0, 1080, 1920, 0, 1.0, 10)
captureDispatchPointer( 721900264000,721900264000, 0, 206.808517, 1542.196777,0.20784314,0.06666667,0,0.0,0.0,65539,0, 0)
captureUserWait ( 27 )
captureDispatchPointer( 721900264000,721927344000, 2, 206.808517, 1542.196777,0.20784314,0.06666667,0,0.0,0.0,65539,0, 0)
captureUserWait ( 18 )
captureDispatchPointer( 721900264000,721945932000, 2, 205.809433, 1542.196777,0.20784314,0.06666667,0,0.0,0.0,65539,0, 0)
captureUserWait ( 9 )
captureDispatchPointer( 721900264000,721955212000, 2, 204.810364, 1542.196777,0.20784314,0.06666667,0,0.0,0.0,65539,0, 0)
captureUserWait ( 9 )
captureDispatchPointer( 721900264000,721964532000, 2, 203.811279, 1542.196777,0.20784314,0.06666667,0,0.0,0.0,65539,0, 0)
captureUserWait ( 9 )
captureDispatchPointer( 721900264000,721973835000, 2, 202.812210, 1542.196777,0.20784314,0.06666667,0,0.0,0.0,65539,0, 0)
captureUserWait ( 8 )
captureDispatchPointer( 721900264000,721982084000, 1, 202.812210, 1542.196777,0.20784314,0.06666667,0,0.0,0.0,65539,0, 0)
captureUserWait ( 32 )
captureDispatchPointer( 722315058000,722315058000, 0, 169.842743, 1328.308105,0.20784314,0.06666667,0,0.0,0.0,65539,0, 0)
captureUserWait ( 17 )
captureDispatchPointer( 722315058000,722332753000, 2, 169.842743, 1328.308105,0.20784314,0.06666667,0,0.0,0.0,65539,0, 0)
captureUserWait ( 18 )
captureDispatchPointer( 722315058000,722351360000, 2, 170.841812, 1328.308105,0.20784314,0.06666667,0,0.0,0.0,65539,0, 0)
captureUserWait ( 9 )
captureDispatchPointer( 722315058000,722361148000, 2, 171.840881, 1328.308105,0.20784314,0.06666667,0,0.0,0.0,65539,0, 0)
captureUserWait ( 8 )
captureDispatchPointer( 722315058000,722369930000, 2, 172.839966, 1328.308105,0.20784314,0.06666667,0,0.0,0.0,65539,0, 0)
captureUserWait ( 9 )
captureDispatchPointer( 722315058000,722379205000, 2, 173.839035, 1328.308105,0.20784314,0.06666667,0,0.0,0.0,65539,0, 0)
captureUserWait ( 9 )
captureDispatchPointer( 722315058000,722388535000, 2, 174.838120, 1328.308105,0.20784314,0.06666667,0,0.0,0.0,65539,0, 0)
captureUserWait ( 9 )
captureDispatchPointer( 722315058000,722397730000, 2, 174.838120, 1328.308105,0.20784314,0.06666667,0,0.0,0.0,65539,0, 0)
captureUserWait ( 8 )
captureDispatchPointer( 722315058000,722405902000, 1, 174.838120, 1328.308105,0.20784314,0.06666667,0,0.0,0.0,65539,0, 0)
captureUserWait ( 23 )
captureDispatchPointer( 722649099000,722649099000, 0, 810.249756, 1337.303467,0.20784314,0.06666667,0,0.0,0.0,65539,0, 0)
captureUserWait ( 73 )
captureDispatchPointer( 722649099000,722722971000, 2, 810.249756, 1337.303467,0.20784314,0.06666667,0,0.0,0.0,65539,0, 0)
captureUserWait ( 8 )
captureDispatchPointer( 722649099000,722731471000, 1, 810.249756, 1337.303467,0.20784314,0.06666667,0,0.0,0.0,65539,0, 0)
captureUserWait ( 58 )
captureDispatchPointer( 723250431000,723250431000, 0, 876.188721, 1678.125977,0.20784314,0.06666667,0,0.0,0.0,65539,0, 0)
captureUserWait ( 45 )
captureDispatchPointer( 723250431000,723295731000, 2, 876.188721, 1678.125977,0.20784314,0.06666667,0,0.0,0.0,65539,0, 0)
captureUserWait ( 8 )
captureDispatchPointer( 723250431000,723303904000, 1, 876.188721, 1678.125977,0.20784314,0.06666667,0,0.0,0.0,65539,0, 0)
captureUserWait ( 34 )
captureDispatchPointer( 723618410000,723618410000, 0, 219.796478, 1508.214478,0.20784314,0.06666667,0,0.0,0.0,65539,0, 0)
captureUserWait ( 8 )
captureDispatchPointer( 723618410000,723627387000, 2, 219.796478, 1508.214478,0.20784314,0.06666667,0,0.0,0.0,65539,0, 0)
captureUserWait ( 18 )
captureDispatchPointer( 723618410000,723645497000, 2, 219.796478, 1508.214478,0.20784314,0.06666667,0,0.0,0.0,65539,0, 0)
captureUserWait ( 65 )
captureDispatchPointer( 723618410000,723710523000, 2, 219.796478, 1508.214478,0.20784314,0.06666667,0,0.0,0.0,65539,0, 0)
captureUserWait ( 8 )
captureDispatchPointer( 723618410000,723718817000, 1, 219.796478, 1508.214478,0.20784314,0.06666667,0,0.0,0.0,65539,0, 0)
captureUserWait ( 16 )
captureDispatchPointer( 723915119000,723915119000, 0, 709.343201, 1340.301880,0.20784314,0.06666667,0,0.0,0.0,65539,0, 0)
captureUserWait ( 45 )
captureDispatchPointer( 723915119000,723960491000, 1, 709.343201, 1340.301880,0.20784314,0.06666667,0,0.0,0.0,65539,0, 0)
captureUserWait ( 24 )
captureDispatchPointer( 724175344000,724175344000, 0, 814.246094, 1328.308105,0.20784314,0.06666667,0,0.0,0.0,65539,0, 0)
captureUserWait ( 9 )
captureDispatchPointer( 724175344000,724184622000, 2, 814.246094, 1328.308105,0.20784314,0.06666667,0,0.0,0.0,65539,0, 0)
captureUserWait ( 37 )
captureDispatchPointer( 724175344000,724221765000, 2, 814.246094, 1328.308105,0.20784314,0.06666667,0,0.0,0.0,65539,0, 0)
captureUserWait ( 8 )
captureDispatchPointer( 724175344000,724230078000, 1, 814.246094, 1328.308105,0.20784314,0.06666667,0,0.0,0.0,65539,0, 0)
captureUserWait ( 48 )
captureDispatchPointer( 724711746000,724711746000, 0, 492.543945, 1355.294067,0.20784314,0.06666667,0,0.0,0.0,65539,0, 0)
captureUserWait ( 36 )
captureDispatchPointer( 724711746000,724748066000, 2, 492.543945, 1355.294067,0.20784314,0.06666667,0,0.0,0.0,65539,0, 0)
captureUserWait ( 8 )
captureDispatchPointer( 724711746000,724756528000, 1, 492.543945, 1355.294067,0.20784314,0.06666667,0,0.0,0.0,65539,0, 0)
captureUserWait ( 37 )
compareScreenshot(2014-10-15_10-46-26.jpg, 0, 0, 1080, 1920, 0, 1.0, 10)
captureDispatchPointer( 728303627000,728303627000, 0, 649.398682, 1823.050415,0.20784314,0.06666667,0,0.0,0.0,65539,0, 0)
captureUserWait ( 8 )
captureDispatchPointer( 728303627000,728311721000, 2, 649.398682, 1823.050415,0.20784314,0.06666667,0,0.0,0.0,65539,0, 0)
captureUserWait ( 8 )
captureDispatchPointer( 728303627000,728320672000, 2, 649.398682, 1824.049927,0.20784314,0.06666667,0,0.0,0.0,65539,0, 0)
captureUserWait ( 9 )
captureDispatchPointer( 728303627000,728329927000, 2, 649.398682, 1825.049438,0.20784314,0.06666667,0,0.0,0.0,65539,0, 0)
captureUserWait ( 9 )
captureDispatchPointer( 728303627000,728339299000, 2, 649.398682, 1826.048828,0.20784314,0.06666667,0,0.0,0.0,65539,0, 0)
captureUserWait ( 8 )
captureDispatchPointer( 728303627000,728347541000, 1, 649.398682, 1826.048828,0.20784314,0.06666667,0,0.0,0.0,65539,0, 0)
captureUserWait ( 51 )
captureDispatchPointer( 728865842000,728865842000, 0, 433.598511, 1501.218018,0.20784314,0.06666667,0,0.0,0.0,65539,0, 0)
captureUserWait ( 36 )
captureDispatchPointer( 728865842000,728902713000, 2, 433.598511, 1500.218628,0.20784314,0.06666667,0,0.0,0.0,65539,0, 0)
captureUserWait ( 9 )
captureDispatchPointer( 728865842000,728912672000, 2, 434.597595, 1500.218628,0.20784314,0.06666667,0,0.0,0.0,65539,0, 0)
captureUserWait ( 8 )
captureDispatchPointer( 728865842000,728921395000, 2, 435.596680, 1500.218628,0.20784314,0.06666667,0,0.0,0.0,65539,0, 0)
captureUserWait ( 9 )
captureDispatchPointer( 728865842000,728930480000, 2, 436.595734, 1500.218628,0.20784314,0.06666667,0,0.0,0.0,65539,0, 0)
captureUserWait ( 8 )
captureDispatchPointer( 728865842000,728938637000, 1, 436.595734, 1500.218628,0.20784314,0.06666667,0,0.0,0.0,65539,0, 0)
captureUserWait ( 46 )
captureDispatchPointer( 729401823000,729401823000, 0, 901.165588, 1331.306519,0.20784314,0.06666667,0,0.0,0.0,65539,0, 0)
captureUserWait ( 17 )
captureDispatchPointer( 729401823000,729419757000, 2, 901.165588, 1331.306519,0.20784314,0.06666667,0,0.0,0.0,65539,0, 0)
captureUserWait ( 27 )
captureDispatchPointer( 729401823000,729447708000, 2, 901.165588, 1331.306519,0.20784314,0.06666667,0,0.0,0.0,65539,0, 0)
captureUserWait ( 9 )
captureDispatchPointer( 729401823000,729456973000, 2, 901.165588, 1332.306030,0.20784314,0.06666667,0,0.0,0.0,65539,0, 0)
captureUserWait ( 8 )
captureDispatchPointer( 729401823000,729465202000, 1, 901.165588, 1332.306030,0.20784314,0.06666667,0,0.0,0.0,65539,0, 0)
captureUserWait ( 61 )
captureDispatchPointer( 730082869000,730082869000, 0, 393.635529, 1352.295654,0.20784314,0.06666667,0,0.0,0.0,65539,0, 0)
captureUserWait ( 8 )
captureDispatchPointer( 730082869000,730091216000, 2, 393.635529, 1352.295654,0.20784314,0.06666667,0,0.0,0.0,65539,0, 0)
captureUserWait ( 36 )
captureDispatchPointer( 730082869000,730127440000, 1, 393.635529, 1352.295654,0.20784314,0.06666667,0,0.0,0.0,65539,0, 0)
captureUserWait ( 74 )
captureDispatchPointer( 730912341000,730912341000, 0, 579.463440, 1829.047363,0.20784314,0.06666667,0,0.0,0.0,65539,0, 0)
captureUserWait ( 64 )
captureDispatchPointer( 730912341000,730976527000, 2, 579.463440, 1829.047363,0.20784314,0.06666667,0,0.0,0.0,65539,0, 0)
captureUserWait ( 8 )
captureDispatchPointer( 730912341000,730984966000, 1, 579.463440, 1829.047363,0.20784314,0.06666667,0,0.0,0.0,65539,0, 0)
captureUserWait ( 17 )
compareScreenshot(2014-10-15_10-46-30.jpg, 0, 0, 1080, 1920, 0, 1.0, 10)
captureDispatchPointer( 732832628000,732832628000, 0, 495.541168, 1331.306519,0.20784314,0.06666667,0,0.0,0.0,65539,0, 0)
captureUserWait ( 35 )
captureDispatchPointer( 732832628000,732868524000, 2, 495.541168, 1331.306519,0.20784314,0.06666667,0,0.0,0.0,65539,0, 0)
captureUserWait ( 8 )
captureDispatchPointer( 732832628000,732876763000, 1, 495.541168, 1331.306519,0.20784314,0.06666667,0,0.0,0.0,65539,0, 0)
captureUserWait ( 406 )
captureDispatchPointer( 733283311000,733283311000, 0, 685.365417, 1491.223267,0.20784314,0.06666667,0,0.0,0.0,65539,0, 0)
captureUserWait ( 9 )
captureDispatchPointer( 733283311000,733292878000, 2, 685.365417, 1491.223267,0.20784314,0.06666667,0,0.0,0.0,65539,0, 0)
captureUserWait ( 28 )
captureDispatchPointer( 733283311000,733321049000, 2, 685.365417, 1492.222778,0.20784314,0.06666667,0,0.0,0.0,65539,0, 0)
captureUserWait ( 8 )
captureDispatchPointer( 733283311000,733329997000, 2, 685.365417, 1493.222290,0.20784314,0.06666667,0,0.0,0.0,65539,0, 0)
captureUserWait ( 8 )
captureDispatchPointer( 733283311000,733338977000, 2, 685.365417, 1494.221680,0.20784314,0.06666667,0,0.0,0.0,65539,0, 0)
captureUserWait ( 9 )
captureDispatchPointer( 733283311000,733348297000, 2, 685.365417, 1495.221191,0.20784314,0.06666667,0,0.0,0.0,65539,0, 0)
captureUserWait ( 8 )
captureDispatchPointer( 733283311000,733356507000, 1, 685.365417, 1495.221191,0.20784314,0.06666667,0,0.0,0.0,65539,0, 0)
captureUserWait ( 63 )
captureDispatchPointer( 733992390000,733992390000, 0, 301.720642, 1332.306030,0.20784314,0.06666667,0,0.0,0.0,65539,0, 0)
captureUserWait ( 27 )
captureDispatchPointer( 733992390000,734019771000, 2, 301.720642, 1332.306030,0.20784314,0.06666667,0,0.0,0.0,65539,0, 0)
captureUserWait ( 9 )
captureDispatchPointer( 733992390000,734028935000, 2, 301.720642, 1332.306030,0.20784314,0.06666667,0,0.0,0.0,65539,0, 0)
captureUserWait ( 8 )
captureDispatchPointer( 733992390000,734037117000, 1, 301.720642, 1332.306030,0.20784314,0.06666667,0,0.0,0.0,65539,0, 0)
captureUserWait ( 702 )
captureDispatchPointer( 734739984000,734739984000, 0, 564.477356, 1836.043701,0.20784314,0.06666667,0,0.0,0.0,65539,0, 0)
captureUserWait ( 44 )
captureDispatchPointer( 734739984000,734784113000, 2, 564.477356, 1836.043701,0.20784314,0.06666667,0,0.0,0.0,65539,0, 0)
captureUserWait ( 8 )
captureDispatchPointer( 734739984000,734792700000, 1, 564.477356, 1836.043701,0.20784314,0.06666667,0,0.0,0.0,65539,0, 0)
captureUserWait ( 53 )
captureDispatchPointer( 735329813000,735329813000, 0, 250.767807, 1498.219604,0.20784314,0.06666667,0,0.0,0.0,65539,0, 0)
captureUserWait ( 82 )
captureDispatchPointer( 735329813000,735412639000, 2, 250.767807, 1498.219604,0.20784314,0.06666667,0,0.0,0.0,65539,0, 0)
captureUserWait ( 8 )
captureDispatchPointer( 735329813000,735420828000, 1, 250.767807, 1498.219604,0.20784314,0.06666667,0,0.0,0.0,65539,0, 0)
captureUserWait ( 44 )
captureDispatchPointer( 735865412000,735865412000, 0, 293.728027, 1355.294067,0.20784314,0.06666667,0,0.0,0.0,65539,0, 0)
captureUserWait ( 36 )
captureDispatchPointer( 735865412000,735901858000, 2, 293.728027, 1355.294067,0.20784314,0.06666667,0,0.0,0.0,65539,0, 0)
captureUserWait ( 8 )
captureDispatchPointer( 735865412000,735910167000, 1, 293.728027, 1355.294067,0.20784314,0.06666667,0,0.0,0.0,65539,0, 0)
captureUserWait ( 43 )
captureDispatchPointer( 736353853000,736353853000, 0, 127.881592, 1514.211304,0.20784314,0.06666667,0,0.0,0.0,65539,0, 0)
captureUserWait ( 18 )
captureDispatchPointer( 736353853000,736372361000, 2, 127.881592, 1514.211304,0.20784314,0.06666667,0,0.0,0.0,65539,0, 0)
captureUserWait ( 28 )
captureDispatchPointer( 736353853000,736400495000, 2, 127.881592, 1514.211304,0.20784314,0.06666667,0,0.0,0.0,65539,0, 0)
captureUserWait ( 7 )
captureDispatchPointer( 736353853000,736408341000, 1, 127.881592, 1514.211304,0.20784314,0.06666667,0,0.0,0.0,65539,0, 0)
captureUserWait ( 40 )
compareScreenshot(2014-10-15_10-46-35.jpg, 0, 0, 1080, 1920, 0, 1.0, 10)
captureDispatchPointer( 737849269000,737849269000, 0, 102.904716, 1830.046753,0.20784314,0.06666667,0,0.0,0.0,65539,0, 0)
captureUserWait ( 18 )
captureDispatchPointer( 737849269000,737867405000, 2, 102.904716, 1830.046753,0.20784314,0.06666667,0,0.0,0.0,65539,0, 0)
captureUserWait ( 18 )
captureDispatchPointer( 737849269000,737885627000, 2, 102.904716, 1830.046753,0.20784314,0.06666667,0,0.0,0.0,65539,0, 0)
captureUserWait ( 27 )
captureDispatchPointer( 737849269000,737913495000, 2, 102.904716, 1830.046753,0.20784314,0.06666667,0,0.0,0.0,65539,0, 0)
captureUserWait ( 8 )
captureDispatchPointer( 737849269000,737921982000, 1, 102.904716, 1830.046753,0.20784314,0.06666667,0,0.0,0.0,65539,0, 0)
captureUserWait ( 26 )
compareScreenshot(2014-10-15_10-46-38.jpg, 0, 0, 1080, 1920, 0, 1.0, 10)
captureDispatchPointer( 739928832000,739928832000, 0, 762.294189, 1664.133179,0.20784314,0.06666667,0,0.0,0.0,65539,0, 0)
captureUserWait ( 17 )
captureDispatchPointer( 739928832000,739946496000, 2, 762.294189, 1665.132690,0.20784314,0.06666667,0,0.0,0.0,65539,0, 0)
captureUserWait ( 9 )
captureDispatchPointer( 739928832000,739955549000, 2, 762.294189, 1665.132690,0.20784314,0.06666667,0,0.0,0.0,65539,0, 0)
captureUserWait ( 27 )
captureDispatchPointer( 739928832000,739983422000, 2, 762.294189, 1666.132202,0.20784314,0.06666667,0,0.0,0.0,65539,0, 0)
captureUserWait ( 18 )
captureDispatchPointer( 739928832000,740002241000, 2, 762.294189, 1666.132202,0.20784314,0.06666667,0,0.0,0.0,65539,0, 0)
captureUserWait ( 17 )
captureDispatchPointer( 739928832000,740019356000, 1, 762.294189, 1666.132202,0.20784314,0.06666667,0,0.0,0.0,65539,0, 0)
captureUserWait ( 37 )


# show submenu
compareScreenshot(2014-10-15_10-46-43.jpg, 0, 0, 1080, 1920, 0, 1.0, 10)
captureDispatchPointer( 745056753000,745056753000, 0, 1009.065674, 173.909424,0.20784314,0.06666667,0,0.0,0.0,65539,0, 0)
captureUserWait ( 72 )
captureDispatchPointer( 745056753000,745129574000, 1, 1009.065674, 173.909424,0.20784314,0.06666667,0,0.0,0.0,65539,0, 0)
captureUserWait ( 1093 )


# attach file
compareScreenshot(2014-10-15_10-46-45.jpg, 0, 0, 1080, 1920, 0, 1.0, 10)
captureDispatchPointer( 747823464000,747823464000, 0, 841.221069, 292.847473,0.20784314,0.06666667,0,0.0,0.0,65539,0, 0)
captureUserWait ( 26 )
captureDispatchPointer( 747823464000,747850083000, 2, 841.221069, 292.847473,0.20784314,0.06666667,0,0.0,0.0,65539,0, 0)
captureUserWait ( 9 )
captureDispatchPointer( 747823464000,747859404000, 2, 841.221069, 292.847473,0.20784314,0.06666667,0,0.0,0.0,65539,0, 0)
captureUserWait ( 9 )
captureDispatchPointer( 747823464000,747868670000, 2, 841.221069, 291.847992,0.20784314,0.06666667,0,0.0,0.0,65539,0, 0)
captureUserWait ( 9 )
captureDispatchPointer( 747823464000,747877975000, 2, 841.221069, 290.848511,0.20784314,0.06666667,0,0.0,0.0,65539,0, 0)
captureUserWait ( 9 )
captureDispatchPointer( 747823464000,747887365000, 2, 841.221069, 290.848511,0.20784314,0.06666667,0,0.0,0.0,65539,0, 0)
captureUserWait ( 9 )
captureDispatchPointer( 747823464000,747896586000, 2, 842.220154, 290.848511,0.20784314,0.06666667,0,0.0,0.0,65539,0, 0)
captureUserWait ( 9 )
captureDispatchPointer( 747823464000,747905899000, 2, 843.219238, 290.848511,0.20784314,0.06666667,0,0.0,0.0,65539,0, 0)
captureUserWait ( 9 )
captureDispatchPointer( 747823464000,747915190000, 2, 844.218323, 290.848511,0.20784314,0.06666667,0,0.0,0.0,65539,0, 0)
captureUserWait ( 45 )
captureDispatchPointer( 747823464000,747960503000, 1, 844.218323, 290.848511,0.20784314,0.06666667,0,0.0,0.0,65539,0, 0)
captureUserWait ( 2103 )


# call menu
compareScreenshot(2014-10-15_10-46-48.jpg, 0, 0, 1080, 1920, 0, 1.0, 10)
captureDispatchPointer( 750063939000,750063939000, 0, 54.949120, 164.914108,0.20784314,0.06666667,0,0.0,0.0,65539,0, 0)
captureUserWait ( 9 )
captureDispatchPointer( 750063939000,750072996000, 2, 54.949120, 164.914108,0.20784314,0.06666667,0,0.0,0.0,65539,0, 0)
captureUserWait ( 18 )
captureDispatchPointer( 750063939000,750091597000, 2, 54.949120, 164.914108,0.20784314,0.06666667,0,0.0,0.0,65539,0, 0)
captureUserWait ( 27 )
captureDispatchPointer( 750063939000,750119322000, 2, 54.949120, 163.914627,0.20784314,0.06666667,0,0.0,0.0,65539,0, 0)
captureUserWait ( 18 )
captureDispatchPointer( 750063939000,750137913000, 2, 54.949120, 162.915146,0.20784314,0.06666667,0,0.0,0.0,65539,0, 0)
captureUserWait ( 8 )
captureDispatchPointer( 750063939000,750146348000, 1, 54.949120, 162.915146,0.20784314,0.06666667,0,0.0,0.0,65539,0, 0)
captureUserWait ( 1085 )


# drive
compareScreenshot(2014-10-15_10-46-49.jpg, 0, 0, 1080, 1920, 0, 1.0, 10)
captureDispatchPointer( 751232244000,751232244000, 0, 375.652161, 458.761047,0.20784314,0.06666667,0,0.0,0.0,65539,0, 0)
captureUserWait ( 36 )
captureDispatchPointer( 751232244000,751269044000, 2, 375.652161, 458.761047,0.20784314,0.06666667,0,0.0,0.0,65539,0, 0)
captureUserWait ( 18 )
captureDispatchPointer( 751232244000,751287808000, 2, 375.652161, 458.761047,0.20784314,0.06666667,0,0.0,0.0,65539,0, 0)
captureUserWait ( 9 )
captureDispatchPointer( 751232244000,751296951000, 2, 375.652161, 458.761047,0.20784314,0.06666667,0,0.0,0.0,65539,0, 0)
captureUserWait ( 17 )
captureDispatchPointer( 751232244000,751314400000, 1, 375.652161, 458.761047,0.20784314,0.06666667,0,0.0,0.0,65539,0, 0)
captureUserWait ( 1095 )


# my drive
compareScreenshot(2014-10-15_10-46-51.jpg, 0, 0, 1080, 1920, 0, 1.0, 10)
captureDispatchPointer( 753609982000,753609982000, 0, 737.317322, 524.726685,0.20784314,0.06666667,0,0.0,0.0,65539,0, 0)
captureUserWait ( 7 )
captureDispatchPointer( 753609982000,753617873000, 2, 737.317322, 524.726685,0.20784314,0.06666667,0,0.0,0.0,65539,0, 0)
captureUserWait ( 82 )
captureDispatchPointer( 753609982000,753700081000, 1, 737.317322, 524.726685,0.20784314,0.06666667,0,0.0,0.0,65539,0, 0)
captureUserWait ( 10050 )


# select the picture (be sure it's the 1st on top)
compareScreenshot(2014-10-15_10-46-53.jpg, 0, 0, 1080, 1920, 0, 1.0, 10)
captureDispatchPointer( 755350941000,755350941000, 0, 671.378357, 323.831329,0.20784314,0.06666667,0,0.0,0.0,65539,0, 0)
captureUserWait ( 17 )
captureDispatchPointer( 755350941000,755368187000, 2, 671.378357, 323.831329,0.20784314,0.06666667,0,0.0,0.0,65539,0, 0)
captureUserWait ( 74 )
captureDispatchPointer( 755350941000,755442973000, 2, 671.378357, 323.831329,0.20784314,0.06666667,0,0.0,0.0,65539,0, 0)
captureUserWait ( 7 )
captureDispatchPointer( 755350941000,755450886000, 1, 671.378357, 323.831329,0.20784314,0.06666667,0,0.0,0.0,65539,0, 0)
captureUserWait ( 10224 )


# send
compareScreenshot(2014-10-15_10-47-00.jpg, 0, 0, 1080, 1920, 0, 1.0, 10)
captureDispatchPointer( 762675298000,762675298000, 0, 854.209045, 154.919312,0.20784314,0.06666667,0,0.0,0.0,65539,0, 0)
captureUserWait ( 34 )
captureDispatchPointer( 762675298000,762709991000, 2, 854.209045, 154.919312,0.20784314,0.06666667,0,0.0,0.0,65539,0, 0)
captureUserWait ( 37 )
captureDispatchPointer( 762675298000,762747207000, 2, 854.209045, 154.919312,0.20784314,0.06666667,0,0.0,0.0,65539,0, 0)
captureUserWait ( 26 )
captureDispatchPointer( 762675298000,762774192000, 1, 854.209045, 154.919312,0.20784314,0.06666667,0,0.0,0.0,65539,0, 0)
captureUserWait ( 9499 )


# back to home sheet
compareScreenshot(2014-10-15_10-47-10.jpg, 0, 0, 1080, 1920, 0, 1.0, 10)
captureDispatchKey( 0, 0, 0, 4, 0,0,0,0)
captureUserWait ( 157 )
captureDispatchKey( 0, 0, 1, 4, 0,0,0,0)
captureUserWait ( 2948 )
