type=raw events 1
count= 1
speed=1.0
start data >>
RunCmd(am start -n com.android.settings/.Settings --activity-single-top)
captureUserWait ( 4500 )
compareScreenshot(2014-11-10_01-23-35.jpg, 0, 0, 1080, 1920, 0, 1.0, 10)
captureDispatchPointer( 8928634573000,8928634573000, 0, 562.479187, 1768.079102,0.20784314,0.06666667,0,0.0,0.0,65539,0, 0)
captureUserWait ( 21 )
captureDispatchPointer( 8928634573000,8928655858000, 2, 562.479187, 1768.079102,0.20784314,0.06666667,0,0.0,0.0,65539,0, 0)
captureUserWait ( 9 )
captureDispatchPointer( 8928634573000,8928665120000, 2, 562.479187, 1767.079590,0.20784314,0.06666667,0,0.0,0.0,65539,0, 0)
captureUserWait ( 9 )
captureDispatchPointer( 8928634573000,8928674992000, 2, 561.480103, 1764.081177,0.20784314,0.06666667,0,0.0,0.0,65539,0, 0)
captureUserWait ( 9 )
captureDispatchPointer( 8928634573000,8928684556000, 2, 561.480103, 1758.084229,0.20784314,0.06666667,0,0.0,0.0,65539,0, 0)
captureUserWait ( 9 )
captureDispatchPointer( 8928634573000,8928693754000, 2, 562.479187, 1748.089478,0.20784314,0.06666667,0,0.0,0.0,65539,0, 0)
captureUserWait ( 9 )
captureDispatchPointer( 8928634573000,8928703206000, 2, 564.477356, 1734.096802,0.20784314,0.06666667,0,0.0,0.0,65539,0, 0)
captureUserWait ( 8 )
captureDispatchPointer( 8928634573000,8928711902000, 2, 567.474548, 1716.106201,0.20784314,0.06666667,0,0.0,0.0,65539,0, 0)
captureUserWait ( 9 )
captureDispatchPointer( 8928634573000,8928721174000, 2, 572.469910, 1693.118164,0.20784314,0.06666667,0,0.0,0.0,65539,0, 0)
captureUserWait ( 10 )
captureDispatchPointer( 8928634573000,8928731387000, 2, 578.464417, 1663.133789,0.20784314,0.06666667,0,0.0,0.0,65539,0, 0)
captureUserWait ( 8 )
captureDispatchPointer( 8928634573000,8928740154000, 2, 586.456970, 1632.149902,0.20784314,0.06666667,0,0.0,0.0,65539,0, 0)
captureUserWait ( 9 )
captureDispatchPointer( 8928634573000,8928749640000, 2, 593.450500, 1595.169189,0.20784314,0.06666667,0,0.0,0.0,65539,0, 0)
captureUserWait ( 9 )
captureDispatchPointer( 8928634573000,8928759084000, 2, 599.444946, 1566.184204,0.20784314,0.06666667,0,0.0,0.0,65539,0, 0)
captureUserWait ( 8 )
captureDispatchPointer( 8928634573000,8928767769000, 2, 604.440308, 1535.200439,0.20784314,0.06666667,0,0.0,0.0,65539,0, 0)
captureUserWait ( 9 )
captureDispatchPointer( 8928634573000,8928777379000, 2, 609.435730, 1504.216553,0.20784314,0.06666667,0,0.0,0.0,65539,0, 0)
captureUserWait ( 9 )
captureDispatchPointer( 8928634573000,8928786584000, 2, 613.432007, 1475.231567,0.20784314,0.06666667,0,0.0,0.0,65539,0, 0)
captureUserWait ( 9 )
captureDispatchPointer( 8928634573000,8928795725000, 2, 617.428284, 1441.249268,0.20784314,0.06666667,0,0.0,0.0,65539,0, 0)
captureUserWait ( 9 )
captureDispatchPointer( 8928634573000,8928805354000, 2, 621.424622, 1404.268555,0.20784314,0.06666667,0,0.0,0.0,65539,0, 0)
captureUserWait ( 9 )
captureDispatchPointer( 8928634573000,8928814429000, 2, 627.419067, 1359.291992,0.20784314,0.06666667,0,0.0,0.0,65539,0, 0)
captureUserWait ( 9 )
captureDispatchPointer( 8928634573000,8928824307000, 2, 634.412598, 1314.315430,0.20784314,0.06666667,0,0.0,0.0,65539,0, 0)
captureUserWait ( 10 )
captureDispatchPointer( 8928634573000,8928834677000, 2, 642.405212, 1269.338867,0.20784314,0.06666667,0,0.0,0.0,65539,0, 0)
captureUserWait ( 8 )
captureDispatchPointer( 8928634573000,8928843176000, 2, 651.396851, 1224.362305,0.20784314,0.06666667,0,0.0,0.0,65539,0, 0)
captureUserWait ( 9 )
captureDispatchPointer( 8928634573000,8928852529000, 2, 662.386658, 1181.384644,0.20784314,0.06666667,0,0.0,0.0,65539,0, 0)
captureUserWait ( 9 )
captureDispatchPointer( 8928634573000,8928861907000, 2, 672.377441, 1139.406494,0.20784314,0.06666667,0,0.0,0.0,65539,0, 0)
captureUserWait ( 9 )
captureDispatchPointer( 8928634573000,8928871256000, 2, 681.369080, 1103.425293,0.20784314,0.06666667,0,0.0,0.0,65539,0, 0)
captureUserWait ( 9 )
captureDispatchPointer( 8928634573000,8928880369000, 2, 689.361694, 1069.442993,0.20784314,0.06666667,0,0.0,0.0,65539,0, 0)
captureUserWait ( 9 )
captureDispatchPointer( 8928634573000,8928889745000, 2, 698.353394, 1035.460693,0.20784314,0.06666667,0,0.0,0.0,65539,0, 0)
captureUserWait ( 9 )
captureDispatchPointer( 8928634573000,8928898929000, 2, 705.346924, 1005.476318,0.20784314,0.06666667,0,0.0,0.0,65539,0, 0)
captureUserWait ( 9 )
captureDispatchPointer( 8928634573000,8928908676000, 2, 712.340454, 978.490356,0.20784314,0.06666667,0,0.0,0.0,65539,0, 0)
captureUserWait ( 8 )
captureDispatchPointer( 8928634573000,8928917662000, 2, 719.333984, 949.505432,0.20784314,0.06666667,0,0.0,0.0,65539,0, 0)
captureUserWait ( 9 )
captureDispatchPointer( 8928634573000,8928927408000, 2, 724.329346, 923.518982,0.20784314,0.06666667,0,0.0,0.0,65539,0, 0)
captureUserWait ( 9 )
captureDispatchPointer( 8928634573000,8928936519000, 2, 730.323792, 897.532532,0.20784314,0.06666667,0,0.0,0.0,65539,0, 0)
captureUserWait ( 9 )
captureDispatchPointer( 8928634573000,8928945865000, 2, 736.318237, 871.546021,0.20784314,0.06666667,0,0.0,0.0,65539,0, 0)
captureUserWait ( 8 )
captureDispatchPointer( 8928634573000,8928954772000, 2, 741.313599, 846.559082,0.20784314,0.06666667,0,0.0,0.0,65539,0, 0)
captureUserWait ( 9 )
captureDispatchPointer( 8928634573000,8928964330000, 2, 747.308044, 824.570496,0.20784314,0.06666667,0,0.0,0.0,65539,0, 0)
captureUserWait ( 8 )
captureDispatchPointer( 8928634573000,8928973295000, 2, 753.302490, 804.580933,0.20784314,0.06666667,0,0.0,0.0,65539,0, 0)
captureUserWait ( 9 )
captureDispatchPointer( 8928634573000,8928982940000, 2, 758.297852, 784.591370,0.20784314,0.06666667,0,0.0,0.0,65539,0, 0)
captureUserWait ( 9 )
captureDispatchPointer( 8928634573000,8928992242000, 2, 764.292297, 767.600220,0.20784314,0.06666667,0,0.0,0.0,65539,0, 0)
captureUserWait ( 9 )
captureDispatchPointer( 8928634573000,8929001345000, 2, 770.286804, 749.609558,0.20784314,0.06666667,0,0.0,0.0,65539,0, 0)
captureUserWait ( 9 )
captureDispatchPointer( 8928634573000,8929011324000, 2, 774.283081, 733.617859,0.20784314,0.06666667,0,0.0,0.0,65539,0, 0)
captureUserWait ( 9 )
captureDispatchPointer( 8928634573000,8929020354000, 2, 777.280273, 717.626221,0.20784314,0.06666667,0,0.0,0.0,65539,0, 0)
captureUserWait ( 8 )
captureDispatchPointer( 8928634573000,8929029241000, 2, 780.277527, 704.632996,0.20784314,0.06666667,0,0.0,0.0,65539,0, 0)
captureUserWait ( 9 )
captureDispatchPointer( 8928634573000,8929039143000, 2, 782.275696, 692.639221,0.20784314,0.06666667,0,0.0,0.0,65539,0, 0)
captureUserWait ( 9 )
captureDispatchPointer( 8928634573000,8929048313000, 2, 782.275696, 682.644409,0.20784314,0.06666667,0,0.0,0.0,65539,0, 0)
captureUserWait ( 9 )
captureDispatchPointer( 8928634573000,8929058004000, 2, 782.275696, 675.648071,0.20784314,0.06666667,0,0.0,0.0,65539,0, 0)
captureUserWait ( 8 )
captureDispatchPointer( 8928634573000,8929066961000, 2, 782.275696, 669.651184,0.20784314,0.06666667,0,0.0,0.0,65539,0, 0)
captureUserWait ( 9 )
captureDispatchPointer( 8928634573000,8929076566000, 2, 782.275696, 664.653809,0.20784314,0.06666667,0,0.0,0.0,65539,0, 0)
captureUserWait ( 8 )
captureDispatchPointer( 8928634573000,8929085230000, 2, 782.275696, 660.655884,0.20784314,0.06666667,0,0.0,0.0,65539,0, 0)
captureUserWait ( 9 )
captureDispatchPointer( 8928634573000,8929095205000, 2, 782.275696, 657.657471,0.20784314,0.06666667,0,0.0,0.0,65539,0, 0)
captureUserWait ( 9 )
captureDispatchPointer( 8928634573000,8929104456000, 2, 782.275696, 655.658508,0.20784314,0.06666667,0,0.0,0.0,65539,0, 0)
captureUserWait ( 9 )
captureDispatchPointer( 8928634573000,8929113788000, 2, 782.275696, 653.659546,0.20784314,0.06666667,0,0.0,0.0,65539,0, 0)
captureUserWait ( 8 )
captureDispatchPointer( 8928634573000,8929122526000, 2, 782.275696, 652.660034,0.20784314,0.06666667,0,0.0,0.0,65539,0, 0)
captureUserWait ( 9 )
captureDispatchPointer( 8928634573000,8929132263000, 2, 782.275696, 651.660583,0.20784314,0.06666667,0,0.0,0.0,65539,0, 0)
captureUserWait ( 8 )
captureDispatchPointer( 8928634573000,8929140991000, 2, 782.275696, 650.661072,0.20784314,0.06666667,0,0.0,0.0,65539,0, 0)
captureUserWait ( 10 )
captureDispatchPointer( 8928634573000,8929151097000, 2, 782.275696, 649.661621,0.20784314,0.06666667,0,0.0,0.0,65539,0, 0)
captureUserWait ( 8 )
captureDispatchPointer( 8928634573000,8929159932000, 2, 782.275696, 648.662109,0.20784314,0.06666667,0,0.0,0.0,65539,0, 0)
captureUserWait ( 28 )
captureDispatchPointer( 8928634573000,8929188465000, 2, 782.275696, 648.662109,0.20784314,0.06666667,0,0.0,0.0,65539,0, 0)
captureUserWait ( 8 )
captureDispatchPointer( 8928634573000,8929196702000, 1, 782.275696, 648.662109,0.20784314,0.06666667,0,0.0,0.0,65539,0, 0)
captureUserWait ( 464 )
captureDispatchPointer( 8929660871000,8929660871000, 0, 623.422729, 1765.080688,0.20784314,0.06666667,0,0.0,0.0,65539,0, 0)
captureUserWait ( 8 )
captureDispatchPointer( 8929660871000,8929669103000, 2, 623.422729, 1765.080688,0.20784314,0.06666667,0,0.0,0.0,65539,0, 0)
captureUserWait ( 9 )
captureDispatchPointer( 8929660871000,8929678314000, 2, 623.422729, 1765.080688,0.20784314,0.06666667,0,0.0,0.0,65539,0, 0)
captureUserWait ( 9 )
captureDispatchPointer( 8929660871000,8929688228000, 2, 623.422729, 1764.081177,0.20784314,0.06666667,0,0.0,0.0,65539,0, 0)
captureUserWait ( 9 )
captureDispatchPointer( 8929660871000,8929697779000, 2, 623.422729, 1762.082153,0.20784314,0.06666667,0,0.0,0.0,65539,0, 0)
captureUserWait ( 9 )
captureDispatchPointer( 8929660871000,8929707142000, 2, 623.422729, 1757.084839,0.20784314,0.06666667,0,0.0,0.0,65539,0, 0)
captureUserWait ( 8 )
captureDispatchPointer( 8929660871000,8929715822000, 2, 624.421814, 1745.091064,0.20784314,0.06666667,0,0.0,0.0,65539,0, 0)
captureUserWait ( 9 )
captureDispatchPointer( 8929660871000,8929725771000, 2, 626.419983, 1728.099854,0.20784314,0.06666667,0,0.0,0.0,65539,0, 0)
captureUserWait ( 8 )
captureDispatchPointer( 8929660871000,8929734275000, 2, 629.417236, 1707.110840,0.20784314,0.06666667,0,0.0,0.0,65539,0, 0)
captureUserWait ( 10 )
captureDispatchPointer( 8929660871000,8929744436000, 2, 632.414429, 1678.125977,0.20784314,0.06666667,0,0.0,0.0,65539,0, 0)
captureUserWait ( 8 )
captureDispatchPointer( 8929660871000,8929752941000, 2, 635.411682, 1649.140991,0.20784314,0.06666667,0,0.0,0.0,65539,0, 0)
captureUserWait ( 9 )
captureDispatchPointer( 8929660871000,8929762830000, 2, 637.409790, 1617.157715,0.20784314,0.06666667,0,0.0,0.0,65539,0, 0)
captureUserWait ( 9 )
captureDispatchPointer( 8929660871000,8929772123000, 2, 638.408875, 1582.175903,0.20784314,0.06666667,0,0.0,0.0,65539,0, 0)
captureUserWait ( 9 )
captureDispatchPointer( 8929660871000,8929781269000, 2, 639.407959, 1544.195679,0.20784314,0.06666667,0,0.0,0.0,65539,0, 0)
captureUserWait ( 9 )
captureDispatchPointer( 8929660871000,8929791220000, 2, 639.407959, 1506.215454,0.20784314,0.06666667,0,0.0,0.0,65539,0, 0)
captureUserWait ( 8 )
captureDispatchPointer( 8929660871000,8929800118000, 2, 640.407043, 1467.235718,0.20784314,0.06666667,0,0.0,0.0,65539,0, 0)
captureUserWait ( 9 )
captureDispatchPointer( 8929660871000,8929809800000, 2, 642.405212, 1431.254517,0.20784314,0.06666667,0,0.0,0.0,65539,0, 0)
captureUserWait ( 8 )
captureDispatchPointer( 8929660871000,8929818794000, 2, 646.401489, 1391.275391,0.20784314,0.06666667,0,0.0,0.0,65539,0, 0)
captureUserWait ( 8 )
captureDispatchPointer( 8929660871000,8929827652000, 2, 652.395935, 1354.294556,0.20784314,0.06666667,0,0.0,0.0,65539,0, 0)
captureUserWait ( 9 )
captureDispatchPointer( 8929660871000,8929837438000, 2, 660.388550, 1315.314941,0.20784314,0.06666667,0,0.0,0.0,65539,0, 0)
captureUserWait ( 8 )
captureDispatchPointer( 8929660871000,8929846268000, 2, 668.381104, 1281.332642,0.20784314,0.06666667,0,0.0,0.0,65539,0, 0)
captureUserWait ( 9 )
captureDispatchPointer( 8929660871000,8929855513000, 2, 677.372803, 1246.350830,0.20784314,0.06666667,0,0.0,0.0,65539,0, 0)
captureUserWait ( 10 )
captureDispatchPointer( 8929660871000,8929865709000, 2, 685.365417, 1210.369629,0.20784314,0.06666667,0,0.0,0.0,65539,0, 0)
captureUserWait ( 8 )
captureDispatchPointer( 8929660871000,8929874487000, 2, 693.358032, 1176.387329,0.20784314,0.06666667,0,0.0,0.0,65539,0, 0)
captureUserWait ( 9 )
captureDispatchPointer( 8929660871000,8929883916000, 2, 700.351501, 1143.404419,0.20784314,0.06666667,0,0.0,0.0,65539,0, 0)
captureUserWait ( 9 )
captureDispatchPointer( 8929660871000,8929893750000, 2, 707.345032, 1113.420044,0.20784314,0.06666667,0,0.0,0.0,65539,0, 0)
captureUserWait ( 9 )
captureDispatchPointer( 8929660871000,8929903029000, 2, 715.337646, 1085.434692,0.20784314,0.06666667,0,0.0,0.0,65539,0, 0)
captureUserWait ( 9 )
captureDispatchPointer( 8929660871000,8929912321000, 2, 722.331177, 1061.447144,0.20784314,0.06666667,0,0.0,0.0,65539,0, 0)
captureUserWait ( 9 )
captureDispatchPointer( 8929660871000,8929921852000, 2, 729.324707, 1039.458618,0.20784314,0.06666667,0,0.0,0.0,65539,0, 0)
captureUserWait ( 9 )
captureDispatchPointer( 8929660871000,8929931199000, 2, 735.319153, 1022.467468,0.20784314,0.06666667,0,0.0,0.0,65539,0, 0)
captureUserWait ( 9 )
captureDispatchPointer( 8929660871000,8929940259000, 2, 740.314514, 1009.474182,0.20784314,0.06666667,0,0.0,0.0,65539,0, 0)
captureUserWait ( 9 )
captureDispatchPointer( 8929660871000,8929949527000, 2, 744.310852, 998.479919,0.20784314,0.06666667,0,0.0,0.0,65539,0, 0)
captureUserWait ( 8 )
captureDispatchPointer( 8929660871000,8929958369000, 2, 747.308044, 989.484619,0.20784314,0.06666667,0,0.0,0.0,65539,0, 0)
captureUserWait ( 9 )
captureDispatchPointer( 8929660871000,8929968077000, 2, 750.305298, 982.488281,0.20784314,0.06666667,0,0.0,0.0,65539,0, 0)
captureUserWait ( 9 )
captureDispatchPointer( 8929660871000,8929977606000, 2, 752.303406, 976.491394,0.20784314,0.06666667,0,0.0,0.0,65539,0, 0)
captureUserWait ( 9 )
captureDispatchPointer( 8929660871000,8929986876000, 2, 754.301575, 971.494019,0.20784314,0.06666667,0,0.0,0.0,65539,0, 0)
captureUserWait ( 8 )
captureDispatchPointer( 8929660871000,8929995722000, 2, 756.299744, 967.496094,0.20784314,0.06666667,0,0.0,0.0,65539,0, 0)
captureUserWait ( 9 )
captureDispatchPointer( 8929660871000,8930004891000, 2, 757.298828, 964.497620,0.20784314,0.06666667,0,0.0,0.0,65539,0, 0)
captureUserWait ( 9 )
captureDispatchPointer( 8929660871000,8930014403000, 2, 758.297852, 961.499207,0.20784314,0.06666667,0,0.0,0.0,65539,0, 0)
captureUserWait ( 9 )
captureDispatchPointer( 8929660871000,8930024052000, 2, 759.296936, 959.500244,0.20784314,0.06666667,0,0.0,0.0,65539,0, 0)
captureUserWait ( 9 )
captureDispatchPointer( 8929660871000,8930033269000, 2, 760.296021, 957.501282,0.20784314,0.06666667,0,0.0,0.0,65539,0, 0)
captureUserWait ( 9 )
captureDispatchPointer( 8929660871000,8930042306000, 2, 761.295105, 956.501770,0.20784314,0.06666667,0,0.0,0.0,65539,0, 0)
captureUserWait ( 9 )
captureDispatchPointer( 8929660871000,8930052089000, 2, 762.294189, 955.502319,0.20784314,0.06666667,0,0.0,0.0,65539,0, 0)
captureUserWait ( 9 )
captureDispatchPointer( 8929660871000,8930061445000, 2, 762.294189, 954.502869,0.20784314,0.06666667,0,0.0,0.0,65539,0, 0)
captureUserWait ( 9 )
captureDispatchPointer( 8929660871000,8930070721000, 2, 762.294189, 953.503357,0.20784314,0.06666667,0,0.0,0.0,65539,0, 0)
captureUserWait ( 9 )
captureDispatchPointer( 8929660871000,8930080284000, 2, 762.294189, 952.503906,0.20784314,0.06666667,0,0.0,0.0,65539,0, 0)
captureUserWait ( 8 )
captureDispatchPointer( 8929660871000,8930089101000, 2, 762.294189, 951.504395,0.20784314,0.06666667,0,0.0,0.0,65539,0, 0)
captureUserWait ( 9 )
captureDispatchPointer( 8929660871000,8930098967000, 2, 762.294189, 950.504944,0.20784314,0.06666667,0,0.0,0.0,65539,0, 0)
captureUserWait ( 8 )
captureDispatchPointer( 8929660871000,8930107354000, 2, 762.294189, 949.505432,0.20784314,0.06666667,0,0.0,0.0,65539,0, 0)
captureUserWait ( 74 )
captureDispatchPointer( 8929660871000,8930182071000, 1, 762.294189, 949.505432,0.20784314,0.06666667,0,0.0,0.0,65539,0, 0)
captureUserWait ( 731 )
captureDispatchPointer( 8930913909000,8930913909000, 0, 756.299744, 728.620483,0.20784314,0.06666667,0,0.0,0.0,65539,0, 0)
captureUserWait ( 100 )
captureDispatchPointer( 8930913909000,8931013939000, 1, 756.299744, 728.620483,0.20784314,0.06666667,0,0.0,0.0,65539,0, 0)
captureUserWait ( 1190 )
compareScreenshot(2014-11-10_01-23-39.jpg, 0, 0, 1080, 1920, 0, 1.0, 10)
captureDispatchPointer( 8932204117000,8932204117000, 0, 886.179443, 380.801666,0.20784314,0.06666667,0,0.0,0.0,65539,0, 0)
captureUserWait ( 8 )
captureDispatchPointer( 8932204117000,8932212932000, 2, 886.179443, 380.801666,0.20784314,0.06666667,0,0.0,0.0,65539,0, 0)
captureUserWait ( 63 )
captureDispatchPointer( 8932204117000,8932276643000, 1, 886.179443, 380.801666,0.20784314,0.06666667,0,0.0,0.0,65539,0, 0)
captureUserWait ( 1300 )
compareScreenshot(2014-11-10_01-23-40.jpg, 0, 0, 1080, 1920, 0, 1.0, 10)
captureDispatchPointer( 8933577241000,8933577241000, 0, 858.205383, 318.833923,0.20784314,0.06666667,0,0.0,0.0,65539,0, 0)
captureUserWait ( 18 )
captureDispatchPointer( 8933577241000,8933595818000, 2, 858.205383, 318.833923,0.20784314,0.06666667,0,0.0,0.0,65539,0, 0)
captureUserWait ( 9 )
captureDispatchPointer( 8933577241000,8933604940000, 2, 859.204468, 318.833923,0.20784314,0.06666667,0,0.0,0.0,65539,0, 0)
captureUserWait ( 9 )
captureDispatchPointer( 8933577241000,8933614342000, 2, 860.203491, 318.833923,0.20784314,0.06666667,0,0.0,0.0,65539,0, 0)
captureUserWait ( 9 )
captureDispatchPointer( 8933577241000,8933623565000, 2, 861.202576, 318.833923,0.20784314,0.06666667,0,0.0,0.0,65539,0, 0)
captureUserWait ( 8 )
captureDispatchPointer( 8933577241000,8933631697000, 1, 861.202576, 318.833923,0.20784314,0.06666667,0,0.0,0.0,65539,0, 0)
captureUserWait ( 1181 )
compareScreenshot(2014-11-10_01-23-42.jpg, 0, 0, 1080, 1920, 0, 1.0, 10)
captureDispatchKey( 0, 0, 0, 4, 0,0,0,0)
captureUserWait ( 93 )
captureDispatchKey( 0, 0, 1, 4, 0,0,0,0)
captureUserWait ( 490 )
captureDispatchKey( 0, 0, 0, 4, 0,0,0,0)
captureUserWait ( 121 )
captureDispatchKey( 0, 0, 1, 4, 0,0,0,0)
captureUserWait ( 1681 )
compareScreenshot(2014-11-10_01-23-44.jpg, 0, 0, 1080, 1920, 0, 1.0, 10)
captureUserWait ( 1500 )
