type=raw events 1
count= 1
speed=1.0
start data >>

## disable-PM.txt
# launch phone call
RunCmd(am start -n com.android.contacts/.activities.DialtactsActivity --activity-single-top)
captureUserWait ( 4500 )

# *
compareScreenshot(2014-11-08_04-04-25.jpg, 0, 0, 1080, 1920, 0, 1.0, 10)
captureDispatchPointer( 95299318515000,95299318515000, 0, 129.879745, 1693.118164,0.20784314,0.06666667,0,0.0,0.0,65539,0, 0)
captureUserWait ( 9 )
captureDispatchPointer( 95299318515000,95299327686000, 2, 129.879745, 1693.118164,0.20784314,0.06666667,0,0.0,0.0,65539,0, 0)
captureUserWait ( 27 )
captureDispatchPointer( 95299318515000,95299355667000, 2, 129.879745, 1693.118164,0.20784314,0.06666667,0,0.0,0.0,65539,0, 0)
captureUserWait ( 18 )
captureDispatchPointer( 95299318515000,95299374322000, 2, 129.879745, 1693.118164,0.20784314,0.06666667,0,0.0,0.0,65539,0, 0)
captureUserWait ( 8 )
captureDispatchPointer( 95299318515000,95299382723000, 1, 129.879745, 1693.118164,0.20784314,0.06666667,0,0.0,0.0,65539,0, 0)
captureUserWait ( 252 )

# #
captureDispatchPointer( 95299635703000,95299635703000, 0, 887.178528, 1687.121216,0.20784314,0.06666667,0,0.0,0.0,65539,0, 0)
captureUserWait ( 65 )
captureDispatchPointer( 95299635703000,95299700796000, 2, 887.178528, 1687.121216,0.20784314,0.06666667,0,0.0,0.0,65539,0, 0)
captureUserWait ( 8 )
captureDispatchPointer( 95299635703000,95299709273000, 1, 887.178528, 1687.121216,0.20784314,0.06666667,0,0.0,0.0,65539,0, 0)
captureUserWait ( 224 )

# *
captureDispatchPointer( 95299934263000,95299934263000, 0, 132.876968, 1706.111328,0.20784314,0.06666667,0,0.0,0.0,65539,0, 0)
captureUserWait ( 83 )
captureDispatchPointer( 95299934263000,95300018092000, 2, 132.876968, 1706.111328,0.20784314,0.06666667,0,0.0,0.0,65539,0, 0)
captureUserWait ( 8 )
captureDispatchPointer( 95299934263000,95300026290000, 1, 132.876968, 1706.111328,0.20784314,0.06666667,0,0.0,0.0,65539,0, 0)
captureUserWait ( 206 )

# #
captureDispatchPointer( 95300232814000,95300232814000, 0, 889.176697, 1695.117065,0.20784314,0.06666667,0,0.0,0.0,65539,0, 0)
captureUserWait ( 74 )
captureDispatchPointer( 95300232814000,95300307285000, 2, 889.176697, 1695.117065,0.20784314,0.06666667,0,0.0,0.0,65539,0, 0)
captureUserWait ( 8 )
captureDispatchPointer( 95300232814000,95300316159000, 1, 889.176697, 1695.117065,0.20784314,0.06666667,0,0.0,0.0,65539,0, 0)
captureUserWait ( 304 )

# 7
captureDispatchPointer( 95300621087000,95300621087000, 0, 78.926918, 1553.191040,0.20784314,0.06666667,0,0.0,0.0,65539,0, 0)
captureUserWait ( 18 )
captureDispatchPointer( 95300621087000,95300639599000, 2, 78.926918, 1553.191040,0.20784314,0.06666667,0,0.0,0.0,65539,0, 0)
captureUserWait ( 54 )
captureDispatchPointer( 95300621087000,95300694587000, 1, 78.926918, 1553.191040,0.20784314,0.06666667,0,0.0,0.0,65539,0, 0)
captureUserWait ( 206 )

# 9
captureDispatchPointer( 95300900856000,95300900856000, 0, 905.161865, 1552.191528,0.20784314,0.06666667,0,0.0,0.0,65539,0, 0)
captureUserWait ( 9 )
captureDispatchPointer( 95300900856000,95300910093000, 2, 905.161865, 1552.191528,0.20784314,0.06666667,0,0.0,0.0,65539,0, 0)
captureUserWait ( 56 )
captureDispatchPointer( 95300900856000,95300966129000, 2, 905.161865, 1552.191528,0.20784314,0.06666667,0,0.0,0.0,65539,0, 0)
captureUserWait ( 9 )
captureDispatchPointer( 95300900856000,95300975528000, 2, 905.161865, 1552.191528,0.20784314,0.06666667,0,0.0,0.0,65539,0, 0)
captureUserWait ( 9 )
captureDispatchPointer( 95300900856000,95300984801000, 2, 905.161865, 1552.191528,0.20784314,0.06666667,0,0.0,0.0,65539,0, 0)
captureUserWait ( 8 )
captureDispatchPointer( 95300900856000,95300992973000, 1, 905.161865, 1552.191528,0.20784314,0.06666667,0,0.0,0.0,65539,0, 0)
captureUserWait ( 417 )

# 5
captureDispatchPointer( 95301410441000,95301410441000, 0, 606.438477, 1362.290405,0.20784314,0.06666667,0,0.0,0.0,65539,0, 0)
captureUserWait ( 18 )
captureDispatchPointer( 95301410441000,95301429051000, 2, 606.438477, 1362.290405,0.20784314,0.06666667,0,0.0,0.0,65539,0, 0)
captureUserWait ( 27 )
captureDispatchPointer( 95301410441000,95301457037000, 2, 606.438477, 1362.290405,0.20784314,0.06666667,0,0.0,0.0,65539,0, 0)
captureUserWait ( 17 )
captureDispatchPointer( 95301410441000,95301474710000, 1, 606.438477, 1362.290405,0.20784314,0.06666667,0,0.0,0.0,65539,0, 0)
captureUserWait ( 619 )

# #
captureDispatchPointer( 95302093728000,95302093728000, 0, 871.193359, 1679.125366,0.20784314,0.06666667,0,0.0,0.0,65539,0, 0)
captureUserWait ( 37 )
captureDispatchPointer( 95302093728000,95302130913000, 2, 871.193359, 1679.125366,0.20784314,0.06666667,0,0.0,0.0,65539,0, 0)
captureUserWait ( 17 )
captureDispatchPointer( 95302093728000,95302148599000, 1, 871.193359, 1679.125366,0.20784314,0.06666667,0,0.0,0.0,65539,0, 0)
captureUserWait ( 271 )

# *
captureDispatchPointer( 95302420188000,95302420188000, 0, 129.879745, 1710.109253,0.20784314,0.06666667,0,0.0,0.0,65539,0, 0)
captureUserWait ( 83 )
captureDispatchPointer( 95302420188000,95302504053000, 2, 129.879745, 1710.109253,0.20784314,0.06666667,0,0.0,0.0,65539,0, 0)
captureUserWait ( 8 )
captureDispatchPointer( 95302420188000,95302512412000, 1, 129.879745, 1710.109253,0.20784314,0.06666667,0,0.0,0.0,65539,0, 0)
captureUserWait ( 215 )

# #
captureDispatchPointer( 95302727995000,95302727995000, 0, 853.210022, 1700.114502,0.20784314,0.06666667,0,0.0,0.0,65539,0, 0)
captureUserWait ( 55 )
captureDispatchPointer( 95302727995000,95302783914000, 2, 853.210022, 1700.114502,0.20784314,0.06666667,0,0.0,0.0,65539,0, 0)
captureUserWait ( 9 )
captureDispatchPointer( 95302727995000,95302793230000, 2, 853.210022, 1700.114502,0.20784314,0.06666667,0,0.0,0.0,65539,0, 0)
captureUserWait ( 8 )
captureDispatchPointer( 95302727995000,95302801524000, 1, 853.210022, 1700.114502,0.20784314,0.06666667,0,0.0,0.0,65539,0, 0)
captureUserWait ( 178 )

# *
captureDispatchPointer( 95302980472000,95302980472000, 0, 126.882515, 1693.118164,0.20784314,0.06666667,0,0.0,0.0,65539,0, 0)
captureUserWait ( 8 )
captureDispatchPointer( 95302980472000,95302989234000, 2, 126.882515, 1693.118164,0.20784314,0.06666667,0,0.0,0.0,65539,0, 0)
captureUserWait ( 37 )
captureDispatchPointer( 95302980472000,95303026500000, 2, 126.882515, 1693.118164,0.20784314,0.06666667,0,0.0,0.0,65539,0, 0)
captureUserWait ( 17 )
captureDispatchPointer( 95302980472000,95303044066000, 1, 126.882515, 1693.118164,0.20784314,0.06666667,0,0.0,0.0,65539,0, 0)
captureUserWait ( 2852 )

# disable
compareScreenshot(2014-11-08_04-04-32.jpg, 0, 0, 1080, 1920, 0, 1.0, 10)
captureDispatchPointer( 95305896258000,95305896258000, 0, 977.095276, 163.914627,0.20784314,0.06666667,0,0.0,0.0,65539,0, 0)
captureUserWait ( 73 )
captureDispatchPointer( 95305896258000,95305969364000, 1, 977.095276, 163.914627,0.20784314,0.06666667,0,0.0,0.0,65539,0, 0)
captureUserWait ( 2802 )

# back
compareScreenshot(2014-11-08_04-04-35.jpg, 0, 0, 1080, 1920, 0, 1.0, 10)
captureDispatchKey( 0, 0, 0, 4, 0,0,0,0)
captureUserWait ( 120 )
captureDispatchKey( 0, 0, 1, 4, 0,0,0,0)
captureUserWait ( 1410 )

# back
compareScreenshot(2014-11-08_04-04-36.jpg, 0, 0, 1080, 1920, 0, 1.0, 10)
captureDispatchKey( 0, 0, 0, 4, 0,0,0,0)
captureUserWait ( 130 )
captureDispatchKey( 0, 0, 1, 4, 0,0,0,0)
captureUserWait ( 1947 )
compareScreenshot(2014-11-08_04-04-38.jpg, 0, 0, 1080, 1920, 0, 1.0, 10)
captureUserWait ( 1500 )
