type=raw events 1
count= 1
speed=1.0
start data >>

## enable-PM.txt
# launch phone call
RunCmd(am start -n com.android.contacts/.activities.DialtactsActivity --activity-single-top)
captureUserWait ( 1500 )
compareScreenshot(2014-11-08_04-24-41.jpg, 0, 0, 1080, 1920, 0, 1.0, 10)

# *
captureDispatchPointer( 96515351943000,96515351943000, 0, 90.915817, 1718.105103,0.20784314,0.06666667,0,0.0,0.0,65539,0, 0)
captureUserWait ( 16 )
captureDispatchPointer( 96515351943000,96515368150000, 1, 90.915817, 1718.105103,0.20784314,0.06666667,0,0.0,0.0,65539,0, 0)
captureUserWait ( 35 )

# #
captureDispatchPointer( 96515803659000,96515803659000, 0, 877.187805, 1707.110840,0.20784314,0.06666667,0,0.0,0.0,65539,0, 0)
captureUserWait ( 38 )
captureDispatchPointer( 96515803659000,96515841711000, 2, 877.187805, 1707.110840,0.20784314,0.06666667,0,0.0,0.0,65539,0, 0)
captureUserWait ( 8 )
captureDispatchPointer( 96515803659000,96515850150000, 2, 877.187805, 1707.110840,0.20784314,0.06666667,0,0.0,0.0,65539,0, 0)
captureUserWait ( 8 )
captureDispatchPointer( 96515803659000,96515858560000, 1, 877.187805, 1707.110840,0.20784314,0.06666667,0,0.0,0.0,65539,0, 0)
captureUserWait ( 48 )

# *
captureDispatchPointer( 96516266961000,96516266961000, 0, 101.905640, 1700.114502,0.20784314,0.06666667,0,0.0,0.0,65539,0, 0)
captureUserWait ( 64 )
captureDispatchPointer( 96516266961000,96516331297000, 2, 101.905640, 1700.114502,0.20784314,0.06666667,0,0.0,0.0,65539,0, 0)
captureUserWait ( 8 )
captureDispatchPointer( 96516266961000,96516339398000, 1, 101.905640, 1700.114502,0.20784314,0.06666667,0,0.0,0.0,65539,0, 0)
captureUserWait ( 43 )

# #
captureDispatchPointer( 96516682810000,96516682810000, 0, 880.184998, 1709.109741,0.20784314,0.06666667,0,0.0,0.0,65539,0, 0)
captureUserWait ( 73 )
captureDispatchPointer( 96516682810000,96516756588000, 2, 880.184998, 1709.109741,0.20784314,0.06666667,0,0.0,0.0,65539,0, 0)
captureUserWait ( 8 )
captureDispatchPointer( 96516682810000,96516764802000, 1, 880.184998, 1709.109741,0.20784314,0.06666667,0,0.0,0.0,65539,0, 0)
captureUserWait ( 51 )

# 7
captureDispatchPointer( 96517266080000,96517266080000, 0, 75.929695, 1554.190430,0.20784314,0.06666667,0,0.0,0.0,65539,0, 0)
captureUserWait ( 18 )
captureDispatchPointer( 96517266080000,96517284158000, 2, 75.929695, 1554.190430,0.20784314,0.06666667,0,0.0,0.0,65539,0, 0)
captureUserWait ( 18 )
captureDispatchPointer( 96517266080000,96517302659000, 2, 75.929695, 1554.190430,0.20784314,0.06666667,0,0.0,0.0,65539,0, 0)
captureUserWait ( 8 )
captureDispatchPointer( 96517266080000,96517311106000, 1, 75.929695, 1554.190430,0.20784314,0.06666667,0,0.0,0.0,65539,0, 0)
captureUserWait ( 43 )

# 9
captureDispatchPointer( 96517654249000,96517654249000, 0, 903.163757, 1557.188965,0.20784314,0.06666667,0,0.0,0.0,65539,0, 0)
captureUserWait ( 45 )
captureDispatchPointer( 96517654249000,96517700061000, 2, 903.163757, 1557.188965,0.20784314,0.06666667,0,0.0,0.0,65539,0, 0)
captureUserWait ( 17 )
captureDispatchPointer( 96517654249000,96517717676000, 1, 903.163757, 1557.188965,0.20784314,0.06666667,0,0.0,0.0,65539,0, 0)
captureUserWait ( 82 )

# 5
captureDispatchPointer( 96518200447000,96518200447000, 0, 600.444031, 1414.263428,0.20784314,0.06666667,0,0.0,0.0,65539,0, 0)
captureUserWait ( 8 )
captureDispatchPointer( 96518200447000,96518209123000, 2, 600.444031, 1414.263428,0.20784314,0.06666667,0,0.0,0.0,65539,0, 0)
captureUserWait ( 46 )
captureDispatchPointer( 96518200447000,96518255715000, 2, 600.444031, 1414.263428,0.20784314,0.06666667,0,0.0,0.0,65539,0, 0)
captureUserWait ( 9 )
captureDispatchPointer( 96518200447000,96518264973000, 2, 600.444031, 1415.262817,0.20784314,0.06666667,0,0.0,0.0,65539,0, 0)
captureUserWait ( 9 )
captureDispatchPointer( 96518200447000,96518274144000, 2, 600.444031, 1415.262817,0.20784314,0.06666667,0,0.0,0.0,65539,0, 0)
captureUserWait ( 8 )
captureDispatchPointer( 96518200447000,96518282356000, 1, 600.444031, 1415.262817,0.20784314,0.06666667,0,0.0,0.0,65539,0, 0)
captureUserWait ( 47 )

# #
captureDispatchPointer( 96518929520000,96518929520000, 0, 853.210022, 1716.106201,0.20784314,0.06666667,0,0.0,0.0,65539,0, 0)
captureUserWait ( 7 )
captureDispatchPointer( 96518929520000,96518937110000, 1, 853.210022, 1716.106201,0.20784314,0.06666667,0,0.0,0.0,65539,0, 0)
captureUserWait ( 55 )

# *
captureDispatchPointer( 96519392154000,96519392154000, 0, 97.909348, 1711.108765,0.20784314,0.06666667,0,0.0,0.0,65539,0, 0)
captureUserWait ( 8 )
captureDispatchPointer( 96519392154000,96519400544000, 2, 97.909348, 1711.108765,0.20784314,0.06666667,0,0.0,0.0,65539,0, 0)
captureUserWait ( 46 )
captureDispatchPointer( 96519392154000,96519447112000, 2, 97.909348, 1711.108765,0.20784314,0.06666667,0,0.0,0.0,65539,0, 0)
captureUserWait ( 26 )
captureDispatchPointer( 96519392154000,96519474032000, 1, 97.909348, 1711.108765,0.20784314,0.06666667,0,0.0,0.0,65539,0, 0)
captureUserWait ( 54 )

# #
captureDispatchPointer( 96519928947000,96519928947000, 0, 850.212769, 1697.116089,0.20784314,0.06666667,0,0.0,0.0,65539,0, 0)
captureUserWait ( 54 )
captureDispatchPointer( 96519928947000,96519983053000, 1, 850.212769, 1697.116089,0.20784314,0.06666667,0,0.0,0.0,65539,0, 0)
captureUserWait ( 48 )

# *
captureDispatchPointer( 96520391412000,96520391412000, 0, 83.922295, 1697.116089,0.20784314,0.06666667,0,0.0,0.0,65539,0, 0)
captureUserWait ( 45 )
captureDispatchPointer( 96520391412000,96520437181000, 2, 83.922295, 1697.116089,0.20784314,0.06666667,0,0.0,0.0,65539,0, 0)
captureUserWait ( 9 )
captureDispatchPointer( 96520391412000,96520446426000, 2, 83.922295, 1697.116089,0.20784314,0.06666667,0,0.0,0.0,65539,0, 0)
captureUserWait ( 8 )
captureDispatchPointer( 96520391412000,96520455162000, 1, 83.922295, 1697.116089,0.20784314,0.06666667,0,0.0,0.0,65539,0, 0)
captureUserWait ( 2034 )

# enable
compareScreenshot(2014-11-08_04-24-49.jpg, 0, 0, 1080, 1920, 0, 1.0, 10)
captureDispatchPointer( 96523189521000,96523189521000, 0, 969.102661, 184.903687,0.20784314,0.06666667,0,0.0,0.0,65539,0, 0)
captureUserWait ( 92 )
captureDispatchPointer( 96523189521000,96523282339000, 2, 969.102661, 184.903687,0.20784314,0.06666667,0,0.0,0.0,65539,0, 0)
captureUserWait ( 8 )
captureDispatchPointer( 96523189521000,96523290734000, 1, 969.102661, 184.903687,0.20784314,0.06666667,0,0.0,0.0,65539,0, 0)
captureUserWait ( 1184 )

# set upload time
compareScreenshot(2014-11-08_04-24-51.jpg, 0, 0, 1080, 1920, 0, 1.0, 10)
captureDispatchPointer( 96525474958000,96525474958000, 0, 511.526367, 1704.112427,0.20784314,0.06666667,0,0.0,0.0,65539,0, 0)
captureUserWait ( 55 )
captureDispatchPointer( 96525474958000,96525530509000, 2, 511.526367, 1704.112427,0.20784314,0.06666667,0,0.0,0.0,65539,0, 0)
captureUserWait ( 9 )
captureDispatchPointer( 96525474958000,96525539843000, 2, 511.526367, 1704.112427,0.20784314,0.06666667,0,0.0,0.0,65539,0, 0)
captureUserWait ( 9 )
captureDispatchPointer( 96525474958000,96525549332000, 2, 511.526367, 1704.112427,0.20784314,0.06666667,0,0.0,0.0,65539,0, 0)
captureUserWait ( 7 )
captureDispatchPointer( 96525474958000,96525557321000, 1, 511.526367, 1704.112427,0.20784314,0.06666667,0,0.0,0.0,65539,0, 0)
captureUserWait ( 1070 )

# hr
compareScreenshot(2014-11-08_04-24-53.jpg, 0, 0, 1080, 1920, 0, 1.0, 10)
captureDispatchPointer( 96527127375000,96527127375000, 0, 435.596680, 1047.454468,0.20784314,0.06666667,0,0.0,0.0,65539,0, 0)
captureUserWait ( 7 )
captureDispatchPointer( 96527127375000,96527135104000, 2, 435.596680, 1047.454468,0.20784314,0.06666667,0,0.0,0.0,65539,0, 0)
captureUserWait ( 37 )
captureDispatchPointer( 96527127375000,96527172389000, 2, 435.596680, 1047.454468,0.20784314,0.06666667,0,0.0,0.0,65539,0, 0)
captureUserWait ( 17 )
captureDispatchPointer( 96527127375000,96527190122000, 1, 435.596680, 1047.454468,0.20784314,0.06666667,0,0.0,0.0,65539,0, 0)
captureUserWait ( 496 )

# 6
compareScreenshot(2014-11-08_04-24-54.jpg, 0, 0, 1080, 1920, 0, 1.0, 10)
captureDispatchPointer( 96528386561000,96528386561000, 0, 714.338562, 1521.207642,0.20784314,0.06666667,0,0.0,0.0,65539,0, 0)
captureUserWait ( 9 )
captureDispatchPointer( 96528386561000,96528395783000, 2, 714.338562, 1521.207642,0.20784314,0.06666667,0,0.0,0.0,65539,0, 0)
captureUserWait ( 37 )
captureDispatchPointer( 96528386561000,96528432921000, 2, 714.338562, 1521.207642,0.20784314,0.06666667,0,0.0,0.0,65539,0, 0)
captureUserWait ( 8 )
captureDispatchPointer( 96528386561000,96528441309000, 1, 714.338562, 1521.207642,0.20784314,0.06666667,0,0.0,0.0,65539,0, 0)
captureUserWait ( 512 )

# next
compareScreenshot(2014-11-08_04-24-56.jpg, 0, 0, 1080, 1920, 0, 1.0, 10)
captureDispatchPointer( 96529953435000,96529953435000, 0, 999.074951, 1847.037964,0.20784314,0.06666667,0,0.0,0.0,65539,0, 0)
captureUserWait ( 27 )
captureDispatchPointer( 96529953435000,96529981029000, 2, 999.074951, 1847.037964,0.20784314,0.06666667,0,0.0,0.0,65539,0, 0)
captureUserWait ( 18 )
captureDispatchPointer( 96529953435000,96529999689000, 2, 999.074951, 1847.037964,0.20784314,0.06666667,0,0.0,0.0,65539,0, 0)
captureUserWait ( 9 )
captureDispatchPointer( 96529953435000,96530009008000, 2, 999.074951, 1847.037964,0.20784314,0.06666667,0,0.0,0.0,65539,0, 0)
captureUserWait ( 8 )
captureDispatchPointer( 96529953435000,96530017205000, 1, 999.074951, 1847.037964,0.20784314,0.06666667,0,0.0,0.0,65539,0, 0)
captureUserWait ( 1040 )

# min
compareScreenshot(2014-11-08_04-24-58.jpg, 0, 0, 1080, 1920, 0, 1.0, 10)
captureDispatchPointer( 96532257349000,96532257349000, 0, 687.363525, 1027.464844,0.20784314,0.06666667,0,0.0,0.0,65539,0, 0)
captureUserWait ( 35 )
captureDispatchPointer( 96532257349000,96532293008000, 2, 687.363525, 1027.464844,0.20784314,0.06666667,0,0.0,0.0,65539,0, 0)
captureUserWait ( 9 )
captureDispatchPointer( 96532257349000,96532302082000, 2, 687.363525, 1027.464844,0.20784314,0.06666667,0,0.0,0.0,65539,0, 0)
captureUserWait ( 8 )
captureDispatchPointer( 96532257349000,96532310282000, 1, 687.363525, 1027.464844,0.20784314,0.06666667,0,0.0,0.0,65539,0, 0)
captureUserWait ( 1053 )

# 5
compareScreenshot(2014-11-08_04-24-59.jpg, 0, 0, 1080, 1920, 0, 1.0, 10)
captureDispatchPointer( 96533463935000,96533463935000, 0, 470.564301, 1500.218628,0.20784314,0.06666667,0,0.0,0.0,65539,0, 0)
captureUserWait ( 92 )
captureDispatchPointer( 96533463935000,96533556279000, 2, 470.564301, 1500.218628,0.20784314,0.06666667,0,0.0,0.0,65539,0, 0)
captureUserWait ( 9 )
captureDispatchPointer( 96533463935000,96533565512000, 2, 470.564301, 1500.218628,0.20784314,0.06666667,0,0.0,0.0,65539,0, 0)
captureUserWait ( 8 )
captureDispatchPointer( 96533463935000,96533573717000, 1, 470.564301, 1500.218628,0.20784314,0.06666667,0,0.0,0.0,65539,0, 0)
captureUserWait ( 70 )

# 0
captureDispatchPointer( 96534277063000,96534277063000, 0, 463.570770, 1852.035400,0.20784314,0.06666667,0,0.0,0.0,65539,0, 0)
captureUserWait ( 81 )
captureDispatchPointer( 96534277063000,96534358926000, 1, 463.570770, 1852.035400,0.20784314,0.06666667,0,0.0,0.0,65539,0, 0)
captureUserWait ( 33 )
captureDispatchPointer( 96535192828000,96535192828000, 0, 977.095276, 1850.036377,0.20784314,0.06666667,0,0.0,0.0,65539,0, 0)
captureUserWait ( 8 )

# done
captureDispatchPointer( 96535192828000,96535201400000, 2, 977.095276, 1850.036377,0.20784314,0.06666667,0,0.0,0.0,65539,0, 0)
captureUserWait ( 65 )
captureDispatchPointer( 96535192828000,96535266559000, 2, 977.095276, 1850.036377,0.20784314,0.06666667,0,0.0,0.0,65539,0, 0)
captureUserWait ( 8 )
captureDispatchPointer( 96535192828000,96535275106000, 1, 977.095276, 1850.036377,0.20784314,0.06666667,0,0.0,0.0,65539,0, 0)
captureUserWait ( 1076 )

# done
compareScreenshot(2014-11-08_04-25-03.jpg, 0, 0, 1080, 1920, 0, 1.0, 10)
captureDispatchPointer( 96536651701000,96536651701000, 0, 561.480103, 1426.257080,0.20784314,0.06666667,0,0.0,0.0,65539,0, 0)
captureUserWait ( 8 )
captureDispatchPointer( 96536651701000,96536660286000, 2, 561.480103, 1426.257080,0.20784314,0.06666667,0,0.0,0.0,65539,0, 0)
captureUserWait ( 9 )
captureDispatchPointer( 96536651701000,96536669632000, 2, 561.480103, 1426.257080,0.20784314,0.06666667,0,0.0,0.0,65539,0, 0)
captureUserWait ( 9 )
captureDispatchPointer( 96536651701000,96536678932000, 2, 561.480103, 1427.256592,0.20784314,0.06666667,0,0.0,0.0,65539,0, 0)
captureUserWait ( 65 )
captureDispatchPointer( 96536651701000,96536744170000, 2, 561.480103, 1427.256592,0.20784314,0.06666667,0,0.0,0.0,65539,0, 0)
captureUserWait ( 9 )
captureDispatchPointer( 96536651701000,96536753493000, 2, 561.480103, 1427.256592,0.20784314,0.06666667,0,0.0,0.0,65539,0, 0)
captureUserWait ( 8 )
captureDispatchPointer( 96536651701000,96536761616000, 1, 561.480103, 1427.256592,0.20784314,0.06666667,0,0.0,0.0,65539,0, 0)
captureUserWait ( 1012 )

# back
compareScreenshot(2014-11-08_04-25-04.jpg, 0, 0, 1080, 1920, 0, 1.0, 10)
captureDispatchKey( 0, 0, 0, 4, 0,0,0,0)
captureUserWait ( 73 )
captureDispatchKey( 0, 0, 1, 4, 0,0,0,0)
captureUserWait ( 1002 )

# back
compareScreenshot(2014-11-08_04-25-06.jpg, 0, 0, 1080, 1920, 0, 1.0, 10)
captureDispatchKey( 0, 0, 0, 4, 0,0,0,0)
captureUserWait ( 21 )
captureDispatchKey( 0, 0, 1, 4, 0,0,0,0)
captureUserWait ( 1039 )
compareScreenshot(2014-11-08_04-25-08.jpg, 0, 0, 1080, 1920, 0, 1.0, 10)
captureUserWait ( 1500 )
