type=raw events 1
count= 1
speed=1.0
start data >>
RunCmd(am start -n com.android.settings/.Settings --activity-single-top)
captureUserWait ( 4500 )
compareScreenshot(2014-11-10_01-56-44.jpg, 0, 0, 1080, 1920, 0, 1.0, 10)
captureDispatchPointer( 222125170000,222125170000, 0, 749.306213, 1673.128540,0.20784314,0.06666667,0,0.0,0.0,65539,0, 0)
captureUserWait ( 36 )
captureDispatchPointer( 222125170000,222161996000, 2, 749.306213, 1673.128540,0.20784314,0.06666667,0,0.0,0.0,65539,0, 0)
captureUserWait ( 19 )
captureDispatchPointer( 222125170000,222181021000, 2, 749.306213, 1671.129639,0.20784314,0.06666667,0,0.0,0.0,65539,0, 0)
captureUserWait ( 9 )
captureDispatchPointer( 222125170000,222190552000, 2, 748.307129, 1666.132202,0.20784314,0.06666667,0,0.0,0.0,65539,0, 0)
captureUserWait ( 9 )
captureDispatchPointer( 222125170000,222199978000, 2, 747.308044, 1655.137939,0.20784314,0.06666667,0,0.0,0.0,65539,0, 0)
captureUserWait ( 9 )
captureDispatchPointer( 222125170000,222209476000, 2, 747.308044, 1639.146240,0.20784314,0.06666667,0,0.0,0.0,65539,0, 0)
captureUserWait ( 9 )
captureDispatchPointer( 222125170000,222218964000, 2, 746.308960, 1622.155029,0.20784314,0.06666667,0,0.0,0.0,65539,0, 0)
captureUserWait ( 9 )
captureDispatchPointer( 222125170000,222228540000, 2, 744.310852, 1604.164429,0.20784314,0.06666667,0,0.0,0.0,65539,0, 0)
captureUserWait ( 9 )
captureDispatchPointer( 222125170000,222237984000, 2, 743.311768, 1585.174316,0.20784314,0.06666667,0,0.0,0.0,65539,0, 0)
captureUserWait ( 9 )
captureDispatchPointer( 222125170000,222247469000, 2, 742.312683, 1566.184204,0.20784314,0.06666667,0,0.0,0.0,65539,0, 0)
captureUserWait ( 9 )
captureDispatchPointer( 222125170000,222256928000, 2, 742.312683, 1547.194092,0.20784314,0.06666667,0,0.0,0.0,65539,0, 0)
captureUserWait ( 9 )
captureDispatchPointer( 222125170000,222266441000, 2, 741.313599, 1528.203979,0.20784314,0.06666667,0,0.0,0.0,65539,0, 0)
captureUserWait ( 9 )
captureDispatchPointer( 222125170000,222276015000, 2, 743.311768, 1503.217041,0.20784314,0.06666667,0,0.0,0.0,65539,0, 0)
captureUserWait ( 9 )
captureDispatchPointer( 222125170000,222285470000, 2, 746.308960, 1471.233643,0.20784314,0.06666667,0,0.0,0.0,65539,0, 0)
captureUserWait ( 9 )
captureDispatchPointer( 222125170000,222294954000, 2, 751.304321, 1437.251343,0.20784314,0.06666667,0,0.0,0.0,65539,0, 0)
captureUserWait ( 9 )
captureDispatchPointer( 222125170000,222304505000, 2, 757.298828, 1398.271729,0.20784314,0.06666667,0,0.0,0.0,65539,0, 0)
captureUserWait ( 9 )
captureDispatchPointer( 222125170000,222313921000, 2, 762.294189, 1368.287354,0.20784314,0.06666667,0,0.0,0.0,65539,0, 0)
captureUserWait ( 9 )
captureDispatchPointer( 222125170000,222323493000, 2, 770.286804, 1326.309204,0.20784314,0.06666667,0,0.0,0.0,65539,0, 0)
captureUserWait ( 9 )
captureDispatchPointer( 222125170000,222332917000, 2, 775.282166, 1296.324829,0.20784314,0.06666667,0,0.0,0.0,65539,0, 0)
captureUserWait ( 9 )
captureDispatchPointer( 222125170000,222342475000, 2, 783.274780, 1258.344604,0.20784314,0.06666667,0,0.0,0.0,65539,0, 0)
captureUserWait ( 9 )
captureDispatchPointer( 222125170000,222351962000, 2, 790.268250, 1229.359619,0.20784314,0.06666667,0,0.0,0.0,65539,0, 0)
captureUserWait ( 9 )
captureDispatchPointer( 222125170000,222361556000, 2, 795.263672, 1202.373779,0.20784314,0.06666667,0,0.0,0.0,65539,0, 0)
captureUserWait ( 9 )
captureDispatchPointer( 222125170000,222370999000, 2, 802.257202, 1164.393555,0.20784314,0.06666667,0,0.0,0.0,65539,0, 0)
captureUserWait ( 9 )
captureDispatchPointer( 222125170000,222380499000, 2, 807.252563, 1142.405029,0.20784314,0.06666667,0,0.0,0.0,65539,0, 0)
captureUserWait ( 9 )
captureDispatchPointer( 222125170000,222390047000, 2, 814.246094, 1115.419067,0.20784314,0.06666667,0,0.0,0.0,65539,0, 0)
captureUserWait ( 9 )
captureDispatchPointer( 222125170000,222399527000, 2, 822.238647, 1084.435181,0.20784314,0.06666667,0,0.0,0.0,65539,0, 0)
captureUserWait ( 9 )
captureDispatchPointer( 222125170000,222408981000, 2, 829.232178, 1063.446045,0.20784314,0.06666667,0,0.0,0.0,65539,0, 0)
captureUserWait ( 9 )
captureDispatchPointer( 222125170000,222418525000, 2, 835.226624, 1042.457031,0.20784314,0.06666667,0,0.0,0.0,65539,0, 0)
captureUserWait ( 9 )
captureDispatchPointer( 222125170000,222428027000, 2, 841.221069, 1024.466431,0.20784314,0.06666667,0,0.0,0.0,65539,0, 0)
captureUserWait ( 9 )
captureDispatchPointer( 222125170000,222437457000, 2, 845.217407, 1011.473145,0.20784314,0.06666667,0,0.0,0.0,65539,0, 0)
captureUserWait ( 9 )
captureDispatchPointer( 222125170000,222446992000, 2, 847.215576, 1001.478394,0.20784314,0.06666667,0,0.0,0.0,65539,0, 0)
captureUserWait ( 9 )
captureDispatchPointer( 222125170000,222456464000, 2, 849.213684, 992.483032,0.20784314,0.06666667,0,0.0,0.0,65539,0, 0)
captureUserWait ( 9 )
captureDispatchPointer( 222125170000,222465995000, 2, 850.212769, 985.486694,0.20784314,0.06666667,0,0.0,0.0,65539,0, 0)
captureUserWait ( 9 )
captureDispatchPointer( 222125170000,222475483000, 2, 851.211853, 979.489807,0.20784314,0.06666667,0,0.0,0.0,65539,0, 0)
captureUserWait ( 9 )
captureDispatchPointer( 222125170000,222484989000, 2, 852.210938, 974.492432,0.20784314,0.06666667,0,0.0,0.0,65539,0, 0)
captureUserWait ( 9 )
captureDispatchPointer( 222125170000,222494514000, 2, 853.210022, 969.495056,0.20784314,0.06666667,0,0.0,0.0,65539,0, 0)
captureUserWait ( 9 )
captureDispatchPointer( 222125170000,222504007000, 2, 854.209045, 963.498169,0.20784314,0.06666667,0,0.0,0.0,65539,0, 0)
captureUserWait ( 9 )
captureDispatchPointer( 222125170000,222513601000, 2, 855.208130, 957.501282,0.20784314,0.06666667,0,0.0,0.0,65539,0, 0)
captureUserWait ( 9 )
captureDispatchPointer( 222125170000,222523086000, 2, 856.207214, 952.503906,0.20784314,0.06666667,0,0.0,0.0,65539,0, 0)
captureUserWait ( 9 )
captureDispatchPointer( 222125170000,222532593000, 2, 857.206299, 948.505981,0.20784314,0.06666667,0,0.0,0.0,65539,0, 0)
captureUserWait ( 9 )
captureDispatchPointer( 222125170000,222542223000, 2, 858.205383, 945.507507,0.20784314,0.06666667,0,0.0,0.0,65539,0, 0)
captureUserWait ( 9 )
captureDispatchPointer( 222125170000,222551634000, 2, 859.204468, 944.508057,0.20784314,0.06666667,0,0.0,0.0,65539,0, 0)
captureUserWait ( 9 )
captureDispatchPointer( 222125170000,222561073000, 2, 860.203491, 943.508545,0.20784314,0.06666667,0,0.0,0.0,65539,0, 0)
captureUserWait ( 8 )
captureDispatchPointer( 222125170000,222569384000, 1, 860.203491, 943.508545,0.20784314,0.06666667,0,0.0,0.0,65539,0, 0)
captureUserWait ( 368 )
captureDispatchPointer( 222938075000,222938075000, 0, 689.361694, 1776.074951,0.20784314,0.06666667,0,0.0,0.0,65539,0, 0)
captureUserWait ( 18 )
captureDispatchPointer( 222938075000,222956353000, 2, 689.361694, 1776.074951,0.20784314,0.06666667,0,0.0,0.0,65539,0, 0)
captureUserWait ( 38 )
captureDispatchPointer( 222938075000,222994369000, 2, 689.361694, 1776.074951,0.20784314,0.06666667,0,0.0,0.0,65539,0, 0)
captureUserWait ( 9 )
captureDispatchPointer( 222938075000,223004078000, 2, 689.361694, 1775.075439,0.20784314,0.06666667,0,0.0,0.0,65539,0, 0)
captureUserWait ( 9 )
captureDispatchPointer( 222938075000,223013550000, 2, 689.361694, 1772.077026,0.20784314,0.06666667,0,0.0,0.0,65539,0, 0)
captureUserWait ( 9 )
captureDispatchPointer( 222938075000,223022905000, 2, 689.361694, 1765.080688,0.20784314,0.06666667,0,0.0,0.0,65539,0, 0)
captureUserWait ( 9 )
captureDispatchPointer( 222938075000,223032382000, 2, 689.361694, 1751.087891,0.20784314,0.06666667,0,0.0,0.0,65539,0, 0)
captureUserWait ( 9 )
captureDispatchPointer( 222938075000,223041885000, 2, 689.361694, 1729.099365,0.20784314,0.06666667,0,0.0,0.0,65539,0, 0)
captureUserWait ( 9 )
captureDispatchPointer( 222938075000,223051396000, 2, 689.361694, 1701.114014,0.20784314,0.06666667,0,0.0,0.0,65539,0, 0)
captureUserWait ( 9 )
captureDispatchPointer( 222938075000,223060912000, 2, 689.361694, 1672.129028,0.20784314,0.06666667,0,0.0,0.0,65539,0, 0)
captureUserWait ( 9 )
captureDispatchPointer( 222938075000,223070424000, 2, 689.361694, 1644.143677,0.20784314,0.06666667,0,0.0,0.0,65539,0, 0)
captureUserWait ( 9 )
captureDispatchPointer( 222938075000,223079980000, 2, 690.360779, 1619.156616,0.20784314,0.06666667,0,0.0,0.0,65539,0, 0)
captureUserWait ( 9 )
captureDispatchPointer( 222938075000,223089400000, 2, 691.359863, 1593.170166,0.20784314,0.06666667,0,0.0,0.0,65539,0, 0)
captureUserWait ( 9 )
captureDispatchPointer( 222938075000,223098894000, 2, 694.357056, 1562.186279,0.20784314,0.06666667,0,0.0,0.0,65539,0, 0)
captureUserWait ( 9 )
captureDispatchPointer( 222938075000,223108503000, 2, 698.353394, 1531.202515,0.20784314,0.06666667,0,0.0,0.0,65539,0, 0)
captureUserWait ( 9 )
captureDispatchPointer( 222938075000,223117859000, 2, 704.347839, 1490.223755,0.20784314,0.06666667,0,0.0,0.0,65539,0, 0)
captureUserWait ( 9 )
captureDispatchPointer( 222938075000,223127415000, 2, 712.340454, 1454.242554,0.20784314,0.06666667,0,0.0,0.0,65539,0, 0)
captureUserWait ( 9 )
captureDispatchPointer( 222938075000,223136959000, 2, 720.333008, 1410.265503,0.20784314,0.06666667,0,0.0,0.0,65539,0, 0)
captureUserWait ( 9 )
captureDispatchPointer( 222938075000,223146446000, 2, 728.325623, 1376.283203,0.20784314,0.06666667,0,0.0,0.0,65539,0, 0)
captureUserWait ( 9 )
captureDispatchPointer( 222938075000,223155992000, 2, 736.318237, 1335.304443,0.20784314,0.06666667,0,0.0,0.0,65539,0, 0)
captureUserWait ( 9 )
captureDispatchPointer( 222938075000,223165489000, 2, 742.312683, 1304.320679,0.20784314,0.06666667,0,0.0,0.0,65539,0, 0)
captureUserWait ( 9 )
captureDispatchPointer( 222938075000,223174933000, 2, 747.308044, 1274.336304,0.20784314,0.06666667,0,0.0,0.0,65539,0, 0)
captureUserWait ( 9 )
captureDispatchPointer( 222938075000,223184389000, 2, 750.305298, 1240.354004,0.20784314,0.06666667,0,0.0,0.0,65539,0, 0)
captureUserWait ( 9 )
captureDispatchPointer( 222938075000,223193902000, 2, 753.302490, 1214.367432,0.20784314,0.06666667,0,0.0,0.0,65539,0, 0)
captureUserWait ( 9 )
captureDispatchPointer( 222938075000,223203547000, 2, 756.299744, 1178.386230,0.20784314,0.06666667,0,0.0,0.0,65539,0, 0)
captureUserWait ( 9 )
captureDispatchPointer( 222938075000,223212864000, 2, 758.297852, 1152.399780,0.20784314,0.06666667,0,0.0,0.0,65539,0, 0)
captureUserWait ( 9 )
captureDispatchPointer( 222938075000,223222427000, 2, 760.296021, 1133.409668,0.20784314,0.06666667,0,0.0,0.0,65539,0, 0)
captureUserWait ( 9 )
captureDispatchPointer( 222938075000,223231906000, 2, 762.294189, 1108.422729,0.20784314,0.06666667,0,0.0,0.0,65539,0, 0)
captureUserWait ( 9 )
captureDispatchPointer( 222938075000,223241459000, 2, 765.291382, 1085.434692,0.20784314,0.06666667,0,0.0,0.0,65539,0, 0)
captureUserWait ( 9 )
captureDispatchPointer( 222938075000,223251042000, 2, 768.288635, 1064.445557,0.20784314,0.06666667,0,0.0,0.0,65539,0, 0)
captureUserWait ( 9 )
captureDispatchPointer( 222938075000,223260432000, 2, 773.283997, 1037.459595,0.20784314,0.06666667,0,0.0,0.0,65539,0, 0)
captureUserWait ( 9 )
captureDispatchPointer( 222938075000,223269934000, 2, 776.281250, 1013.472107,0.20784314,0.06666667,0,0.0,0.0,65539,0, 0)
captureUserWait ( 9 )
captureDispatchPointer( 222938075000,223279416000, 2, 779.278442, 994.481995,0.20784314,0.06666667,0,0.0,0.0,65539,0, 0)
captureUserWait ( 9 )
captureDispatchPointer( 222938075000,223288947000, 2, 781.276611, 980.489319,0.20784314,0.06666667,0,0.0,0.0,65539,0, 0)
captureUserWait ( 9 )
captureDispatchPointer( 222938075000,223298485000, 2, 784.273804, 961.499207,0.20784314,0.06666667,0,0.0,0.0,65539,0, 0)
captureUserWait ( 9 )
captureDispatchPointer( 222938075000,223307835000, 2, 787.271057, 943.508545,0.20784314,0.06666667,0,0.0,0.0,65539,0, 0)
captureUserWait ( 9 )
captureDispatchPointer( 222938075000,223317350000, 2, 791.267334, 925.517944,0.20784314,0.06666667,0,0.0,0.0,65539,0, 0)
captureUserWait ( 9 )
captureDispatchPointer( 222938075000,223326878000, 2, 794.264587, 913.524170,0.20784314,0.06666667,0,0.0,0.0,65539,0, 0)
captureUserWait ( 9 )
captureDispatchPointer( 222938075000,223336348000, 2, 796.262695, 904.528870,0.20784314,0.06666667,0,0.0,0.0,65539,0, 0)
captureUserWait ( 9 )
captureDispatchPointer( 222938075000,223345884000, 2, 798.260864, 896.533020,0.20784314,0.06666667,0,0.0,0.0,65539,0, 0)
captureUserWait ( 9 )
captureDispatchPointer( 222938075000,223355410000, 2, 800.259033, 888.537170,0.20784314,0.06666667,0,0.0,0.0,65539,0, 0)
captureUserWait ( 9 )
captureDispatchPointer( 222938075000,223364871000, 2, 802.257202, 881.540833,0.20784314,0.06666667,0,0.0,0.0,65539,0, 0)
captureUserWait ( 9 )
captureDispatchPointer( 222938075000,223374378000, 2, 803.256226, 875.543945,0.20784314,0.06666667,0,0.0,0.0,65539,0, 0)
captureUserWait ( 9 )
captureDispatchPointer( 222938075000,223383965000, 2, 804.255310, 869.547119,0.20784314,0.06666667,0,0.0,0.0,65539,0, 0)
captureUserWait ( 9 )
captureDispatchPointer( 222938075000,223393387000, 2, 805.254395, 864.549683,0.20784314,0.06666667,0,0.0,0.0,65539,0, 0)
captureUserWait ( 9 )
captureDispatchPointer( 222938075000,223402967000, 2, 806.253479, 860.551758,0.20784314,0.06666667,0,0.0,0.0,65539,0, 0)
captureUserWait ( 9 )
captureDispatchPointer( 222938075000,223412372000, 2, 807.252563, 857.553345,0.20784314,0.06666667,0,0.0,0.0,65539,0, 0)
captureUserWait ( 9 )
captureDispatchPointer( 222938075000,223421852000, 2, 808.251648, 855.554382,0.20784314,0.06666667,0,0.0,0.0,65539,0, 0)
captureUserWait ( 9 )
captureDispatchPointer( 222938075000,223431393000, 2, 808.251648, 853.555420,0.20784314,0.06666667,0,0.0,0.0,65539,0, 0)
captureUserWait ( 9 )
captureDispatchPointer( 222938075000,223440893000, 2, 808.251648, 852.555969,0.20784314,0.06666667,0,0.0,0.0,65539,0, 0)
captureUserWait ( 9 )
captureDispatchPointer( 222938075000,223450435000, 2, 809.250671, 851.556458,0.20784314,0.06666667,0,0.0,0.0,65539,0, 0)
captureUserWait ( 9 )
captureDispatchPointer( 222938075000,223459864000, 2, 809.250671, 850.557007,0.20784314,0.06666667,0,0.0,0.0,65539,0, 0)
captureUserWait ( 9 )
captureDispatchPointer( 222938075000,223469410000, 2, 809.250671, 849.557495,0.20784314,0.06666667,0,0.0,0.0,65539,0, 0)
captureUserWait ( 28 )
captureDispatchPointer( 222938075000,223497894000, 2, 810.249756, 849.557495,0.20784314,0.06666667,0,0.0,0.0,65539,0, 0)
captureUserWait ( 9 )
captureDispatchPointer( 222938075000,223507564000, 2, 811.248840, 849.557495,0.20784314,0.06666667,0,0.0,0.0,65539,0, 0)
captureUserWait ( 9 )
captureDispatchPointer( 222938075000,223516887000, 2, 812.247925, 849.557495,0.20784314,0.06666667,0,0.0,0.0,65539,0, 0)
captureUserWait ( 9 )
captureDispatchPointer( 222938075000,223526371000, 2, 813.247009, 849.557495,0.20784314,0.06666667,0,0.0,0.0,65539,0, 0)
captureUserWait ( 8 )
captureDispatchPointer( 222938075000,223534686000, 1, 813.247009, 849.557495,0.20784314,0.06666667,0,0.0,0.0,65539,0, 0)
captureUserWait ( 696 )
captureDispatchPointer( 224231448000,224231448000, 0, 653.395020, 1022.467468,0.20784314,0.06666667,0,0.0,0.0,65539,0, 0)
captureUserWait ( 46 )
captureDispatchPointer( 224231448000,224278366000, 2, 653.395020, 1022.467468,0.20784314,0.06666667,0,0.0,0.0,65539,0, 0)
captureUserWait ( 28 )
captureDispatchPointer( 224231448000,224307018000, 2, 653.395020, 1022.467468,0.20784314,0.06666667,0,0.0,0.0,65539,0, 0)
captureUserWait ( 37 )
captureDispatchPointer( 224231448000,224344566000, 2, 653.395020, 1022.467468,0.20784314,0.06666667,0,0.0,0.0,65539,0, 0)
captureUserWait ( 8 )
captureDispatchPointer( 224231448000,224352899000, 1, 653.395020, 1022.467468,0.20784314,0.06666667,0,0.0,0.0,65539,0, 0)
captureUserWait ( 1634 )
compareScreenshot(2014-11-10_01-56-48.jpg, 0, 0, 1080, 1920, 0, 1.0, 10)
captureDispatchPointer( 225986993000,225986993000, 0, 721.332092, 392.795410,0.20784314,0.06666667,0,0.0,0.0,65539,0, 0)
captureUserWait ( 56 )
captureDispatchPointer( 225986993000,226043926000, 2, 721.332092, 392.795410,0.20784314,0.06666667,0,0.0,0.0,65539,0, 0)
captureUserWait ( 8 )
captureDispatchPointer( 225986993000,226052480000, 1, 721.332092, 392.795410,0.20784314,0.06666667,0,0.0,0.0,65539,0, 0)
captureUserWait ( 1501 )
compareScreenshot(2014-11-10_01-56-49.jpg, 0, 0, 1080, 1920, 0, 1.0, 10)
captureDispatchPointer( 227554082000,227554082000, 0, 633.413513, 514.731873,0.20784314,0.06666667,0,0.0,0.0,65539,0, 0)
captureUserWait ( 93 )
captureDispatchPointer( 227554082000,227647952000, 1, 633.413513, 514.731873,0.20784314,0.06666667,0,0.0,0.0,65539,0, 0)
captureUserWait ( 1842 )
compareScreenshot(2014-11-10_01-56-51.jpg, 0, 0, 1080, 1920, 0, 1.0, 10)
captureDispatchKey( 0, 0, 0, 4, 0,0,0,0)
captureUserWait ( 180 )
captureDispatchKey( 0, 0, 1, 4, 0,0,0,0)
captureUserWait ( 698 )
captureDispatchKey( 0, 0, 0, 4, 0,0,0,0)
captureUserWait ( 152 )
captureDispatchKey( 0, 0, 1, 4, 0,0,0,0)
captureUserWait ( 1768 )
compareScreenshot(2014-11-10_01-56-56.jpg, 0, 0, 1080, 1920, 0, 1.0, 10)
captureUserWait ( 1500 )
