type=raw events 1
count= 1
speed=1.0
start data >>

## enable-auto-date.txt
RunCmd(am start -n com.android.settings/.Settings --activity-single-top)
captureUserWait ( 4500 )
compareScreenshot(2014-11-14_02-47-53.jpg, 0, 0, 1080, 1920, 0, 1.0, 10)
captureDispatchPointer( 315623284000,315623284000, 0, 681.369080, 1703.112915,0.20784314,0.06666667,0,0.0,0.0,65539,0, 0)
captureUserWait ( 8 )
captureDispatchPointer( 315623284000,315631644000, 2, 681.369080, 1700.114502,0.20784314,0.06666667,0,0.0,0.0,65539,0, 0)
captureUserWait ( 9 )
captureDispatchPointer( 315623284000,315640680000, 2, 682.368164, 1693.118164,0.20784314,0.06666667,0,0.0,0.0,65539,0, 0)
captureUserWait ( 9 )
captureDispatchPointer( 315623284000,315649956000, 2, 683.367249, 1679.125366,0.20784314,0.06666667,0,0.0,0.0,65539,0, 0)
captureUserWait ( 9 )
captureDispatchPointer( 315623284000,315659293000, 2, 684.366333, 1661.134766,0.20784314,0.06666667,0,0.0,0.0,65539,0, 0)
captureUserWait ( 9 )
captureDispatchPointer( 315623284000,315668602000, 2, 685.365417, 1643.144165,0.20784314,0.06666667,0,0.0,0.0,65539,0, 0)
captureUserWait ( 10 )
captureDispatchPointer( 315623284000,315678683000, 2, 687.363525, 1624.154053,0.20784314,0.06666667,0,0.0,0.0,65539,0, 0)
captureUserWait ( 8 )
captureDispatchPointer( 315623284000,315687270000, 2, 689.361694, 1595.169189,0.20784314,0.06666667,0,0.0,0.0,65539,0, 0)
captureUserWait ( 9 )
captureDispatchPointer( 315623284000,315696591000, 2, 692.358948, 1569.182739,0.20784314,0.06666667,0,0.0,0.0,65539,0, 0)
captureUserWait ( 9 )
captureDispatchPointer( 315623284000,315705902000, 2, 695.356140, 1542.196777,0.20784314,0.06666667,0,0.0,0.0,65539,0, 0)
captureUserWait ( 9 )
captureDispatchPointer( 315623284000,315715248000, 2, 699.352478, 1509.213867,0.20784314,0.06666667,0,0.0,0.0,65539,0, 0)
captureUserWait ( 9 )
captureDispatchPointer( 315623284000,315724505000, 2, 703.348755, 1482.228027,0.20784314,0.06666667,0,0.0,0.0,65539,0, 0)
captureUserWait ( 9 )
captureDispatchPointer( 315623284000,315733911000, 2, 707.345032, 1447.246216,0.20784314,0.06666667,0,0.0,0.0,65539,0, 0)
captureUserWait ( 9 )
captureDispatchPointer( 315623284000,315743179000, 2, 711.341370, 1416.262329,0.20784314,0.06666667,0,0.0,0.0,65539,0, 0)
captureUserWait ( 9 )
captureDispatchPointer( 315623284000,315752558000, 2, 715.337646, 1380.281128,0.20784314,0.06666667,0,0.0,0.0,65539,0, 0)
captureUserWait ( 9 )
captureDispatchPointer( 315623284000,315761899000, 2, 719.333984, 1340.301880,0.20784314,0.06666667,0,0.0,0.0,65539,0, 0)
captureUserWait ( 9 )
captureDispatchPointer( 315623284000,315771227000, 2, 722.331177, 1299.323242,0.20784314,0.06666667,0,0.0,0.0,65539,0, 0)
captureUserWait ( 9 )
captureDispatchPointer( 315623284000,315780528000, 2, 725.328430, 1256.345581,0.20784314,0.06666667,0,0.0,0.0,65539,0, 0)
captureUserWait ( 9 )
captureDispatchPointer( 315623284000,315789825000, 2, 728.325623, 1208.370605,0.20784314,0.06666667,0,0.0,0.0,65539,0, 0)
captureUserWait ( 9 )
captureDispatchPointer( 315623284000,315799135000, 2, 732.321899, 1161.395020,0.20784314,0.06666667,0,0.0,0.0,65539,0, 0)
captureUserWait ( 9 )
captureDispatchPointer( 315623284000,315808437000, 2, 739.315430, 1106.423706,0.20784314,0.06666667,0,0.0,0.0,65539,0, 0)
captureUserWait ( 9 )
captureDispatchPointer( 315623284000,315817740000, 2, 745.309875, 1054.450806,0.20784314,0.06666667,0,0.0,0.0,65539,0, 0)
captureUserWait ( 9 )
captureDispatchPointer( 315623284000,315827005000, 2, 752.303406, 1013.472107,0.20784314,0.06666667,0,0.0,0.0,65539,0, 0)
captureUserWait ( 9 )
captureDispatchPointer( 315623284000,315836282000, 2, 760.296021, 969.495056,0.20784314,0.06666667,0,0.0,0.0,65539,0, 0)
captureUserWait ( 9 )
captureDispatchPointer( 315623284000,315845578000, 2, 767.289551, 933.513794,0.20784314,0.06666667,0,0.0,0.0,65539,0, 0)
captureUserWait ( 9 )
captureDispatchPointer( 315623284000,315854892000, 2, 775.282166, 891.535645,0.20784314,0.06666667,0,0.0,0.0,65539,0, 0)
captureUserWait ( 9 )
captureDispatchPointer( 315623284000,315864283000, 2, 783.274780, 852.555969,0.20784314,0.06666667,0,0.0,0.0,65539,0, 0)
captureUserWait ( 9 )
captureDispatchPointer( 315623284000,315873594000, 2, 790.268250, 812.576782,0.20784314,0.06666667,0,0.0,0.0,65539,0, 0)
captureUserWait ( 9 )
captureDispatchPointer( 315623284000,315882922000, 2, 797.261780, 771.598083,0.20784314,0.06666667,0,0.0,0.0,65539,0, 0)
captureUserWait ( 9 )
captureDispatchPointer( 315623284000,315892276000, 2, 803.256226, 731.618958,0.20784314,0.06666667,0,0.0,0.0,65539,0, 0)
captureUserWait ( 9 )
captureDispatchPointer( 315623284000,315901559000, 2, 809.250671, 690.640259,0.20784314,0.06666667,0,0.0,0.0,65539,0, 0)
captureUserWait ( 9 )
captureDispatchPointer( 315623284000,315910896000, 2, 816.244202, 653.659546,0.20784314,0.06666667,0,0.0,0.0,65539,0, 0)
captureUserWait ( 9 )
captureDispatchPointer( 315623284000,315920179000, 2, 821.239624, 620.676697,0.20784314,0.06666667,0,0.0,0.0,65539,0, 0)
captureUserWait ( 9 )
captureDispatchPointer( 315623284000,315929492000, 2, 827.234070, 593.690796,0.20784314,0.06666667,0,0.0,0.0,65539,0, 0)
captureUserWait ( 9 )
captureDispatchPointer( 315623284000,315938793000, 2, 831.230347, 571.702209,0.20784314,0.06666667,0,0.0,0.0,65539,0, 0)
captureUserWait ( 9 )
captureDispatchPointer( 315623284000,315948042000, 2, 834.227600, 555.710571,0.20784314,0.06666667,0,0.0,0.0,65539,0, 0)
captureUserWait ( 9 )
captureDispatchPointer( 315623284000,315957337000, 2, 837.224792, 541.717834,0.20784314,0.06666667,0,0.0,0.0,65539,0, 0)
captureUserWait ( 9 )
captureDispatchPointer( 315623284000,315966732000, 2, 840.222046, 528.724609,0.20784314,0.06666667,0,0.0,0.0,65539,0, 0)
captureUserWait ( 9 )
captureDispatchPointer( 315623284000,315976049000, 2, 842.220154, 515.731384,0.20784314,0.06666667,0,0.0,0.0,65539,0, 0)
captureUserWait ( 9 )
captureDispatchPointer( 315623284000,315985298000, 2, 844.218323, 505.736572,0.20784314,0.06666667,0,0.0,0.0,65539,0, 0)
captureUserWait ( 9 )
captureDispatchPointer( 315623284000,315994851000, 2, 846.216492, 498.740234,0.20784314,0.06666667,0,0.0,0.0,65539,0, 0)
captureUserWait ( 9 )
captureDispatchPointer( 315623284000,316004001000, 2, 847.215576, 492.743347,0.20784314,0.06666667,0,0.0,0.0,65539,0, 0)
captureUserWait ( 9 )
captureDispatchPointer( 315623284000,316013305000, 2, 848.214600, 487.745941,0.20784314,0.06666667,0,0.0,0.0,65539,0, 0)
captureUserWait ( 9 )
captureDispatchPointer( 315623284000,316022626000, 2, 849.213684, 483.748047,0.20784314,0.06666667,0,0.0,0.0,65539,0, 0)
captureUserWait ( 9 )
captureDispatchPointer( 315623284000,316031957000, 2, 850.212769, 480.749603,0.20784314,0.06666667,0,0.0,0.0,65539,0, 0)
captureUserWait ( 9 )
captureDispatchPointer( 315623284000,316041342000, 2, 850.212769, 477.751160,0.20784314,0.06666667,0,0.0,0.0,65539,0, 0)
captureUserWait ( 9 )
captureDispatchPointer( 315623284000,316050586000, 2, 850.212769, 475.752197,0.20784314,0.06666667,0,0.0,0.0,65539,0, 0)
captureUserWait ( 9 )
captureDispatchPointer( 315623284000,316059933000, 2, 850.212769, 474.752716,0.20784314,0.06666667,0,0.0,0.0,65539,0, 0)
captureUserWait ( 17 )
captureDispatchPointer( 315623284000,316077675000, 1, 850.212769, 474.752716,0.20784314,0.06666667,0,0.0,0.0,65539,0, 0)
captureUserWait ( 454 )
captureDispatchPointer( 316532258000,316532258000, 0, 730.323792, 1691.119141,0.20784314,0.06666667,0,0.0,0.0,65539,0, 0)
captureUserWait ( 8 )
captureDispatchPointer( 316532258000,316540766000, 2, 730.323792, 1691.119141,0.20784314,0.06666667,0,0.0,0.0,65539,0, 0)
captureUserWait ( 9 )
captureDispatchPointer( 316532258000,316550184000, 2, 730.323792, 1689.120239,0.20784314,0.06666667,0,0.0,0.0,65539,0, 0)
captureUserWait ( 9 )
captureDispatchPointer( 316532258000,316559466000, 2, 730.323792, 1684.122803,0.20784314,0.06666667,0,0.0,0.0,65539,0, 0)
captureUserWait ( 9 )
captureDispatchPointer( 316532258000,316568829000, 2, 730.323792, 1672.129028,0.20784314,0.06666667,0,0.0,0.0,65539,0, 0)
captureUserWait ( 9 )
captureDispatchPointer( 316532258000,316578180000, 2, 731.322876, 1656.137329,0.20784314,0.06666667,0,0.0,0.0,65539,0, 0)
captureUserWait ( 9 )
captureDispatchPointer( 316532258000,316587451000, 2, 732.321899, 1637.147339,0.20784314,0.06666667,0,0.0,0.0,65539,0, 0)
captureUserWait ( 9 )
captureDispatchPointer( 316532258000,316596724000, 2, 733.320984, 1618.157227,0.20784314,0.06666667,0,0.0,0.0,65539,0, 0)
captureUserWait ( 9 )
captureDispatchPointer( 316532258000,316606191000, 2, 735.319153, 1594.169678,0.20784314,0.06666667,0,0.0,0.0,65539,0, 0)
captureUserWait ( 9 )
captureDispatchPointer( 316532258000,316615435000, 2, 738.316406, 1568.183228,0.20784314,0.06666667,0,0.0,0.0,65539,0, 0)
captureUserWait ( 9 )
captureDispatchPointer( 316532258000,316624713000, 2, 739.315430, 1542.196777,0.20784314,0.06666667,0,0.0,0.0,65539,0, 0)
captureUserWait ( 9 )
captureDispatchPointer( 316532258000,316634052000, 2, 741.313599, 1512.212402,0.20784314,0.06666667,0,0.0,0.0,65539,0, 0)
captureUserWait ( 9 )
captureDispatchPointer( 316532258000,316643346000, 2, 743.311768, 1483.227417,0.20784314,0.06666667,0,0.0,0.0,65539,0, 0)
captureUserWait ( 9 )
captureDispatchPointer( 316532258000,316652730000, 2, 744.310852, 1453.243042,0.20784314,0.06666667,0,0.0,0.0,65539,0, 0)
captureUserWait ( 9 )
captureDispatchPointer( 316532258000,316662007000, 2, 746.308960, 1421.259766,0.20784314,0.06666667,0,0.0,0.0,65539,0, 0)
captureUserWait ( 9 )
captureDispatchPointer( 316532258000,316671268000, 2, 747.308044, 1390.275879,0.20784314,0.06666667,0,0.0,0.0,65539,0, 0)
captureUserWait ( 9 )
captureDispatchPointer( 316532258000,316680586000, 2, 749.306213, 1352.295654,0.20784314,0.06666667,0,0.0,0.0,65539,0, 0)
captureUserWait ( 9 )
captureDispatchPointer( 316532258000,316689850000, 2, 752.303406, 1317.313843,0.20784314,0.06666667,0,0.0,0.0,65539,0, 0)
captureUserWait ( 9 )
captureDispatchPointer( 316532258000,316699160000, 2, 755.300659, 1274.336304,0.20784314,0.06666667,0,0.0,0.0,65539,0, 0)
captureUserWait ( 9 )
captureDispatchPointer( 316532258000,316708489000, 2, 759.296936, 1235.356567,0.20784314,0.06666667,0,0.0,0.0,65539,0, 0)
captureUserWait ( 9 )
captureDispatchPointer( 316532258000,316717795000, 2, 764.292297, 1191.379517,0.20784314,0.06666667,0,0.0,0.0,65539,0, 0)
captureUserWait ( 9 )
captureDispatchPointer( 316532258000,316727082000, 2, 768.288635, 1156.397705,0.20784314,0.06666667,0,0.0,0.0,65539,0, 0)
captureUserWait ( 9 )
captureDispatchPointer( 316532258000,316736396000, 2, 774.283081, 1116.418457,0.20784314,0.06666667,0,0.0,0.0,65539,0, 0)
captureUserWait ( 9 )
captureDispatchPointer( 316532258000,316745747000, 2, 778.279358, 1082.436157,0.20784314,0.06666667,0,0.0,0.0,65539,0, 0)
captureUserWait ( 9 )
captureDispatchPointer( 316532258000,316755066000, 2, 782.275696, 1041.457520,0.20784314,0.06666667,0,0.0,0.0,65539,0, 0)
captureUserWait ( 9 )
captureDispatchPointer( 316532258000,316764445000, 2, 787.271057, 1005.476318,0.20784314,0.06666667,0,0.0,0.0,65539,0, 0)
captureUserWait ( 9 )
captureDispatchPointer( 316532258000,316773742000, 2, 791.267334, 966.496582,0.20784314,0.06666667,0,0.0,0.0,65539,0, 0)
captureUserWait ( 9 )
captureDispatchPointer( 316532258000,316783086000, 2, 795.263672, 925.517944,0.20784314,0.06666667,0,0.0,0.0,65539,0, 0)
captureUserWait ( 9 )
captureDispatchPointer( 316532258000,316792361000, 2, 800.259033, 884.539307,0.20784314,0.06666667,0,0.0,0.0,65539,0, 0)
captureUserWait ( 9 )
captureDispatchPointer( 316532258000,316801739000, 2, 805.254395, 844.560120,0.20784314,0.06666667,0,0.0,0.0,65539,0, 0)
captureUserWait ( 9 )
captureDispatchPointer( 316532258000,316811197000, 2, 810.249756, 810.577820,0.20784314,0.06666667,0,0.0,0.0,65539,0, 0)
captureUserWait ( 9 )
captureDispatchPointer( 316532258000,316820317000, 2, 814.246094, 776.595520,0.20784314,0.06666667,0,0.0,0.0,65539,0, 0)
captureUserWait ( 9 )
captureDispatchPointer( 316532258000,316829623000, 2, 819.241455, 743.612671,0.20784314,0.06666667,0,0.0,0.0,65539,0, 0)
captureUserWait ( 9 )
captureDispatchPointer( 316532258000,316838850000, 2, 824.236816, 713.628296,0.20784314,0.06666667,0,0.0,0.0,65539,0, 0)
captureUserWait ( 9 )
captureDispatchPointer( 316532258000,316848318000, 2, 826.234985, 684.643372,0.20784314,0.06666667,0,0.0,0.0,65539,0, 0)
captureUserWait ( 9 )
captureDispatchPointer( 316532258000,316857560000, 2, 829.232178, 656.657959,0.20784314,0.06666667,0,0.0,0.0,65539,0, 0)
captureUserWait ( 9 )
captureDispatchPointer( 316532258000,316866789000, 2, 831.230347, 629.672058,0.20784314,0.06666667,0,0.0,0.0,65539,0, 0)
captureUserWait ( 9 )
captureDispatchPointer( 316532258000,316876148000, 2, 832.229431, 599.687622,0.20784314,0.06666667,0,0.0,0.0,65539,0, 0)
captureUserWait ( 9 )
captureDispatchPointer( 316532258000,316885433000, 2, 833.228516, 572.701721,0.20784314,0.06666667,0,0.0,0.0,65539,0, 0)
captureUserWait ( 9 )
captureDispatchPointer( 316532258000,316894717000, 2, 834.227600, 550.713135,0.20784314,0.06666667,0,0.0,0.0,65539,0, 0)
captureUserWait ( 9 )
captureDispatchPointer( 316532258000,316904167000, 2, 834.227600, 529.724060,0.20784314,0.06666667,0,0.0,0.0,65539,0, 0)
captureUserWait ( 9 )
captureDispatchPointer( 316532258000,316913392000, 2, 835.226624, 512.732910,0.20784314,0.06666667,0,0.0,0.0,65539,0, 0)
captureUserWait ( 9 )
captureDispatchPointer( 316532258000,316922666000, 2, 835.226624, 499.739716,0.20784314,0.06666667,0,0.0,0.0,65539,0, 0)
captureUserWait ( 9 )
captureDispatchPointer( 316532258000,316931995000, 2, 836.225708, 487.745941,0.20784314,0.06666667,0,0.0,0.0,65539,0, 0)
captureUserWait ( 9 )
captureDispatchPointer( 316532258000,316941306000, 2, 836.225708, 478.750641,0.20784314,0.06666667,0,0.0,0.0,65539,0, 0)
captureUserWait ( 9 )
captureDispatchPointer( 316532258000,316950668000, 2, 836.225708, 470.754791,0.20784314,0.06666667,0,0.0,0.0,65539,0, 0)
captureUserWait ( 9 )
captureDispatchPointer( 316532258000,316959928000, 2, 836.225708, 464.757935,0.20784314,0.06666667,0,0.0,0.0,65539,0, 0)
captureUserWait ( 9 )
captureDispatchPointer( 316532258000,316969300000, 2, 836.225708, 458.761047,0.20784314,0.06666667,0,0.0,0.0,65539,0, 0)
captureUserWait ( 9 )
captureDispatchPointer( 316532258000,316978583000, 2, 836.225708, 453.763641,0.20784314,0.06666667,0,0.0,0.0,65539,0, 0)
captureUserWait ( 9 )
captureDispatchPointer( 316532258000,316987896000, 2, 836.225708, 449.765747,0.20784314,0.06666667,0,0.0,0.0,65539,0, 0)
captureUserWait ( 9 )
captureDispatchPointer( 316532258000,316997207000, 2, 836.225708, 446.767303,0.20784314,0.06666667,0,0.0,0.0,65539,0, 0)
captureUserWait ( 9 )
captureDispatchPointer( 316532258000,317006528000, 2, 836.225708, 444.768341,0.20784314,0.06666667,0,0.0,0.0,65539,0, 0)
captureUserWait ( 9 )
captureDispatchPointer( 316532258000,317015813000, 2, 836.225708, 442.769379,0.20784314,0.06666667,0,0.0,0.0,65539,0, 0)
captureUserWait ( 9 )
captureDispatchPointer( 316532258000,317025134000, 2, 836.225708, 441.769897,0.20784314,0.06666667,0,0.0,0.0,65539,0, 0)
captureUserWait ( 18 )
captureDispatchPointer( 316532258000,317043808000, 2, 836.225708, 441.769897,0.20784314,0.06666667,0,0.0,0.0,65539,0, 0)
captureUserWait ( 17 )
captureDispatchPointer( 316532258000,317061410000, 1, 836.225708, 441.769897,0.20784314,0.06666667,0,0.0,0.0,65539,0, 0)
captureUserWait ( 482 )
captureDispatchPointer( 317544024000,317544024000, 0, 672.377441, 1713.107666,0.20784314,0.06666667,0,0.0,0.0,65539,0, 0)
captureUserWait ( 17 )
captureDispatchPointer( 317544024000,317561827000, 2, 672.377441, 1713.107666,0.20784314,0.06666667,0,0.0,0.0,65539,0, 0)
captureUserWait ( 9 )
captureDispatchPointer( 317544024000,317571190000, 2, 673.376526, 1711.108765,0.20784314,0.06666667,0,0.0,0.0,65539,0, 0)
captureUserWait ( 9 )
captureDispatchPointer( 317544024000,317580653000, 2, 674.375610, 1707.110840,0.20784314,0.06666667,0,0.0,0.0,65539,0, 0)
captureUserWait ( 9 )
captureDispatchPointer( 317544024000,317589783000, 2, 676.373718, 1699.114990,0.20784314,0.06666667,0,0.0,0.0,65539,0, 0)
captureUserWait ( 9 )
captureDispatchPointer( 317544024000,317599102000, 2, 678.371887, 1686.121826,0.20784314,0.06666667,0,0.0,0.0,65539,0, 0)
captureUserWait ( 9 )
captureDispatchPointer( 317544024000,317608401000, 2, 680.370056, 1665.132690,0.20784314,0.06666667,0,0.0,0.0,65539,0, 0)
captureUserWait ( 9 )
captureDispatchPointer( 317544024000,317617789000, 2, 682.368164, 1644.143677,0.20784314,0.06666667,0,0.0,0.0,65539,0, 0)
captureUserWait ( 9 )
captureDispatchPointer( 317544024000,317627037000, 2, 683.367249, 1622.155029,0.20784314,0.06666667,0,0.0,0.0,65539,0, 0)
captureUserWait ( 9 )
captureDispatchPointer( 317544024000,317636515000, 2, 684.366333, 1593.170166,0.20784314,0.06666667,0,0.0,0.0,65539,0, 0)
captureUserWait ( 9 )
captureDispatchPointer( 317544024000,317645733000, 2, 685.365417, 1569.182739,0.20784314,0.06666667,0,0.0,0.0,65539,0, 0)
captureUserWait ( 9 )
captureDispatchPointer( 317544024000,317655013000, 2, 687.363525, 1545.195190,0.20784314,0.06666667,0,0.0,0.0,65539,0, 0)
captureUserWait ( 9 )
captureDispatchPointer( 317544024000,317664336000, 2, 689.361694, 1514.211304,0.20784314,0.06666667,0,0.0,0.0,65539,0, 0)
captureUserWait ( 9 )
captureDispatchPointer( 317544024000,317673607000, 2, 691.359863, 1486.225830,0.20784314,0.06666667,0,0.0,0.0,65539,0, 0)
captureUserWait ( 9 )
captureDispatchPointer( 317544024000,317683251000, 2, 694.357056, 1456.241455,0.20784314,0.06666667,0,0.0,0.0,65539,0, 0)
captureUserWait ( 9 )
captureDispatchPointer( 317544024000,317692258000, 2, 697.354309, 1422.259155,0.20784314,0.06666667,0,0.0,0.0,65539,0, 0)
captureUserWait ( 9 )
captureDispatchPointer( 317544024000,317701634000, 2, 699.352478, 1390.275879,0.20784314,0.06666667,0,0.0,0.0,65539,0, 0)
captureUserWait ( 9 )
captureDispatchPointer( 317544024000,317710900000, 2, 702.349670, 1351.296143,0.20784314,0.06666667,0,0.0,0.0,65539,0, 0)
captureUserWait ( 9 )
captureDispatchPointer( 317544024000,317720204000, 2, 705.346924, 1318.313354,0.20784314,0.06666667,0,0.0,0.0,65539,0, 0)
captureUserWait ( 9 )
captureDispatchPointer( 317544024000,317729594000, 2, 709.343201, 1277.334717,0.20784314,0.06666667,0,0.0,0.0,65539,0, 0)
captureUserWait ( 9 )
captureDispatchPointer( 317544024000,317739049000, 2, 713.339478, 1241.353394,0.20784314,0.06666667,0,0.0,0.0,65539,0, 0)
captureUserWait ( 9 )
captureDispatchPointer( 317544024000,317748223000, 2, 719.333984, 1201.374268,0.20784314,0.06666667,0,0.0,0.0,65539,0, 0)
captureUserWait ( 9 )
captureDispatchPointer( 317544024000,317757570000, 2, 726.327454, 1161.395020,0.20784314,0.06666667,0,0.0,0.0,65539,0, 0)
captureUserWait ( 9 )
captureDispatchPointer( 317544024000,317766850000, 2, 735.319153, 1116.418457,0.20784314,0.06666667,0,0.0,0.0,65539,0, 0)
captureUserWait ( 9 )
captureDispatchPointer( 317544024000,317776156000, 2, 744.310852, 1071.441895,0.20784314,0.06666667,0,0.0,0.0,65539,0, 0)
captureUserWait ( 9 )
captureDispatchPointer( 317544024000,317785418000, 2, 755.300659, 1021.467957,0.20784314,0.06666667,0,0.0,0.0,65539,0, 0)
captureUserWait ( 9 )
captureDispatchPointer( 317544024000,317794698000, 2, 767.289551, 974.492432,0.20784314,0.06666667,0,0.0,0.0,65539,0, 0)
captureUserWait ( 9 )
captureDispatchPointer( 317544024000,317804093000, 2, 778.279358, 933.513794,0.20784314,0.06666667,0,0.0,0.0,65539,0, 0)
captureUserWait ( 9 )
captureDispatchPointer( 317544024000,317813391000, 2, 789.269226, 890.536133,0.20784314,0.06666667,0,0.0,0.0,65539,0, 0)
captureUserWait ( 9 )
captureDispatchPointer( 317544024000,317822725000, 2, 800.259033, 847.558533,0.20784314,0.06666667,0,0.0,0.0,65539,0, 0)
captureUserWait ( 9 )
captureDispatchPointer( 317544024000,317832176000, 2, 809.250671, 807.579346,0.20784314,0.06666667,0,0.0,0.0,65539,0, 0)
captureUserWait ( 9 )
captureDispatchPointer( 317544024000,317841348000, 2, 817.243286, 768.599670,0.20784314,0.06666667,0,0.0,0.0,65539,0, 0)
captureUserWait ( 9 )
captureDispatchPointer( 317544024000,317850661000, 2, 825.235901, 730.619446,0.20784314,0.06666667,0,0.0,0.0,65539,0, 0)
captureUserWait ( 9 )
captureDispatchPointer( 317544024000,317859872000, 2, 831.230347, 693.638733,0.20784314,0.06666667,0,0.0,0.0,65539,0, 0)
captureUserWait ( 9 )
captureDispatchPointer( 317544024000,317869185000, 2, 837.224792, 657.657471,0.20784314,0.06666667,0,0.0,0.0,65539,0, 0)
captureUserWait ( 9 )
captureDispatchPointer( 317544024000,317878483000, 2, 843.219238, 623.675171,0.20784314,0.06666667,0,0.0,0.0,65539,0, 0)
captureUserWait ( 9 )
captureDispatchPointer( 317544024000,317888114000, 2, 849.213684, 590.692322,0.20784314,0.06666667,0,0.0,0.0,65539,0, 0)
captureUserWait ( 9 )
captureDispatchPointer( 317544024000,317897142000, 2, 855.208130, 562.706909,0.20784314,0.06666667,0,0.0,0.0,65539,0, 0)
captureUserWait ( 9 )
captureDispatchPointer( 317544024000,317906534000, 2, 861.202576, 536.720459,0.20784314,0.06666667,0,0.0,0.0,65539,0, 0)
captureUserWait ( 9 )
captureDispatchPointer( 317544024000,317915842000, 2, 865.198914, 513.732422,0.20784314,0.06666667,0,0.0,0.0,65539,0, 0)
captureUserWait ( 9 )
captureDispatchPointer( 317544024000,317925176000, 2, 870.194275, 489.744904,0.20784314,0.06666667,0,0.0,0.0,65539,0, 0)
captureUserWait ( 9 )
captureDispatchPointer( 317544024000,317934493000, 2, 874.190552, 470.754791,0.20784314,0.06666667,0,0.0,0.0,65539,0, 0)
captureUserWait ( 9 )
captureDispatchPointer( 317544024000,317943784000, 2, 878.186890, 453.763641,0.20784314,0.06666667,0,0.0,0.0,65539,0, 0)
captureUserWait ( 9 )
captureDispatchPointer( 317544024000,317953124000, 2, 881.184082, 437.771973,0.20784314,0.06666667,0,0.0,0.0,65539,0, 0)
captureUserWait ( 9 )
captureDispatchPointer( 317544024000,317962431000, 2, 884.181335, 422.779785,0.20784314,0.06666667,0,0.0,0.0,65539,0, 0)
captureUserWait ( 9 )
captureDispatchPointer( 317544024000,317971755000, 2, 887.178528, 405.788635,0.20784314,0.06666667,0,0.0,0.0,65539,0, 0)
captureUserWait ( 9 )
captureDispatchPointer( 317544024000,317981224000, 2, 889.176697, 392.795410,0.20784314,0.06666667,0,0.0,0.0,65539,0, 0)
captureUserWait ( 9 )
captureDispatchPointer( 317544024000,317990371000, 2, 890.175781, 381.801147,0.20784314,0.06666667,0,0.0,0.0,65539,0, 0)
captureUserWait ( 9 )
captureDispatchPointer( 317544024000,317999663000, 2, 891.174866, 371.806335,0.20784314,0.06666667,0,0.0,0.0,65539,0, 0)
captureUserWait ( 9 )
captureDispatchPointer( 317544024000,318008969000, 2, 892.173889, 364.809998,0.20784314,0.06666667,0,0.0,0.0,65539,0, 0)
captureUserWait ( 9 )
captureDispatchPointer( 317544024000,318018338000, 2, 893.172974, 359.812592,0.20784314,0.06666667,0,0.0,0.0,65539,0, 0)
captureUserWait ( 9 )
captureDispatchPointer( 317544024000,318027621000, 2, 894.172058, 355.814667,0.20784314,0.06666667,0,0.0,0.0,65539,0, 0)
captureUserWait ( 9 )
captureDispatchPointer( 317544024000,318037094000, 2, 895.171143, 352.816223,0.20784314,0.06666667,0,0.0,0.0,65539,0, 0)
captureUserWait ( 9 )
captureDispatchPointer( 317544024000,318046258000, 2, 895.171143, 350.817261,0.20784314,0.06666667,0,0.0,0.0,65539,0, 0)
captureUserWait ( 9 )
captureDispatchPointer( 317544024000,318055587000, 2, 895.171143, 349.817780,0.20784314,0.06666667,0,0.0,0.0,65539,0, 0)
captureUserWait ( 9 )
captureDispatchPointer( 317544024000,318064899000, 2, 895.171143, 348.818329,0.20784314,0.06666667,0,0.0,0.0,65539,0, 0)
captureUserWait ( 9 )
captureDispatchPointer( 317544024000,318074212000, 2, 895.171143, 347.818848,0.20784314,0.06666667,0,0.0,0.0,65539,0, 0)
captureUserWait ( 9 )
captureDispatchPointer( 317544024000,318083485000, 2, 896.170227, 346.819366,0.20784314,0.06666667,0,0.0,0.0,65539,0, 0)
captureUserWait ( 8 )
captureDispatchPointer( 317544024000,318091962000, 1, 896.170227, 346.819366,0.20784314,0.06666667,0,0.0,0.0,65539,0, 0)
captureUserWait ( 2063 )
compareScreenshot(2014-11-14_02-47-57.jpg, 0, 0, 1080, 1920, 0, 1.0, 10)
captureDispatchPointer( 320155648000,320155648000, 0, 727.326538, 1269.338867,0.20784314,0.06666667,0,0.0,0.0,65539,0, 0)
captureUserWait ( 35 )
captureDispatchPointer( 320155648000,320191555000, 2, 727.326538, 1269.338867,0.20784314,0.06666667,0,0.0,0.0,65539,0, 0)
captureUserWait ( 37 )
captureDispatchPointer( 320155648000,320228730000, 2, 727.326538, 1269.338867,0.20784314,0.06666667,0,0.0,0.0,65539,0, 0)
captureUserWait ( 8 )
captureDispatchPointer( 320155648000,320236907000, 1, 727.326538, 1269.338867,0.20784314,0.06666667,0,0.0,0.0,65539,0, 0)
captureUserWait ( 2085 )
compareScreenshot(2014-11-14_02-47-59.jpg, 0, 0, 1080, 1920, 0, 1.0, 10)
captureDispatchPointer( 322322343000,322322343000, 0, 941.128601, 330.827698,0.20784314,0.06666667,0,0.0,0.0,65539,0, 0)
captureUserWait ( 74 )
captureDispatchPointer( 322322343000,322396389000, 2, 941.128601, 330.827698,0.20784314,0.06666667,0,0.0,0.0,65539,0, 0)
captureUserWait ( 8 )
captureDispatchPointer( 322322343000,322404616000, 1, 941.128601, 330.827698,0.20784314,0.06666667,0,0.0,0.0,65539,0, 0)
captureUserWait ( 2224 )
compareScreenshot(2014-11-14_02-48-02.jpg, 0, 0, 1080, 1920, 0, 1.0, 10)
captureDispatchKey( 0, 0, 0, 4, 0,0,0,0)
captureUserWait ( 111 )
captureDispatchKey( 0, 0, 1, 4, 0,0,0,0)
captureUserWait ( 616 )
captureDispatchKey( 0, 0, 0, 4, 0,0,0,0)
captureUserWait ( 55 )
captureDispatchKey( 0, 0, 1, 4, 0,0,0,0)
captureUserWait ( 1726 )
compareScreenshot(2014-11-14_02-48-04.jpg, 0, 0, 1080, 1920, 0, 1.0, 10)
captureUserWait ( 1500 )
