type=raw events 1
count= 1
speed=1.0
start data >>
## fb-camera-post-6-min.txt
RunCmd(am start -n com.facebook.katana/.activity.FbMainTabFrameworkActivity --activity-single-top)
captureUserWait ( 4500 )
compareScreenshot(2014-11-20_05-37-38.jpg, 0, 0, 1080, 1920, 0, 1.0, 10)
captureDispatchPointer( 13583873096000,13583873096000, 0, 552.488464, 1838.042603,0.20784314,0.06666667,0,0.0,0.0,65539,0, 0)
captureUserWait ( 17 )
captureDispatchPointer( 13583873096000,13583890538000, 2, 552.488464, 1838.042603,0.20784314,0.06666667,0,0.0,0.0,65539,0, 0)
captureUserWait ( 56 )
captureDispatchPointer( 13583873096000,13583947190000, 2, 552.488464, 1838.042603,0.20784314,0.06666667,0,0.0,0.0,65539,0, 0)
captureUserWait ( 18 )
captureDispatchPointer( 13583873096000,13583966075000, 2, 552.488464, 1838.042603,0.20784314,0.06666667,0,0.0,0.0,65539,0, 0)
captureUserWait ( 8 )
captureDispatchPointer( 13583873096000,13583974404000, 1, 552.488464, 1838.042603,0.20784314,0.06666667,0,0.0,0.0,65539,0, 0)
captureUserWait ( 17680 )
compareScreenshot(2014-11-20_05-37-56.jpg, 0, 0, 1080, 1920, 0, 1.0, 10)
captureDispatchPointer( 13601654816000,13601654816000, 0, 100.906570, 1808.058228,0.20784314,0.06666667,0,0.0,0.0,65539,0, 0)
captureUserWait ( 9 )
captureDispatchPointer( 13601654816000,13601664632000, 2, 100.906570, 1808.058228,0.20784314,0.06666667,0,0.0,0.0,65539,0, 0)
captureUserWait ( 9 )
captureDispatchPointer( 13601654816000,13601673979000, 2, 100.906570, 1809.057739,0.20784314,0.06666667,0,0.0,0.0,65539,0, 0)
captureUserWait ( 8 )
captureDispatchPointer( 13601654816000,13601682883000, 2, 100.906570, 1810.057251,0.20784314,0.06666667,0,0.0,0.0,65539,0, 0)
captureUserWait ( 9 )
captureDispatchPointer( 13601654816000,13601692308000, 2, 100.906570, 1811.056641,0.20784314,0.06666667,0,0.0,0.0,65539,0, 0)
captureUserWait ( 9 )
captureDispatchPointer( 13601654816000,13601701756000, 2, 100.906570, 1812.056152,0.20784314,0.06666667,0,0.0,0.0,65539,0, 0)
captureUserWait ( 8 )
captureDispatchPointer( 13601654816000,13601710469000, 1, 100.906570, 1812.056152,0.20784314,0.06666667,0,0.0,0.0,65539,0, 0)
captureUserWait ( 11106 )
compareScreenshot(2014-11-20_05-38-07.jpg, 0, 0, 1080, 1920, 0, 1.0, 10)
captureDispatchPointer( 13612816744000,13612816744000, 0, 528.510620, 1691.119141,0.20784314,0.06666667,0,0.0,0.0,65539,0, 0)
captureUserWait ( 73 )
captureDispatchPointer( 13612816744000,13612890213000, 1, 528.510620, 1691.119141,0.20784314,0.06666667,0,0.0,0.0,65539,0, 0)
captureUserWait ( 14995 )
compareScreenshot(2014-11-20_05-38-22.jpg, 0, 0, 1080, 1920, 0, 1.0, 10)
captureDispatchPointer( 13627885803000,13627885803000, 0, 1012.062927, 1750.088501,0.20784314,0.06666667,0,0.0,0.0,65539,0, 0)
captureUserWait ( 8 )
captureDispatchPointer( 13627885803000,13627894068000, 2, 1012.062927, 1750.088501,0.20784314,0.06666667,0,0.0,0.0,65539,0, 0)
captureUserWait ( 9 )
captureDispatchPointer( 13627885803000,13627903517000, 2, 1012.062927, 1751.087891,0.20784314,0.06666667,0,0.0,0.0,65539,0, 0)
captureUserWait ( 9 )
captureDispatchPointer( 13627885803000,13627913041000, 2, 1012.062927, 1752.087402,0.20784314,0.06666667,0,0.0,0.0,65539,0, 0)
captureUserWait ( 9 )
captureDispatchPointer( 13627885803000,13627922456000, 2, 1012.062927, 1753.086914,0.20784314,0.06666667,0,0.0,0.0,65539,0, 0)
captureUserWait ( 9 )
captureDispatchPointer( 13627885803000,13627931893000, 2, 1012.062927, 1754.086426,0.20784314,0.06666667,0,0.0,0.0,65539,0, 0)
captureUserWait ( 56 )
captureDispatchPointer( 13627885803000,13627988559000, 2, 1012.062927, 1754.086426,0.20784314,0.06666667,0,0.0,0.0,65539,0, 0)
captureUserWait ( 19 )
captureDispatchPointer( 13627885803000,13628007626000, 2, 1012.062927, 1754.086426,0.20784314,0.06666667,0,0.0,0.0,65539,0, 0)
captureUserWait ( 37 )
captureDispatchPointer( 13627885803000,13628045286000, 2, 1013.062012, 1754.086426,0.20784314,0.06666667,0,0.0,0.0,65539,0, 0)
captureUserWait ( 9 )
captureDispatchPointer( 13627885803000,13628054760000, 2, 1013.062012, 1754.086426,0.20784314,0.06666667,0,0.0,0.0,65539,0, 0)
captureUserWait ( 8 )
captureDispatchPointer( 13627885803000,13628063057000, 1, 1013.062012, 1754.086426,0.20784314,0.06666667,0,0.0,0.0,65539,0, 0)
captureUserWait ( 15150 )
compareScreenshot(2014-11-20_05-38-37.jpg, 0, 0, 1080, 1920, 0, 1.0, 10)
captureDispatchPointer( 13643213564000,13643213564000, 0, 281.739136, 110.942215,0.20784314,0.06666667,0,0.0,0.0,65539,0, 0)
captureUserWait ( 83 )
captureDispatchPointer( 13643213564000,13643296690000, 2, 281.739136, 110.942215,0.20784314,0.06666667,0,0.0,0.0,65539,0, 0)
captureUserWait ( 8 )
captureDispatchPointer( 13643213564000,13643305207000, 1, 281.739136, 110.942215,0.20784314,0.06666667,0,0.0,0.0,65539,0, 0)
captureUserWait ( 3951 )
compareScreenshot(2014-11-20_05-38-41.jpg, 0, 0, 1080, 1920, 0, 1.0, 10)
captureDispatchPointer( 13647256809000,13647256809000, 0, 988.085083, 1820.052002,0.20784314,0.06666667,0,0.0,0.0,65539,0, 0)
captureUserWait ( 63 )
captureDispatchPointer( 13647256809000,13647320338000, 1, 988.085083, 1820.052002,0.20784314,0.06666667,0,0.0,0.0,65539,0, 0)
captureUserWait ( 11451 )
compareScreenshot(2014-11-20_05-38-53.jpg, 0, 0, 1080, 1920, 0, 1.0, 10)
captureDispatchPointer( 13658772198000,13658772198000, 0, 169.842743, 1322.311279,0.20784314,0.06666667,0,0.0,0.0,65539,0, 0)
captureUserWait ( 45 )
captureDispatchPointer( 13658772198000,13658817662000, 2, 169.842743, 1322.311279,0.20784314,0.06666667,0,0.0,0.0,65539,0, 0)
captureUserWait ( 8 )
captureDispatchPointer( 13658772198000,13658825958000, 1, 169.842743, 1322.311279,0.20784314,0.06666667,0,0.0,0.0,65539,0, 0)
captureUserWait ( 1389 )
compareScreenshot(2014-11-20_05-38-54.jpg, 0, 0, 1080, 1920, 0, 1.0, 10)
captureDispatchPointer( 13660215950000,13660215950000, 0, 295.726196, 1335.304443,0.20784314,0.06666667,0,0.0,0.0,65539,0, 0)
captureUserWait ( 17 )
captureDispatchPointer( 13660215950000,13660233742000, 2, 294.727112, 1335.304443,0.20784314,0.06666667,0,0.0,0.0,65539,0, 0)
captureUserWait ( 9 )
captureDispatchPointer( 13660215950000,13660243261000, 2, 293.728027, 1335.304443,0.20784314,0.06666667,0,0.0,0.0,65539,0, 0)
captureUserWait ( 27 )
captureDispatchPointer( 13660215950000,13660270584000, 1, 293.728027, 1335.304443,0.20784314,0.06666667,0,0.0,0.0,65539,0, 0)
captureUserWait ( 885 )
captureDispatchPointer( 13661156274000,13661156274000, 0, 529.509705, 1847.037964,0.20784314,0.06666667,0,0.0,0.0,65539,0, 0)
captureUserWait ( 8 )
captureDispatchPointer( 13661156274000,13661164819000, 2, 529.509705, 1847.037964,0.20784314,0.06666667,0,0.0,0.0,65539,0, 0)
captureUserWait ( 28 )
captureDispatchPointer( 13661156274000,13661193190000, 2, 529.509705, 1847.037964,0.20784314,0.06666667,0,0.0,0.0,65539,0, 0)
captureUserWait ( 27 )
captureDispatchPointer( 13661156274000,13661220405000, 1, 529.509705, 1847.037964,0.20784314,0.06666667,0,0.0,0.0,65539,0, 0)
captureUserWait ( 1087 )
compareScreenshot(2014-11-20_05-38-56.jpg, 0, 0, 1080, 1920, 0, 1.0, 10)
captureDispatchPointer( 13662307498000,13662307498000, 0, 78.926918, 1510.213379,0.20784314,0.06666667,0,0.0,0.0,65539,0, 0)
captureUserWait ( 27 )
captureDispatchPointer( 13662307498000,13662335097000, 2, 78.926918, 1510.213379,0.20784314,0.06666667,0,0.0,0.0,65539,0, 0)
captureUserWait ( 9 )
captureDispatchPointer( 13662307498000,13662344556000, 2, 78.926918, 1510.213379,0.20784314,0.06666667,0,0.0,0.0,65539,0, 0)
captureUserWait ( 17 )
captureDispatchPointer( 13662307498000,13662362513000, 1, 78.926918, 1510.213379,0.20784314,0.06666667,0,0.0,0.0,65539,0, 0)
captureUserWait ( 824 )
captureDispatchPointer( 13663187408000,13663187408000, 0, 385.642914, 1337.303467,0.20784314,0.06666667,0,0.0,0.0,65539,0, 0)
captureUserWait ( 9 )
captureDispatchPointer( 13663187408000,13663196819000, 2, 385.642914, 1337.303467,0.20784314,0.06666667,0,0.0,0.0,65539,0, 0)
captureUserWait ( 36 )
captureDispatchPointer( 13663187408000,13663233735000, 1, 385.642914, 1337.303467,0.20784314,0.06666667,0,0.0,0.0,65539,0, 0)
captureUserWait ( 545 )
captureDispatchPointer( 13663779734000,13663779734000, 0, 286.734497, 1313.315918,0.20784314,0.06666667,0,0.0,0.0,65539,0, 0)
captureUserWait ( 28 )
captureDispatchPointer( 13663779734000,13663808009000, 2, 286.734497, 1313.315918,0.20784314,0.06666667,0,0.0,0.0,65539,0, 0)
captureUserWait ( 9 )
captureDispatchPointer( 13663779734000,13663817310000, 2, 286.734497, 1313.315918,0.20784314,0.06666667,0,0.0,0.0,65539,0, 0)
captureUserWait ( 17 )
captureDispatchPointer( 13663779734000,13663834868000, 1, 286.734497, 1313.315918,0.20784314,0.06666667,0,0.0,0.0,65539,0, 0)
captureUserWait ( 1915 )
compareScreenshot(2014-11-20_05-39-00.jpg, 0, 0, 1080, 1920, 0, 1.0, 10)
captureDispatchPointer( 13665750788000,13665750788000, 0, 599.444946, 1844.039551,0.20784314,0.06666667,0,0.0,0.0,65539,0, 0)
captureUserWait ( 28 )
captureDispatchPointer( 13665750788000,13665779293000, 2, 599.444946, 1844.039551,0.20784314,0.06666667,0,0.0,0.0,65539,0, 0)
captureUserWait ( 17 )
captureDispatchPointer( 13665750788000,13665796890000, 1, 599.444946, 1844.039551,0.20784314,0.06666667,0,0.0,0.0,65539,0, 0)
captureUserWait ( 3666 )
compareScreenshot(2014-11-20_05-39-04.jpg, 0, 0, 1080, 1920, 0, 1.0, 10)
captureDispatchPointer( 13669463663000,13669463663000, 0, 632.414429, 1489.224365,0.20784314,0.06666667,0,0.0,0.0,65539,0, 0)
captureUserWait ( 73 )
captureDispatchPointer( 13669463663000,13669537036000, 1, 632.414429, 1489.224365,0.20784314,0.06666667,0,0.0,0.0,65539,0, 0)
captureUserWait ( 926 )
captureDispatchPointer( 13670463364000,13670463364000, 0, 263.755798, 1329.307617,0.20784314,0.06666667,0,0.0,0.0,65539,0, 0)
captureUserWait ( 8 )
captureDispatchPointer( 13670463364000,13670471979000, 2, 263.755798, 1329.307617,0.20784314,0.06666667,0,0.0,0.0,65539,0, 0)
captureUserWait ( 28 )
captureDispatchPointer( 13670463364000,13670500276000, 2, 263.755798, 1329.307617,0.20784314,0.06666667,0,0.0,0.0,65539,0, 0)
captureUserWait ( 18 )
captureDispatchPointer( 13670463364000,13670519124000, 2, 263.755798, 1329.307617,0.20784314,0.06666667,0,0.0,0.0,65539,0, 0)
captureUserWait ( 8 )
captureDispatchPointer( 13670463364000,13670527612000, 1, 263.755798, 1329.307617,0.20784314,0.06666667,0,0.0,0.0,65539,0, 0)
captureUserWait ( 646 )
captureDispatchPointer( 13671174193000,13671174193000, 0, 379.648468, 1321.311768,0.20784314,0.06666667,0,0.0,0.0,65539,0, 0)
captureUserWait ( 92 )
captureDispatchPointer( 13671174193000,13671266557000, 1, 379.648468, 1321.311768,0.20784314,0.06666667,0,0.0,0.0,65539,0, 0)
captureUserWait ( 647 )
captureDispatchPointer( 13671914406000,13671914406000, 0, 280.740051, 1321.311768,0.20784314,0.06666667,0,0.0,0.0,65539,0, 0)
captureUserWait ( 7 )
captureDispatchPointer( 13671914406000,13671921617000, 2, 280.740051, 1321.311768,0.20784314,0.06666667,0,0.0,0.0,65539,0, 0)
captureUserWait ( 18 )
captureDispatchPointer( 13671914406000,13671940513000, 2, 280.740051, 1321.311768,0.20784314,0.06666667,0,0.0,0.0,65539,0, 0)
captureUserWait ( 9 )
captureDispatchPointer( 13671914406000,13671949958000, 2, 280.740051, 1321.311768,0.20784314,0.06666667,0,0.0,0.0,65539,0, 0)
captureUserWait ( 28 )
captureDispatchPointer( 13671914406000,13671978357000, 2, 280.740051, 1321.311768,0.20784314,0.06666667,0,0.0,0.0,65539,0, 0)
captureUserWait ( 8 )
captureDispatchPointer( 13671914406000,13671986539000, 1, 280.740051, 1321.311768,0.20784314,0.06666667,0,0.0,0.0,65539,0, 0)
captureUserWait ( 2104 )
compareScreenshot(2014-11-20_05-39-08.jpg, 0, 0, 1080, 1920, 0, 1.0, 10)
captureDispatchPointer( 13674091380000,13674091380000, 0, 541.498596, 1820.052002,0.20784314,0.06666667,0,0.0,0.0,65539,0, 0)
captureUserWait ( 73 )
captureDispatchPointer( 13674091380000,13674165162000, 1, 541.498596, 1820.052002,0.20784314,0.06666667,0,0.0,0.0,65539,0, 0)
captureUserWait ( 2500 )
compareScreenshot(2014-11-20_05-39-11.jpg, 0, 0, 1080, 1920, 0, 1.0, 10)
captureDispatchPointer( 13676665633000,13676665633000, 0, 98.908417, 1523.206665,0.20784314,0.06666667,0,0.0,0.0,65539,0, 0)
captureUserWait ( 36 )
captureDispatchPointer( 13676665633000,13676702111000, 2, 98.908417, 1523.206665,0.20784314,0.06666667,0,0.0,0.0,65539,0, 0)
captureUserWait ( 9 )
captureDispatchPointer( 13676665633000,13676711342000, 2, 97.909348, 1523.206665,0.20784314,0.06666667,0,0.0,0.0,65539,0, 0)
captureUserWait ( 8 )
captureDispatchPointer( 13676665633000,13676719929000, 1, 97.909348, 1523.206665,0.20784314,0.06666667,0,0.0,0.0,65539,0, 0)
captureUserWait ( 683 )
captureDispatchPointer( 13677403607000,13677403607000, 0, 488.547638, 1336.303955,0.20784314,0.06666667,0,0.0,0.0,65539,0, 0)
captureUserWait ( 8 )
captureDispatchPointer( 13677403607000,13677412357000, 2, 488.547638, 1336.303955,0.20784314,0.06666667,0,0.0,0.0,65539,0, 0)
captureUserWait ( 37 )
captureDispatchPointer( 13677403607000,13677450038000, 2, 488.547638, 1336.303955,0.20784314,0.06666667,0,0.0,0.0,65539,0, 0)
captureUserWait ( 8 )
captureDispatchPointer( 13677403607000,13677458507000, 1, 488.547638, 1336.303955,0.20784314,0.06666667,0,0.0,0.0,65539,0, 0)
captureUserWait ( 1885 )
compareScreenshot(2014-11-20_05-39-13.jpg, 0, 0, 1080, 1920, 0, 1.0, 10)
captureDispatchPointer( 13679344257000,13679344257000, 0, 615.430176, 1830.046753,0.20784314,0.06666667,0,0.0,0.0,65539,0, 0)
captureUserWait ( 45 )
captureDispatchPointer( 13679344257000,13679390052000, 2, 615.430176, 1830.046753,0.20784314,0.06666667,0,0.0,0.0,65539,0, 0)
captureUserWait ( 8 )
captureDispatchPointer( 13679344257000,13679398166000, 1, 615.430176, 1830.046753,0.20784314,0.06666667,0,0.0,0.0,65539,0, 0)
captureUserWait ( 3312 )
compareScreenshot(2014-11-20_05-39-17.jpg, 0, 0, 1080, 1920, 0, 1.0, 10)
captureDispatchPointer( 13682711095000,13682711095000, 0, 99.907494, 1816.054077,0.20784314,0.06666667,0,0.0,0.0,65539,0, 0)
captureUserWait ( 28 )
captureDispatchPointer( 13682711095000,13682739255000, 2, 99.907494, 1817.053589,0.20784314,0.06666667,0,0.0,0.0,65539,0, 0)
captureUserWait ( 9 )
captureDispatchPointer( 13682711095000,13682748589000, 2, 99.907494, 1818.053101,0.20784314,0.06666667,0,0.0,0.0,65539,0, 0)
captureUserWait ( 28 )
captureDispatchPointer( 13682711095000,13682776999000, 2, 99.907494, 1818.053101,0.20784314,0.06666667,0,0.0,0.0,65539,0, 0)
captureUserWait ( 8 )
captureDispatchPointer( 13682711095000,13682785496000, 1, 99.907494, 1818.053101,0.20784314,0.06666667,0,0.0,0.0,65539,0, 0)
captureUserWait ( 1480 )
compareScreenshot(2014-11-20_05-39-18.jpg, 0, 0, 1080, 1920, 0, 1.0, 10)
captureDispatchPointer( 13684265765000,13684265765000, 0, 325.698425, 1664.133179,0.20784314,0.06666667,0,0.0,0.0,65539,0, 0)
captureUserWait ( 7 )
captureDispatchPointer( 13684265765000,13684273631000, 2, 325.698425, 1664.133179,0.20784314,0.06666667,0,0.0,0.0,65539,0, 0)
captureUserWait ( 65 )
captureDispatchPointer( 13684265765000,13684338901000, 1, 325.698425, 1664.133179,0.20784314,0.06666667,0,0.0,0.0,65539,0, 0)
captureUserWait ( 1598 )
compareScreenshot(2014-11-20_05-39-20.jpg, 0, 0, 1080, 1920, 0, 1.0, 10)
captureDispatchPointer( 13685937797000,13685937797000, 0, 84.921371, 1820.052002,0.20784314,0.06666667,0,0.0,0.0,65539,0, 0)
captureUserWait ( 8 )
captureDispatchPointer( 13685937797000,13685946207000, 2, 84.921371, 1821.051514,0.20784314,0.06666667,0,0.0,0.0,65539,0, 0)
captureUserWait ( 74 )
captureDispatchPointer( 13685937797000,13686020656000, 1, 84.921371, 1821.051514,0.20784314,0.06666667,0,0.0,0.0,65539,0, 0)
captureUserWait ( 6349 )
compareScreenshot(2014-11-20_05-39-27.jpg, 0, 0, 1080, 1920, 0, 1.0, 10)
captureDispatchPointer( 13692369702000,13692369702000, 0, 990.083252, 1683.123291,0.20784314,0.06666667,0,0.0,0.0,65539,0, 0)
captureUserWait ( 73 )
captureDispatchPointer( 13692369702000,13692442775000, 1, 990.083252, 1683.123291,0.20784314,0.06666667,0,0.0,0.0,65539,0, 0)
captureUserWait ( 1253 )
compareScreenshot(2014-11-20_05-39-28.jpg, 0, 0, 1080, 1920, 0, 1.0, 10)
captureDispatchPointer( 13693695813000,13693695813000, 0, 499.537476, 1335.304443,0.20784314,0.06666667,0,0.0,0.0,65539,0, 0)
captureUserWait ( 73 )
captureDispatchPointer( 13693695813000,13693769623000, 1, 499.537476, 1335.304443,0.20784314,0.06666667,0,0.0,0.0,65539,0, 0)
captureUserWait ( 636 )
captureDispatchPointer( 13694406269000,13694406269000, 0, 640.407043, 1508.214478,0.20784314,0.06666667,0,0.0,0.0,65539,0, 0)
captureUserWait ( 18 )
captureDispatchPointer( 13694406269000,13694424396000, 2, 640.407043, 1508.214478,0.20784314,0.06666667,0,0.0,0.0,65539,0, 0)
captureUserWait ( 37 )
captureDispatchPointer( 13694406269000,13694462226000, 2, 640.407043, 1508.214478,0.20784314,0.06666667,0,0.0,0.0,65539,0, 0)
captureUserWait ( 8 )
captureDispatchPointer( 13694406269000,13694470779000, 1, 640.407043, 1508.214478,0.20784314,0.06666667,0,0.0,0.0,65539,0, 0)
captureUserWait ( 574 )
captureDispatchPointer( 13695045724000,13695045724000, 0, 257.761322, 1331.306519,0.20784314,0.06666667,0,0.0,0.0,65539,0, 0)
captureUserWait ( 27 )
captureDispatchPointer( 13695045724000,13695073156000, 2, 257.761322, 1331.306519,0.20784314,0.06666667,0,0.0,0.0,65539,0, 0)
captureUserWait ( 45 )
captureDispatchPointer( 13695045724000,13695119109000, 1, 257.761322, 1331.306519,0.20784314,0.06666667,0,0.0,0.0,65539,0, 0)
captureUserWait ( 1391 )
compareScreenshot(2014-11-20_05-39-31.jpg, 0, 0, 1080, 1920, 0, 1.0, 10)
captureDispatchPointer( 13696510166000,13696510166000, 0, 609.435730, 1832.045776,0.20784314,0.06666667,0,0.0,0.0,65539,0, 0)
captureUserWait ( 9 )
captureDispatchPointer( 13696510166000,13696519483000, 2, 609.435730, 1832.045776,0.20784314,0.06666667,0,0.0,0.0,65539,0, 0)
captureUserWait ( 37 )
captureDispatchPointer( 13696510166000,13696557266000, 2, 609.435730, 1832.045776,0.20784314,0.06666667,0,0.0,0.0,65539,0, 0)
captureUserWait ( 8 )
captureDispatchPointer( 13696510166000,13696565583000, 1, 609.435730, 1832.045776,0.20784314,0.06666667,0,0.0,0.0,65539,0, 0)
captureUserWait ( 508 )
captureDispatchPointer( 13697073857000,13697073857000, 0, 222.793716, 1505.215942,0.20784314,0.06666667,0,0.0,0.0,65539,0, 0)
captureUserWait ( 75 )
captureDispatchPointer( 13697073857000,13697149311000, 2, 222.793716, 1505.215942,0.20784314,0.06666667,0,0.0,0.0,65539,0, 0)
captureUserWait ( 8 )
captureDispatchPointer( 13697073857000,13697157669000, 1, 222.793716, 1505.215942,0.20784314,0.06666667,0,0.0,0.0,65539,0, 0)
captureUserWait ( 740 )
captureDispatchPointer( 13697898640000,13697898640000, 0, 997.076782, 1333.305542,0.20784314,0.06666667,0,0.0,0.0,65539,0, 0)
captureUserWait ( 65 )
captureDispatchPointer( 13697898640000,13697963867000, 2, 997.076782, 1334.305054,0.20784314,0.06666667,0,0.0,0.0,65539,0, 0)
captureUserWait ( 8 )
captureDispatchPointer( 13697898640000,13697972541000, 1, 997.076782, 1334.305054,0.20784314,0.06666667,0,0.0,0.0,65539,0, 0)
captureUserWait ( 414 )
captureDispatchPointer( 13698386685000,13698386685000, 0, 890.175781, 1321.311768,0.20784314,0.06666667,0,0.0,0.0,65539,0, 0)
captureUserWait ( 65 )
captureDispatchPointer( 13698386685000,13698452110000, 2, 890.175781, 1321.311768,0.20784314,0.06666667,0,0.0,0.0,65539,0, 0)
captureUserWait ( 9 )
captureDispatchPointer( 13698386685000,13698461439000, 2, 890.175781, 1321.311768,0.20784314,0.06666667,0,0.0,0.0,65539,0, 0)
captureUserWait ( 8 )
captureDispatchPointer( 13698386685000,13698469727000, 1, 890.175781, 1321.311768,0.20784314,0.06666667,0,0.0,0.0,65539,0, 0)
captureUserWait ( 646 )
captureDispatchPointer( 13699116014000,13699116014000, 0, 377.650330, 1342.300903,0.20784314,0.06666667,0,0.0,0.0,65539,0, 0)
captureUserWait ( 8 )
captureDispatchPointer( 13699116014000,13699124649000, 2, 377.650330, 1342.300903,0.20784314,0.06666667,0,0.0,0.0,65539,0, 0)
captureUserWait ( 19 )
captureDispatchPointer( 13699116014000,13699143720000, 2, 377.650330, 1342.300903,0.20784314,0.06666667,0,0.0,0.0,65539,0, 0)
captureUserWait ( 8 )
captureDispatchPointer( 13699116014000,13699151992000, 1, 377.650330, 1342.300903,0.20784314,0.06666667,0,0.0,0.0,65539,0, 0)
captureUserWait ( 664 )
captureDispatchPointer( 13699816840000,13699816840000, 0, 488.547638, 1341.301392,0.20784314,0.06666667,0,0.0,0.0,65539,0, 0)
captureUserWait ( 9 )
captureDispatchPointer( 13699816840000,13699825859000, 2, 488.547638, 1341.301392,0.20784314,0.06666667,0,0.0,0.0,65539,0, 0)
captureUserWait ( 56 )
captureDispatchPointer( 13699816840000,13699882476000, 2, 488.547638, 1341.301392,0.20784314,0.06666667,0,0.0,0.0,65539,0, 0)
captureUserWait ( 8 )
captureDispatchPointer( 13699816840000,13699890854000, 1, 488.547638, 1341.301392,0.20784314,0.06666667,0,0.0,0.0,65539,0, 0)
captureUserWait ( 5403 )
compareScreenshot(2014-11-20_05-39-39.jpg, 0, 0, 1080, 1920, 0, 1.0, 10)
captureDispatchPointer( 13705294439000,13705294439000, 0, 225.790939, 1496.220703,0.20784314,0.06666667,0,0.0,0.0,65539,0, 0)
captureUserWait ( 8 )
captureDispatchPointer( 13705294439000,13705302779000, 2, 225.790939, 1496.220703,0.20784314,0.06666667,0,0.0,0.0,65539,0, 0)
captureUserWait ( 28 )
captureDispatchPointer( 13705294439000,13705331103000, 2, 225.790939, 1496.220703,0.20784314,0.06666667,0,0.0,0.0,65539,0, 0)
captureUserWait ( 36 )
captureDispatchPointer( 13705294439000,13705368041000, 1, 225.790939, 1496.220703,0.20784314,0.06666667,0,0.0,0.0,65539,0, 0)
captureUserWait ( 3345 )
compareScreenshot(2014-11-20_05-39-43.jpg, 0, 0, 1080, 1920, 0, 1.0, 10)
captureDispatchPointer( 13708713130000,13708713130000, 0, 564.477356, 1829.047363,0.20784314,0.06666667,0,0.0,0.0,65539,0, 0)
captureUserWait ( 7 )
captureDispatchPointer( 13708713130000,13708720963000, 2, 564.477356, 1829.047363,0.20784314,0.06666667,0,0.0,0.0,65539,0, 0)
captureUserWait ( 9 )
captureDispatchPointer( 13708713130000,13708730732000, 2, 564.477356, 1830.046753,0.20784314,0.06666667,0,0.0,0.0,65539,0, 0)
captureUserWait ( 28 )
captureDispatchPointer( 13708713130000,13708758743000, 2, 564.477356, 1830.046753,0.20784314,0.06666667,0,0.0,0.0,65539,0, 0)
captureUserWait ( 18 )
captureDispatchPointer( 13708713130000,13708777598000, 2, 564.477356, 1830.046753,0.20784314,0.06666667,0,0.0,0.0,65539,0, 0)
captureUserWait ( 8 )
captureDispatchPointer( 13708713130000,13708785912000, 1, 564.477356, 1830.046753,0.20784314,0.06666667,0,0.0,0.0,65539,0, 0)
captureUserWait ( 480 )
captureDispatchPointer( 13709266633000,13709266633000, 0, 661.387634, 1666.132202,0.20784314,0.06666667,0,0.0,0.0,65539,0, 0)
captureUserWait ( 8 )
captureDispatchPointer( 13709266633000,13709275350000, 2, 661.387634, 1666.132202,0.20784314,0.06666667,0,0.0,0.0,65539,0, 0)
captureUserWait ( 37 )
captureDispatchPointer( 13709266633000,13709312872000, 2, 661.387634, 1666.132202,0.20784314,0.06666667,0,0.0,0.0,65539,0, 0)
captureUserWait ( 27 )
captureDispatchPointer( 13709266633000,13709340083000, 1, 661.387634, 1666.132202,0.20784314,0.06666667,0,0.0,0.0,65539,0, 0)
captureUserWait ( 737 )
captureDispatchPointer( 13710078037000,13710078037000, 0, 77.927841, 1512.212402,0.20784314,0.06666667,0,0.0,0.0,65539,0, 0)
captureUserWait ( 54 )
captureDispatchPointer( 13710078037000,13710132952000, 1, 77.927841, 1512.212402,0.20784314,0.06666667,0,0.0,0.0,65539,0, 0)
captureUserWait ( 636 )
captureDispatchPointer( 13710769729000,13710769729000, 0, 363.663269, 1320.312256,0.20784314,0.06666667,0,0.0,0.0,65539,0, 0)
captureUserWait ( 26 )
captureDispatchPointer( 13710769729000,13710796049000, 1, 363.663269, 1320.312256,0.20784314,0.06666667,0,0.0,0.0,65539,0, 0)
captureUserWait ( 1494 )
compareScreenshot(2014-11-20_05-39-46.jpg, 0, 0, 1080, 1920, 0, 1.0, 10)
captureDispatchPointer( 13712290684000,13712290684000, 0, 544.495850, 1833.045288,0.20784314,0.06666667,0,0.0,0.0,65539,0, 0)
captureUserWait ( 35 )
captureDispatchPointer( 13712290684000,13712326645000, 2, 544.495850, 1833.045288,0.20784314,0.06666667,0,0.0,0.0,65539,0, 0)
captureUserWait ( 8 )
captureDispatchPointer( 13712290684000,13712334923000, 1, 544.495850, 1833.045288,0.20784314,0.06666667,0,0.0,0.0,65539,0, 0)
captureUserWait ( 4240 )
compareScreenshot(2014-11-20_05-39-51.jpg, 0, 0, 1080, 1920, 0, 1.0, 10)
captureDispatchPointer( 13716575760000,13716575760000, 0, 478.556885, 1318.313354,0.20784314,0.06666667,0,0.0,0.0,65539,0, 0)
captureUserWait ( 36 )
captureDispatchPointer( 13716575760000,13716612066000, 2, 478.556885, 1318.313354,0.20784314,0.06666667,0,0.0,0.0,65539,0, 0)
captureUserWait ( 18 )
captureDispatchPointer( 13716575760000,13716631043000, 2, 478.556885, 1319.312866,0.20784314,0.06666667,0,0.0,0.0,65539,0, 0)
captureUserWait ( 8 )
captureDispatchPointer( 13716575760000,13716639180000, 1, 478.556885, 1319.312866,0.20784314,0.06666667,0,0.0,0.0,65539,0, 0)
captureUserWait ( 674 )
captureDispatchPointer( 13717314036000,13717314036000, 0, 896.170227, 1354.294556,0.20784314,0.06666667,0,0.0,0.0,65539,0, 0)
captureUserWait ( 54 )
captureDispatchPointer( 13717314036000,13717368884000, 1, 896.170227, 1354.294556,0.20784314,0.06666667,0,0.0,0.0,65539,0, 0)
captureUserWait ( 776 )
captureDispatchPointer( 13718145349000,13718145349000, 0, 314.708618, 1517.209717,0.20784314,0.06666667,0,0.0,0.0,65539,0, 0)
captureUserWait ( 64 )
captureDispatchPointer( 13718145349000,13718209510000, 1, 314.708618, 1517.209717,0.20784314,0.06666667,0,0.0,0.0,65539,0, 0)
captureUserWait ( 655 )
captureDispatchPointer( 13718865356000,13718865356000, 0, 110.897316, 1496.220703,0.20784314,0.06666667,0,0.0,0.0,65539,0, 0)
captureUserWait ( 8 )
captureDispatchPointer( 13718865356000,13718873966000, 2, 110.897316, 1496.220703,0.20784314,0.06666667,0,0.0,0.0,65539,0, 0)
captureUserWait ( 46 )
captureDispatchPointer( 13718865356000,13718920241000, 1, 110.897316, 1496.220703,0.20784314,0.06666667,0,0.0,0.0,65539,0, 0)
captureUserWait ( 584 )
captureDispatchPointer( 13719504565000,13719504565000, 0, 592.451416, 1331.306519,0.20784314,0.06666667,0,0.0,0.0,65539,0, 0)
captureUserWait ( 45 )
captureDispatchPointer( 13719504565000,13719550185000, 1, 592.451416, 1331.306519,0.20784314,0.06666667,0,0.0,0.0,65539,0, 0)
captureUserWait ( 5937 )
compareScreenshot(2014-11-20_05-40-00.jpg, 0, 0, 1080, 1920, 0, 1.0, 10)
captureDispatchPointer( 13725488033000,13725488033000, 0, 566.475464, 1830.046753,0.20784314,0.06666667,0,0.0,0.0,65539,0, 0)
captureUserWait ( 66 )
captureDispatchPointer( 13725488033000,13725554035000, 2, 566.475464, 1830.046753,0.20784314,0.06666667,0,0.0,0.0,65539,0, 0)
captureUserWait ( 8 )
captureDispatchPointer( 13725488033000,13725562356000, 1, 566.475464, 1830.046753,0.20784314,0.06666667,0,0.0,0.0,65539,0, 0)
captureUserWait ( 646 )
captureDispatchPointer( 13726208839000,13726208839000, 0, 410.619812, 1494.221680,0.20784314,0.06666667,0,0.0,0.0,65539,0, 0)
captureUserWait ( 18 )
captureDispatchPointer( 13726208839000,13726226854000, 2, 410.619812, 1494.221680,0.20784314,0.06666667,0,0.0,0.0,65539,0, 0)
captureUserWait ( 18 )
captureDispatchPointer( 13726208839000,13726245700000, 2, 410.619812, 1494.221680,0.20784314,0.06666667,0,0.0,0.0,65539,0, 0)
captureUserWait ( 8 )
captureDispatchPointer( 13726208839000,13726254018000, 1, 410.619812, 1494.221680,0.20784314,0.06666667,0,0.0,0.0,65539,0, 0)
captureUserWait ( 537 )
captureDispatchPointer( 13726791661000,13726791661000, 0, 893.172974, 1332.306030,0.20784314,0.06666667,0,0.0,0.0,65539,0, 0)
captureUserWait ( 55 )
captureDispatchPointer( 13726791661000,13726847362000, 2, 893.172974, 1332.306030,0.20784314,0.06666667,0,0.0,0.0,65539,0, 0)
captureUserWait ( 8 )
captureDispatchPointer( 13726791661000,13726855876000, 1, 893.172974, 1332.306030,0.20784314,0.06666667,0,0.0,0.0,65539,0, 0)
captureUserWait ( 347 )
captureDispatchPointer( 13727203364000,13727203364000, 0, 344.680847, 1318.313354,0.20784314,0.06666667,0,0.0,0.0,65539,0, 0)
captureUserWait ( 28 )
captureDispatchPointer( 13727203364000,13727231453000, 2, 344.680847, 1318.313354,0.20784314,0.06666667,0,0.0,0.0,65539,0, 0)
captureUserWait ( 9 )
captureDispatchPointer( 13727203364000,13727240954000, 2, 344.680847, 1318.313354,0.20784314,0.06666667,0,0.0,0.0,65539,0, 0)
captureUserWait ( 27 )
captureDispatchPointer( 13727203364000,13727268254000, 1, 344.680847, 1318.313354,0.20784314,0.06666667,0,0.0,0.0,65539,0, 0)
captureUserWait ( 693 )
captureDispatchPointer( 13727962050000,13727962050000, 0, 599.444946, 1838.042603,0.20784314,0.06666667,0,0.0,0.0,65539,0, 0)
captureUserWait ( 8 )
captureDispatchPointer( 13727962050000,13727970458000, 2, 599.444946, 1838.042603,0.20784314,0.06666667,0,0.0,0.0,65539,0, 0)
captureUserWait ( 28 )
captureDispatchPointer( 13727962050000,13727998900000, 2, 599.444946, 1838.042603,0.20784314,0.06666667,0,0.0,0.0,65539,0, 0)
captureUserWait ( 8 )
captureDispatchPointer( 13727962050000,13728007066000, 1, 599.444946, 1838.042603,0.20784314,0.06666667,0,0.0,0.0,65539,0, 0)
captureUserWait ( 2415 )
compareScreenshot(2014-11-20_05-40-05.jpg, 0, 0, 1080, 1920, 0, 1.0, 10)
captureDispatchPointer( 13730422564000,13730422564000, 0, 323.700287, 1505.215942,0.20784314,0.06666667,0,0.0,0.0,65539,0, 0)
captureUserWait ( 74 )
captureDispatchPointer( 13730422564000,13730496955000, 2, 323.700287, 1505.215942,0.20784314,0.06666667,0,0.0,0.0,65539,0, 0)
captureUserWait ( 8 )
captureDispatchPointer( 13730422564000,13730505182000, 1, 323.700287, 1505.215942,0.20784314,0.06666667,0,0.0,0.0,65539,0, 0)
captureUserWait ( 646 )
captureDispatchPointer( 13731151860000,13731151860000, 0, 373.654022, 1334.305054,0.20784314,0.06666667,0,0.0,0.0,65539,0, 0)
captureUserWait ( 27 )
captureDispatchPointer( 13731151860000,13731179335000, 2, 373.654022, 1334.305054,0.20784314,0.06666667,0,0.0,0.0,65539,0, 0)
captureUserWait ( 8 )
captureDispatchPointer( 13731151860000,13731187681000, 1, 373.654022, 1334.305054,0.20784314,0.06666667,0,0.0,0.0,65539,0, 0)
captureUserWait ( 636 )
captureDispatchPointer( 13731824325000,13731824325000, 0, 809.250671, 1321.311768,0.20784314,0.06666667,0,0.0,0.0,65539,0, 0)
captureUserWait ( 37 )
captureDispatchPointer( 13731824325000,13731861491000, 2, 809.250671, 1321.311768,0.20784314,0.06666667,0,0.0,0.0,65539,0, 0)
captureUserWait ( 8 )
captureDispatchPointer( 13731824325000,13731869969000, 1, 809.250671, 1321.311768,0.20784314,0.06666667,0,0.0,0.0,65539,0, 0)
captureUserWait ( 731 )
captureDispatchPointer( 13732601470000,13732601470000, 0, 764.292297, 1680.124878,0.20784314,0.06666667,0,0.0,0.0,65539,0, 0)
captureUserWait ( 18 )
captureDispatchPointer( 13732601470000,13732619533000, 2, 764.292297, 1680.124878,0.20784314,0.06666667,0,0.0,0.0,65539,0, 0)
captureUserWait ( 9 )
captureDispatchPointer( 13732601470000,13732629015000, 2, 764.292297, 1680.124878,0.20784314,0.06666667,0,0.0,0.0,65539,0, 0)
captureUserWait ( 9 )
captureDispatchPointer( 13732601470000,13732638446000, 2, 764.292297, 1680.124878,0.20784314,0.06666667,0,0.0,0.0,65539,0, 0)
captureUserWait ( 9 )
captureDispatchPointer( 13732601470000,13732647969000, 2, 764.292297, 1680.124878,0.20784314,0.06666667,0,0.0,0.0,65539,0, 0)
captureUserWait ( 27 )
captureDispatchPointer( 13732601470000,13732675061000, 1, 764.292297, 1680.124878,0.20784314,0.06666667,0,0.0,0.0,65539,0, 0)
captureUserWait ( 681 )
captureDispatchPointer( 13733357000000,13733357000000, 0, 862.201660, 1504.216553,0.20784314,0.06666667,0,0.0,0.0,65539,0, 0)
captureUserWait ( 18 )
captureDispatchPointer( 13733357000000,13733375192000, 2, 862.201660, 1504.216553,0.20784314,0.06666667,0,0.0,0.0,65539,0, 0)
captureUserWait ( 9 )
captureDispatchPointer( 13733357000000,13733384596000, 2, 862.201660, 1504.216553,0.20784314,0.06666667,0,0.0,0.0,65539,0, 0)
captureUserWait ( 9 )
captureDispatchPointer( 13733357000000,13733394103000, 2, 862.201660, 1504.216553,0.20784314,0.06666667,0,0.0,0.0,65539,0, 0)
captureUserWait ( 8 )
captureDispatchPointer( 13733357000000,13733402336000, 1, 862.201660, 1504.216553,0.20784314,0.06666667,0,0.0,0.0,65539,0, 0)
captureUserWait ( 646 )
captureDispatchPointer( 13734048877000,13734048877000, 0, 231.785385, 1501.218018,0.20784314,0.06666667,0,0.0,0.0,65539,0, 0)
captureUserWait ( 7 )
captureDispatchPointer( 13734048877000,13734056598000, 1, 231.785385, 1501.218018,0.20784314,0.06666667,0,0.0,0.0,65539,0, 0)
captureUserWait ( 3910 )
compareScreenshot(2014-11-20_05-40-12.jpg, 0, 0, 1080, 1920, 0, 1.0, 10)
captureDispatchPointer( 13737966918000,13737966918000, 0, 579.463440, 1814.055176,0.20784314,0.06666667,0,0.0,0.0,65539,0, 0)
captureUserWait ( 17 )
captureDispatchPointer( 13737966918000,13737984673000, 2, 579.463440, 1814.055176,0.20784314,0.06666667,0,0.0,0.0,65539,0, 0)
captureUserWait ( 9 )
captureDispatchPointer( 13737966918000,13737994351000, 2, 579.463440, 1815.054565,0.20784314,0.06666667,0,0.0,0.0,65539,0, 0)
captureUserWait ( 9 )
captureDispatchPointer( 13737966918000,13738003606000, 2, 579.463440, 1816.054077,0.20784314,0.06666667,0,0.0,0.0,65539,0, 0)
captureUserWait ( 9 )
captureDispatchPointer( 13737966918000,13738013030000, 2, 579.463440, 1816.054077,0.20784314,0.06666667,0,0.0,0.0,65539,0, 0)
captureUserWait ( 9 )
captureDispatchPointer( 13737966918000,13738022524000, 2, 579.463440, 1816.054077,0.20784314,0.06666667,0,0.0,0.0,65539,0, 0)
captureUserWait ( 8 )
captureDispatchPointer( 13737966918000,13738030952000, 1, 579.463440, 1816.054077,0.20784314,0.06666667,0,0.0,0.0,65539,0, 0)
captureUserWait ( 518 )
captureDispatchPointer( 13738549367000,13738549367000, 0, 93.913040, 1496.220703,0.20784314,0.06666667,0,0.0,0.0,65539,0, 0)
captureUserWait ( 8 )
captureDispatchPointer( 13738549367000,13738558366000, 2, 93.913040, 1496.220703,0.20784314,0.06666667,0,0.0,0.0,65539,0, 0)
captureUserWait ( 9 )
captureDispatchPointer( 13738549367000,13738567837000, 2, 93.913040, 1496.220703,0.20784314,0.06666667,0,0.0,0.0,65539,0, 0)
captureUserWait ( 18 )
captureDispatchPointer( 13738549367000,13738586258000, 2, 93.913040, 1496.220703,0.20784314,0.06666667,0,0.0,0.0,65539,0, 0)
captureUserWait ( 28 )
captureDispatchPointer( 13738549367000,13738614590000, 2, 93.913040, 1496.220703,0.20784314,0.06666667,0,0.0,0.0,65539,0, 0)
captureUserWait ( 9 )
captureDispatchPointer( 13738549367000,13738624257000, 2, 93.913040, 1496.220703,0.20784314,0.06666667,0,0.0,0.0,65539,0, 0)
captureUserWait ( 9 )
captureDispatchPointer( 13738549367000,13738633467000, 2, 93.913040, 1496.220703,0.20784314,0.06666667,0,0.0,0.0,65539,0, 0)
captureUserWait ( 8 )
captureDispatchPointer( 13738549367000,13738641802000, 1, 93.913040, 1496.220703,0.20784314,0.06666667,0,0.0,0.0,65539,0, 0)
captureUserWait ( 656 )
captureDispatchPointer( 13739297817000,13739297817000, 0, 750.305298, 1662.134277,0.20784314,0.06666667,0,0.0,0.0,65539,0, 0)
captureUserWait ( 18 )
captureDispatchPointer( 13739297817000,13739315864000, 2, 750.305298, 1662.134277,0.20784314,0.06666667,0,0.0,0.0,65539,0, 0)
captureUserWait ( 37 )
captureDispatchPointer( 13739297817000,13739353697000, 2, 750.305298, 1662.134277,0.20784314,0.06666667,0,0.0,0.0,65539,0, 0)
captureUserWait ( 9 )
captureDispatchPointer( 13739297817000,13739363450000, 2, 750.305298, 1663.133789,0.20784314,0.06666667,0,0.0,0.0,65539,0, 0)
captureUserWait ( 8 )
captureDispatchPointer( 13739297817000,13739371486000, 1, 750.305298, 1663.133789,0.20784314,0.06666667,0,0.0,0.0,65539,0, 0)
captureUserWait ( 527 )
captureDispatchPointer( 13739899325000,13739899325000, 0, 325.698425, 1501.218018,0.20784314,0.06666667,0,0.0,0.0,65539,0, 0)
captureUserWait ( 18 )
captureDispatchPointer( 13739899325000,13739917415000, 2, 325.698425, 1502.217529,0.20784314,0.06666667,0,0.0,0.0,65539,0, 0)
captureUserWait ( 9 )
captureDispatchPointer( 13739899325000,13739926867000, 2, 325.698425, 1503.217041,0.20784314,0.06666667,0,0.0,0.0,65539,0, 0)
captureUserWait ( 8 )
captureDispatchPointer( 13739899325000,13739935446000, 1, 325.698425, 1503.217041,0.20784314,0.06666667,0,0.0,0.0,65539,0, 0)
captureUserWait ( 48 )
captureDispatchPointer( 13739983638000,13739983638000, 0, 326.697510, 1506.215454,0.20784314,0.06666667,0,0.0,0.0,65539,0, 0)
captureUserWait ( 8 )
captureDispatchPointer( 13739983638000,13739991927000, 1, 326.697510, 1506.215454,0.20784314,0.06666667,0,0.0,0.0,65539,0, 0)
captureUserWait ( 1467 )
compareScreenshot(2014-11-20_05-40-16.jpg, 0, 0, 1080, 1920, 0, 1.0, 10)
captureDispatchPointer( 13741459032000,13741459032000, 0, 996.077698, 1670.130127,0.20784314,0.06666667,0,0.0,0.0,65539,0, 0)
captureUserWait ( 37 )
captureDispatchPointer( 13741459032000,13741496593000, 2, 996.077698, 1670.130127,0.20784314,0.06666667,0,0.0,0.0,65539,0, 0)
captureUserWait ( 9 )
captureDispatchPointer( 13741459032000,13741506040000, 2, 997.076782, 1670.130127,0.20784314,0.06666667,0,0.0,0.0,65539,0, 0)
captureUserWait ( 8 )
captureDispatchPointer( 13741459032000,13741514600000, 1, 997.076782, 1670.130127,0.20784314,0.06666667,0,0.0,0.0,65539,0, 0)
captureUserWait ( 1008 )
compareScreenshot(2014-11-20_05-40-17.jpg, 0, 0, 1080, 1920, 0, 1.0, 10)
captureDispatchPointer( 13742523414000,13742523414000, 0, 631.415344, 1825.049438,0.20784314,0.06666667,0,0.0,0.0,65539,0, 0)
captureUserWait ( 8 )
captureDispatchPointer( 13742523414000,13742532049000, 2, 631.415344, 1825.049438,0.20784314,0.06666667,0,0.0,0.0,65539,0, 0)
captureUserWait ( 37 )
captureDispatchPointer( 13742523414000,13742569888000, 2, 631.415344, 1825.049438,0.20784314,0.06666667,0,0.0,0.0,65539,0, 0)
captureUserWait ( 8 )
captureDispatchPointer( 13742523414000,13742578179000, 1, 631.415344, 1825.049438,0.20784314,0.06666667,0,0.0,0.0,65539,0, 0)
captureUserWait ( 646 )
captureDispatchPointer( 13743224699000,13743224699000, 0, 109.898239, 1489.224365,0.20784314,0.06666667,0,0.0,0.0,65539,0, 0)
captureUserWait ( 28 )
captureDispatchPointer( 13743224699000,13743252884000, 2, 109.898239, 1489.224365,0.20784314,0.06666667,0,0.0,0.0,65539,0, 0)
captureUserWait ( 9 )
captureDispatchPointer( 13743224699000,13743261901000, 2, 109.898239, 1489.224365,0.20784314,0.06666667,0,0.0,0.0,65539,0, 0)
captureUserWait ( 17 )
captureDispatchPointer( 13743224699000,13743279668000, 1, 109.898239, 1489.224365,0.20784314,0.06666667,0,0.0,0.0,65539,0, 0)
captureUserWait ( 992 )
captureDispatchPointer( 13744272329000,13744272329000, 0, 588.455139, 1811.056641,0.20784314,0.06666667,0,0.0,0.0,65539,0, 0)
captureUserWait ( 8 )
captureDispatchPointer( 13744272329000,13744280925000, 2, 588.455139, 1811.056641,0.20784314,0.06666667,0,0.0,0.0,65539,0, 0)
captureUserWait ( 28 )
captureDispatchPointer( 13744272329000,13744309149000, 2, 588.455139, 1812.056152,0.20784314,0.06666667,0,0.0,0.0,65539,0, 0)
captureUserWait ( 9 )
captureDispatchPointer( 13744272329000,13744318591000, 2, 588.455139, 1813.055664,0.20784314,0.06666667,0,0.0,0.0,65539,0, 0)
captureUserWait ( 28 )
captureDispatchPointer( 13744272329000,13744346902000, 2, 588.455139, 1813.055664,0.20784314,0.06666667,0,0.0,0.0,65539,0, 0)
captureUserWait ( 8 )
captureDispatchPointer( 13744272329000,13744355207000, 1, 588.455139, 1813.055664,0.20784314,0.06666667,0,0.0,0.0,65539,0, 0)
captureUserWait ( 656 )
captureDispatchPointer( 13745011433000,13745011433000, 0, 434.597595, 1493.222290,0.20784314,0.06666667,0,0.0,0.0,65539,0, 0)
captureUserWait ( 36 )
captureDispatchPointer( 13745011433000,13745048256000, 2, 434.597595, 1493.222290,0.20784314,0.06666667,0,0.0,0.0,65539,0, 0)
captureUserWait ( 8 )
captureDispatchPointer( 13745011433000,13745056498000, 1, 434.597595, 1493.222290,0.20784314,0.06666667,0,0.0,0.0,65539,0, 0)
captureUserWait ( 945 )
captureDispatchPointer( 13746001904000,13746001904000, 0, 891.174866, 1354.294556,0.20784314,0.06666667,0,0.0,0.0,65539,0, 0)
captureUserWait ( 55 )
captureDispatchPointer( 13746001904000,13746057709000, 2, 891.174866, 1354.294556,0.20784314,0.06666667,0,0.0,0.0,65539,0, 0)
captureUserWait ( 8 )
captureDispatchPointer( 13746001904000,13746066330000, 1, 891.174866, 1354.294556,0.20784314,0.06666667,0,0.0,0.0,65539,0, 0)
captureUserWait ( 3907 )
compareScreenshot(2014-11-20_05-40-24.jpg, 0, 0, 1080, 1920, 0, 1.0, 10)
captureDispatchPointer( 13749974139000,13749974139000, 0, 900.166504, 1332.306030,0.20784314,0.06666667,0,0.0,0.0,65539,0, 0)
captureUserWait ( 55 )
captureDispatchPointer( 13749974139000,13750029308000, 2, 900.166504, 1332.306030,0.20784314,0.06666667,0,0.0,0.0,65539,0, 0)
captureUserWait ( 9 )
captureDispatchPointer( 13749974139000,13750038802000, 2, 900.166504, 1332.306030,0.20784314,0.06666667,0,0.0,0.0,65539,0, 0)
captureUserWait ( 17 )
captureDispatchPointer( 13749974139000,13750056728000, 1, 900.166504, 1332.306030,0.20784314,0.06666667,0,0.0,0.0,65539,0, 0)
captureUserWait ( 842 )
captureDispatchPointer( 13750899466000,13750899466000, 0, 488.547638, 1331.306519,0.20784314,0.06666667,0,0.0,0.0,65539,0, 0)
captureUserWait ( 27 )
captureDispatchPointer( 13750899466000,13750927098000, 2, 488.547638, 1331.306519,0.20784314,0.06666667,0,0.0,0.0,65539,0, 0)
captureUserWait ( 10 )
captureDispatchPointer( 13750899466000,13750937230000, 2, 488.547638, 1331.306519,0.20784314,0.06666667,0,0.0,0.0,65539,0, 0)
captureUserWait ( 26 )
captureDispatchPointer( 13750899466000,13750963944000, 1, 488.547638, 1331.306519,0.20784314,0.06666667,0,0.0,0.0,65539,0, 0)
captureUserWait ( 665 )
captureDispatchPointer( 13751628990000,13751628990000, 0, 639.407959, 1649.140991,0.20784314,0.06666667,0,0.0,0.0,65539,0, 0)
captureUserWait ( 18 )
captureDispatchPointer( 13751628990000,13751647127000, 2, 639.407959, 1649.140991,0.20784314,0.06666667,0,0.0,0.0,65539,0, 0)
captureUserWait ( 18 )
captureDispatchPointer( 13751628990000,13751666067000, 2, 639.407959, 1649.140991,0.20784314,0.06666667,0,0.0,0.0,65539,0, 0)
captureUserWait ( 18 )
captureDispatchPointer( 13751628990000,13751684943000, 2, 639.407959, 1649.140991,0.20784314,0.06666667,0,0.0,0.0,65539,0, 0)
captureUserWait ( 8 )
captureDispatchPointer( 13751628990000,13751693197000, 1, 639.407959, 1649.140991,0.20784314,0.06666667,0,0.0,0.0,65539,0, 0)
captureUserWait ( 395 )
captureDispatchPointer( 13752088696000,13752088696000, 0, 107.900093, 1512.212402,0.20784314,0.06666667,0,0.0,0.0,65539,0, 0)
captureUserWait ( 36 )
captureDispatchPointer( 13752088696000,13752125647000, 2, 107.900093, 1512.212402,0.20784314,0.06666667,0,0.0,0.0,65539,0, 0)
captureUserWait ( 27 )
captureDispatchPointer( 13752088696000,13752152852000, 1, 107.900093, 1512.212402,0.20784314,0.06666667,0,0.0,0.0,65539,0, 0)
captureUserWait ( 656 )
captureDispatchPointer( 13752808955000,13752808955000, 0, 932.136902, 1504.216553,0.20784314,0.06666667,0,0.0,0.0,65539,0, 0)
captureUserWait ( 36 )
captureDispatchPointer( 13752808955000,13752845903000, 2, 932.136902, 1504.216553,0.20784314,0.06666667,0,0.0,0.0,65539,0, 0)
captureUserWait ( 8 )
captureDispatchPointer( 13752808955000,13752854447000, 1, 932.136902, 1504.216553,0.20784314,0.06666667,0,0.0,0.0,65539,0, 0)
captureUserWait ( 356 )
captureDispatchPointer( 13753211212000,13753211212000, 0, 926.142456, 1495.221191,0.20784314,0.06666667,0,0.0,0.0,65539,0, 0)
captureUserWait ( 9 )
captureDispatchPointer( 13753211212000,13753220445000, 2, 926.142456, 1495.221191,0.20784314,0.06666667,0,0.0,0.0,65539,0, 0)
captureUserWait ( 55 )
captureDispatchPointer( 13753211212000,13753276166000, 1, 926.142456, 1495.221191,0.20784314,0.06666667,0,0.0,0.0,65539,0, 0)
captureUserWait ( 7152 )
compareScreenshot(2014-11-20_05-40-35.jpg, 0, 0, 1080, 1920, 0, 1.0, 10)
captureDispatchPointer( 13760428255000,13760428255000, 0, 607.437561, 1836.043701,0.20784314,0.06666667,0,0.0,0.0,65539,0, 0)
captureUserWait ( 45 )
captureDispatchPointer( 13760428255000,13760473413000, 1, 607.437561, 1836.043701,0.20784314,0.06666667,0,0.0,0.0,65539,0, 0)
captureUserWait ( 574 )
captureDispatchPointer( 13761047728000,13761047728000, 0, 514.523621, 1492.222778,0.20784314,0.06666667,0,0.0,0.0,65539,0, 0)
captureUserWait ( 47 )
captureDispatchPointer( 13761047728000,13761094919000, 2, 514.523621, 1493.222290,0.20784314,0.06666667,0,0.0,0.0,65539,0, 0)
captureUserWait ( 8 )
captureDispatchPointer( 13761047728000,13761103505000, 1, 514.523621, 1493.222290,0.20784314,0.06666667,0,0.0,0.0,65539,0, 0)
captureUserWait ( 489 )
captureDispatchPointer( 13761593451000,13761593451000, 0, 127.881592, 1514.211304,0.20784314,0.06666667,0,0.0,0.0,65539,0, 0)
captureUserWait ( 46 )
captureDispatchPointer( 13761593451000,13761639843000, 2, 127.881592, 1514.211304,0.20784314,0.06666667,0,0.0,0.0,65539,0, 0)
captureUserWait ( 8 )
captureDispatchPointer( 13761593451000,13761648380000, 1, 127.881592, 1514.211304,0.20784314,0.06666667,0,0.0,0.0,65539,0, 0)
captureUserWait ( 480 )
captureDispatchPointer( 13762128842000,13762128842000, 0, 846.216492, 1659.135864,0.20784314,0.06666667,0,0.0,0.0,65539,0, 0)
captureUserWait ( 8 )
captureDispatchPointer( 13762128842000,13762137651000, 2, 846.216492, 1659.135864,0.20784314,0.06666667,0,0.0,0.0,65539,0, 0)
captureUserWait ( 46 )
captureDispatchPointer( 13762128842000,13762184635000, 2, 846.216492, 1660.135254,0.20784314,0.06666667,0,0.0,0.0,65539,0, 0)
captureUserWait ( 9 )
captureDispatchPointer( 13762128842000,13762194151000, 2, 846.216492, 1661.134766,0.20784314,0.06666667,0,0.0,0.0,65539,0, 0)
captureUserWait ( 18 )
captureDispatchPointer( 13762128842000,13762212161000, 1, 846.216492, 1661.134766,0.20784314,0.06666667,0,0.0,0.0,65539,0, 0)
captureUserWait ( 499 )
captureDispatchPointer( 13762711487000,13762711487000, 0, 275.744690, 1319.312866,0.20784314,0.06666667,0,0.0,0.0,65539,0, 0)
captureUserWait ( 46 )
captureDispatchPointer( 13762711487000,13762757944000, 2, 275.744690, 1319.312866,0.20784314,0.06666667,0,0.0,0.0,65539,0, 0)
captureUserWait ( 9 )
captureDispatchPointer( 13762711487000,13762767287000, 2, 275.744690, 1319.312866,0.20784314,0.06666667,0,0.0,0.0,65539,0, 0)
captureUserWait ( 8 )
captureDispatchPointer( 13762711487000,13762775595000, 1, 275.744690, 1319.312866,0.20784314,0.06666667,0,0.0,0.0,65539,0, 0)
captureUserWait ( 3004 )
compareScreenshot(2014-11-20_05-40-40.jpg, 0, 0, 1080, 1920, 0, 1.0, 10)
captureDispatchPointer( 13765779709000,13765779709000, 0, 849.213684, 1841.041138,0.20784314,0.06666667,0,0.0,0.0,65539,0, 0)
captureUserWait ( 54 )
captureDispatchPointer( 13765779709000,13765834383000, 1, 849.213684, 1841.041138,0.20784314,0.06666667,0,0.0,0.0,65539,0, 0)
captureUserWait ( 1128 )
compareScreenshot(2014-11-20_05-40-41.jpg, 0, 0, 1080, 1920, 0, 1.0, 10)
captureDispatchPointer( 13766962956000,13766962956000, 0, 597.446838, 1836.043701,0.20784314,0.06666667,0,0.0,0.0,65539,0, 0)
captureUserWait ( 9 )
captureDispatchPointer( 13766962956000,13766972324000, 2, 597.446838, 1836.043701,0.20784314,0.06666667,0,0.0,0.0,65539,0, 0)
captureUserWait ( 9 )
captureDispatchPointer( 13766962956000,13766981735000, 2, 597.446838, 1836.043701,0.20784314,0.06666667,0,0.0,0.0,65539,0, 0)
captureUserWait ( 18 )
captureDispatchPointer( 13766962956000,13767000614000, 2, 597.446838, 1836.043701,0.20784314,0.06666667,0,0.0,0.0,65539,0, 0)
captureUserWait ( 8 )
captureDispatchPointer( 13766962956000,13767009125000, 1, 597.446838, 1836.043701,0.20784314,0.06666667,0,0.0,0.0,65539,0, 0)
captureUserWait ( 2815 )
compareScreenshot(2014-11-20_05-40-44.jpg, 0, 0, 1080, 1920, 0, 1.0, 10)
captureDispatchPointer( 13769825086000,13769825086000, 0, 423.607788, 1662.134277,0.20784314,0.06666667,0,0.0,0.0,65539,0, 0)
captureUserWait ( 7 )
captureDispatchPointer( 13769825086000,13769833017000, 2, 423.607788, 1662.134277,0.20784314,0.06666667,0,0.0,0.0,65539,0, 0)
captureUserWait ( 37 )
captureDispatchPointer( 13769825086000,13769870964000, 2, 423.607788, 1662.134277,0.20784314,0.06666667,0,0.0,0.0,65539,0, 0)
captureUserWait ( 17 )
captureDispatchPointer( 13769825086000,13769888765000, 1, 423.607788, 1662.134277,0.20784314,0.06666667,0,0.0,0.0,65539,0, 0)
captureUserWait ( 556 )
captureDispatchPointer( 13770444836000,13770444836000, 0, 970.101746, 1501.218018,0.20784314,0.06666667,0,0.0,0.0,65539,0, 0)
captureUserWait ( 54 )
captureDispatchPointer( 13770444836000,13770499773000, 1, 970.101746, 1501.218018,0.20784314,0.06666667,0,0.0,0.0,65539,0, 0)
captureUserWait ( 452 )
captureDispatchPointer( 13770952195000,13770952195000, 0, 806.253479, 1321.311768,0.20784314,0.06666667,0,0.0,0.0,65539,0, 0)
captureUserWait ( 8 )
captureDispatchPointer( 13770952195000,13770960675000, 2, 806.253479, 1321.311768,0.20784314,0.06666667,0,0.0,0.0,65539,0, 0)
captureUserWait ( 47 )
captureDispatchPointer( 13770952195000,13771007824000, 2, 806.253479, 1321.311768,0.20784314,0.06666667,0,0.0,0.0,65539,0, 0)
captureUserWait ( 17 )
captureDispatchPointer( 13770952195000,13771025753000, 1, 806.253479, 1321.311768,0.20784314,0.06666667,0,0.0,0.0,65539,0, 0)
captureUserWait ( 556 )
captureDispatchPointer( 13771581833000,13771581833000, 0, 416.614258, 1652.139526,0.20784314,0.06666667,0,0.0,0.0,65539,0, 0)
captureUserWait ( 8 )
captureDispatchPointer( 13771581833000,13771590611000, 2, 416.614258, 1652.139526,0.20784314,0.06666667,0,0.0,0.0,65539,0, 0)
captureUserWait ( 18 )
captureDispatchPointer( 13771581833000,13771609462000, 2, 416.614258, 1652.139526,0.20784314,0.06666667,0,0.0,0.0,65539,0, 0)
captureUserWait ( 18 )
captureDispatchPointer( 13771581833000,13771628364000, 2, 416.614258, 1652.139526,0.20784314,0.06666667,0,0.0,0.0,65539,0, 0)
captureUserWait ( 17 )
captureDispatchPointer( 13771581833000,13771646103000, 1, 416.614258, 1652.139526,0.20784314,0.06666667,0,0.0,0.0,65539,0, 0)
captureUserWait ( 546 )
captureDispatchPointer( 13772193051000,13772193051000, 0, 853.210022, 1511.212891,0.20784314,0.06666667,0,0.0,0.0,65539,0, 0)
captureUserWait ( 46 )
captureDispatchPointer( 13772193051000,13772239559000, 2, 853.210022, 1511.212891,0.20784314,0.06666667,0,0.0,0.0,65539,0, 0)
captureUserWait ( 8 )
captureDispatchPointer( 13772193051000,13772248050000, 1, 853.210022, 1511.212891,0.20784314,0.06666667,0,0.0,0.0,65539,0, 0)
captureUserWait ( 4237 )
compareScreenshot(2014-11-20_05-40-51.jpg, 0, 0, 1080, 1920, 0, 1.0, 10)
captureDispatchPointer( 13776485270000,13776485270000, 0, 216.799255, 1835.044189,0.20784314,0.06666667,0,0.0,0.0,65539,0, 0)
captureUserWait ( 64 )
captureDispatchPointer( 13776485270000,13776549281000, 1, 216.799255, 1835.044189,0.20784314,0.06666667,0,0.0,0.0,65539,0, 0)
captureUserWait ( 1541 )
compareScreenshot(2014-11-20_05-40-52.jpg, 0, 0, 1080, 1920, 0, 1.0, 10)
captureDispatchPointer( 13778090816000,13778090816000, 0, 571.470886, 1841.041138,0.20784314,0.06666667,0,0.0,0.0,65539,0, 0)
captureUserWait ( 45 )
captureDispatchPointer( 13778090816000,13778136474000, 2, 571.470886, 1841.041138,0.20784314,0.06666667,0,0.0,0.0,65539,0, 0)
captureUserWait ( 8 )
captureDispatchPointer( 13778090816000,13778144755000, 1, 571.470886, 1841.041138,0.20784314,0.06666667,0,0.0,0.0,65539,0, 0)
captureUserWait ( 575 )
captureDispatchPointer( 13778719760000,13778719760000, 0, 425.605927, 1662.134277,0.20784314,0.06666667,0,0.0,0.0,65539,0, 0)
captureUserWait ( 37 )
captureDispatchPointer( 13778719760000,13778756976000, 2, 425.605927, 1662.134277,0.20784314,0.06666667,0,0.0,0.0,65539,0, 0)
captureUserWait ( 9 )
captureDispatchPointer( 13778719760000,13778766427000, 2, 425.605927, 1662.134277,0.20784314,0.06666667,0,0.0,0.0,65539,0, 0)
captureUserWait ( 8 )
captureDispatchPointer( 13778719760000,13778774910000, 1, 425.605927, 1662.134277,0.20784314,0.06666667,0,0.0,0.0,65539,0, 0)
captureUserWait ( 414 )
captureDispatchPointer( 13779189110000,13779189110000, 0, 963.108215, 1507.214966,0.20784314,0.06666667,0,0.0,0.0,65539,0, 0)
captureUserWait ( 64 )
captureDispatchPointer( 13779189110000,13779253514000, 1, 963.108215, 1507.214966,0.20784314,0.06666667,0,0.0,0.0,65539,0, 0)
captureUserWait ( 357 )
captureDispatchPointer( 13779611379000,13779611379000, 0, 769.287720, 1354.294556,0.20784314,0.06666667,0,0.0,0.0,65539,0, 0)
captureUserWait ( 64 )
captureDispatchPointer( 13779611379000,13779675444000, 1, 769.287720, 1354.294556,0.20784314,0.06666667,0,0.0,0.0,65539,0, 0)
captureUserWait ( 452 )
captureDispatchPointer( 13780127711000,13780127711000, 0, 423.607788, 1650.140503,0.20784314,0.06666667,0,0.0,0.0,65539,0, 0)
captureUserWait ( 46 )
captureDispatchPointer( 13780127711000,13780174205000, 2, 423.607788, 1650.140503,0.20784314,0.06666667,0,0.0,0.0,65539,0, 0)
captureUserWait ( 9 )
captureDispatchPointer( 13780127711000,13780183680000, 2, 423.607788, 1650.140503,0.20784314,0.06666667,0,0.0,0.0,65539,0, 0)
captureUserWait ( 8 )
captureDispatchPointer( 13780127711000,13780192133000, 1, 423.607788, 1650.140503,0.20784314,0.06666667,0,0.0,0.0,65539,0, 0)
captureUserWait ( 414 )
captureDispatchPointer( 13780606143000,13780606143000, 0, 855.208130, 1496.220703,0.20784314,0.06666667,0,0.0,0.0,65539,0, 0)
captureUserWait ( 8 )
captureDispatchPointer( 13780606143000,13780615028000, 2, 855.208130, 1496.220703,0.20784314,0.06666667,0,0.0,0.0,65539,0, 0)
captureUserWait ( 37 )
captureDispatchPointer( 13780606143000,13780652873000, 2, 855.208130, 1496.220703,0.20784314,0.06666667,0,0.0,0.0,65539,0, 0)
captureUserWait ( 9 )
captureDispatchPointer( 13780606143000,13780662307000, 2, 855.208130, 1496.220703,0.20784314,0.06666667,0,0.0,0.0,65539,0, 0)
captureUserWait ( 8 )
captureDispatchPointer( 13780606143000,13780670579000, 1, 855.208130, 1496.220703,0.20784314,0.06666667,0,0.0,0.0,65539,0, 0)
captureUserWait ( 1387 )
compareScreenshot(2014-11-20_05-40-56.jpg, 0, 0, 1080, 1920, 0, 1.0, 10)
captureDispatchPointer( 13782058551000,13782058551000, 0, 653.395020, 1817.053589,0.20784314,0.06666667,0,0.0,0.0,65539,0, 0)
captureUserWait ( 17 )
captureDispatchPointer( 13782058551000,13782076324000, 2, 653.395020, 1817.053589,0.20784314,0.06666667,0,0.0,0.0,65539,0, 0)
captureUserWait ( 18 )
captureDispatchPointer( 13782058551000,13782095278000, 2, 653.395020, 1817.053589,0.20784314,0.06666667,0,0.0,0.0,65539,0, 0)
captureUserWait ( 9 )
captureDispatchPointer( 13782058551000,13782104625000, 2, 653.395020, 1817.053589,0.20784314,0.06666667,0,0.0,0.0,65539,0, 0)
captureUserWait ( 8 )
captureDispatchPointer( 13782058551000,13782112912000, 1, 653.395020, 1817.053589,0.20784314,0.06666667,0,0.0,0.0,65539,0, 0)
captureUserWait ( 5397 )
compareScreenshot(2014-11-20_05-41-02.jpg, 0, 0, 1080, 1920, 0, 1.0, 10)
captureDispatchPointer( 13787510142000,13787510142000, 0, 419.611481, 1693.118164,0.20784314,0.06666667,0,0.0,0.0,65539,0, 0)
captureUserWait ( 7 )
captureDispatchPointer( 13787510142000,13787517937000, 2, 419.611481, 1693.118164,0.20784314,0.06666667,0,0.0,0.0,65539,0, 0)
captureUserWait ( 47 )
captureDispatchPointer( 13787510142000,13787565189000, 2, 419.611481, 1693.118164,0.20784314,0.06666667,0,0.0,0.0,65539,0, 0)
captureUserWait ( 17 )
captureDispatchPointer( 13787510142000,13787582874000, 1, 419.611481, 1693.118164,0.20784314,0.06666667,0,0.0,0.0,65539,0, 0)
captureUserWait ( 480 )
captureDispatchPointer( 13788063663000,13788063663000, 0, 899.167419, 1328.308105,0.20784314,0.06666667,0,0.0,0.0,65539,0, 0)
captureUserWait ( 55 )
captureDispatchPointer( 13788063663000,13788119518000, 2, 899.167419, 1328.308105,0.20784314,0.06666667,0,0.0,0.0,65539,0, 0)
captureUserWait ( 9 )
captureDispatchPointer( 13788063663000,13788128993000, 2, 899.167419, 1328.308105,0.20784314,0.06666667,0,0.0,0.0,65539,0, 0)
captureUserWait ( 17 )
captureDispatchPointer( 13788063663000,13788146680000, 1, 899.167419, 1328.308105,0.20784314,0.06666667,0,0.0,0.0,65539,0, 0)
captureUserWait ( 594 )
captureDispatchPointer( 13788740815000,13788740815000, 0, 853.210022, 1663.133789,0.20784314,0.06666667,0,0.0,0.0,65539,0, 0)
captureUserWait ( 65 )
captureDispatchPointer( 13788740815000,13788806350000, 2, 853.210022, 1663.133789,0.20784314,0.06666667,0,0.0,0.0,65539,0, 0)
captureUserWait ( 9 )
captureDispatchPointer( 13788740815000,13788815799000, 2, 853.210022, 1663.133789,0.20784314,0.06666667,0,0.0,0.0,65539,0, 0)
captureUserWait ( 28 )
captureDispatchPointer( 13788740815000,13788844168000, 2, 853.210022, 1663.133789,0.20784314,0.06666667,0,0.0,0.0,65539,0, 0)
captureUserWait ( 8 )
captureDispatchPointer( 13788740815000,13788852417000, 1, 853.210022, 1663.133789,0.20784314,0.06666667,0,0.0,0.0,65539,0, 0)
captureUserWait ( 480 )
captureDispatchPointer( 13789333381000,13789333381000, 0, 863.200745, 1647.142090,0.20784314,0.06666667,0,0.0,0.0,65539,0, 0)
captureUserWait ( 84 )
captureDispatchPointer( 13789333381000,13789417427000, 2, 863.200745, 1647.142090,0.20784314,0.06666667,0,0.0,0.0,65539,0, 0)
captureUserWait ( 8 )
captureDispatchPointer( 13789333381000,13789425881000, 1, 863.200745, 1647.142090,0.20784314,0.06666667,0,0.0,0.0,65539,0, 0)
captureUserWait ( 1533 )
compareScreenshot(2014-11-20_05-41-05.jpg, 0, 0, 1080, 1920, 0, 1.0, 10)
captureDispatchPointer( 13790958998000,13790958998000, 0, 246.771515, 1318.313354,0.20784314,0.06666667,0,0.0,0.0,65539,0, 0)
captureUserWait ( 74 )
captureDispatchPointer( 13790958998000,13791033773000, 2, 246.771515, 1318.313354,0.20784314,0.06666667,0,0.0,0.0,65539,0, 0)
captureUserWait ( 17 )
captureDispatchPointer( 13790958998000,13791051510000, 1, 246.771515, 1318.313354,0.20784314,0.06666667,0,0.0,0.0,65539,0, 0)
captureUserWait ( 2819 )
compareScreenshot(2014-11-20_05-41-08.jpg, 0, 0, 1080, 1920, 0, 1.0, 10)
captureDispatchPointer( 13793871066000,13793871066000, 0, 863.200745, 1656.137329,0.20784314,0.06666667,0,0.0,0.0,65539,0, 0)
captureUserWait ( 74 )
captureDispatchPointer( 13793871066000,13793945222000, 2, 863.200745, 1656.137329,0.20784314,0.06666667,0,0.0,0.0,65539,0, 0)
captureUserWait ( 8 )
captureDispatchPointer( 13793871066000,13793953524000, 1, 863.200745, 1656.137329,0.20784314,0.06666667,0,0.0,0.0,65539,0, 0)
captureUserWait ( 2124 )
compareScreenshot(2014-11-20_05-41-10.jpg, 0, 0, 1080, 1920, 0, 1.0, 10)
captureDispatchPointer( 13796078516000,13796078516000, 0, 914.153564, 1339.302368,0.20784314,0.06666667,0,0.0,0.0,65539,0, 0)
captureUserWait ( 8 )
captureDispatchPointer( 13796078516000,13796087180000, 2, 914.153564, 1339.302368,0.20784314,0.06666667,0,0.0,0.0,65539,0, 0)
captureUserWait ( 65 )
captureDispatchPointer( 13796078516000,13796152873000, 2, 914.153564, 1339.302368,0.20784314,0.06666667,0,0.0,0.0,65539,0, 0)
captureUserWait ( 8 )
captureDispatchPointer( 13796078516000,13796161223000, 1, 914.153564, 1339.302368,0.20784314,0.06666667,0,0.0,0.0,65539,0, 0)
captureUserWait ( 1397 )
compareScreenshot(2014-11-20_05-41-12.jpg, 0, 0, 1080, 1920, 0, 1.0, 10)
captureDispatchPointer( 13797558795000,13797558795000, 0, 381.646637, 1343.300293,0.20784314,0.06666667,0,0.0,0.0,65539,0, 0)
captureUserWait ( 54 )
captureDispatchPointer( 13797558795000,13797613240000, 1, 381.646637, 1343.300293,0.20784314,0.06666667,0,0.0,0.0,65539,0, 0)
captureUserWait ( 722 )
captureDispatchPointer( 13798335596000,13798335596000, 0, 116.891769, 1496.220703,0.20784314,0.06666667,0,0.0,0.0,65539,0, 0)
captureUserWait ( 74 )
captureDispatchPointer( 13798335596000,13798410314000, 2, 116.891769, 1496.220703,0.20784314,0.06666667,0,0.0,0.0,65539,0, 0)
captureUserWait ( 8 )
captureDispatchPointer( 13798335596000,13798418633000, 1, 116.891769, 1496.220703,0.20784314,0.06666667,0,0.0,0.0,65539,0, 0)
captureUserWait ( 712 )
captureDispatchPointer( 13799131403000,13799131403000, 0, 479.555969, 1342.300903,0.20784314,0.06666667,0,0.0,0.0,65539,0, 0)
captureUserWait ( 8 )
captureDispatchPointer( 13799131403000,13799140075000, 2, 479.555969, 1342.300903,0.20784314,0.06666667,0,0.0,0.0,65539,0, 0)
captureUserWait ( 75 )
captureDispatchPointer( 13799131403000,13799215640000, 2, 479.555969, 1342.300903,0.20784314,0.06666667,0,0.0,0.0,65539,0, 0)
captureUserWait ( 9 )
captureDispatchPointer( 13799131403000,13799225296000, 2, 479.555969, 1342.300903,0.20784314,0.06666667,0,0.0,0.0,65539,0, 0)
captureUserWait ( 8 )
captureDispatchPointer( 13799131403000,13799233400000, 1, 479.555969, 1342.300903,0.20784314,0.06666667,0,0.0,0.0,65539,0, 0)
captureUserWait ( 1012 )
compareScreenshot(2014-11-20_05-41-14.jpg, 0, 0, 1080, 1920, 0, 1.0, 10)
captureDispatchPointer( 13800245786000,13800245786000, 0, 785.272888, 1324.310181,0.20784314,0.06666667,0,0.0,0.0,65539,0, 0)
captureUserWait ( 17 )
captureDispatchPointer( 13800245786000,13800263120000, 2, 785.272888, 1324.310181,0.20784314,0.06666667,0,0.0,0.0,65539,0, 0)
captureUserWait ( 28 )
captureDispatchPointer( 13800245786000,13800291528000, 2, 785.272888, 1324.310181,0.20784314,0.06666667,0,0.0,0.0,65539,0, 0)
captureUserWait ( 28 )
captureDispatchPointer( 13800245786000,13800319823000, 2, 785.272888, 1324.310181,0.20784314,0.06666667,0,0.0,0.0,65539,0, 0)
captureUserWait ( 9 )
captureDispatchPointer( 13800245786000,13800329304000, 2, 785.272888, 1324.310181,0.20784314,0.06666667,0,0.0,0.0,65539,0, 0)
captureUserWait ( 8 )
captureDispatchPointer( 13800245786000,13800337746000, 1, 785.272888, 1324.310181,0.20784314,0.06666667,0,0.0,0.0,65539,0, 0)
captureUserWait ( 721 )
captureDispatchPointer( 13801059134000,13801059134000, 0, 551.489380, 1669.130615,0.20784314,0.06666667,0,0.0,0.0,65539,0, 0)
captureUserWait ( 9 )
captureDispatchPointer( 13801059134000,13801068613000, 2, 551.489380, 1669.130615,0.20784314,0.06666667,0,0.0,0.0,65539,0, 0)
captureUserWait ( 18 )
captureDispatchPointer( 13801059134000,13801087511000, 2, 551.489380, 1669.130615,0.20784314,0.06666667,0,0.0,0.0,65539,0, 0)
captureUserWait ( 9 )
captureDispatchPointer( 13801059134000,13801096982000, 2, 551.489380, 1669.130615,0.20784314,0.06666667,0,0.0,0.0,65539,0, 0)
captureUserWait ( 28 )
captureDispatchPointer( 13801059134000,13801125295000, 2, 551.489380, 1669.130615,0.20784314,0.06666667,0,0.0,0.0,65539,0, 0)
captureUserWait ( 8 )
captureDispatchPointer( 13801059134000,13801133605000, 1, 551.489380, 1669.130615,0.20784314,0.06666667,0,0.0,0.0,65539,0, 0)
captureUserWait ( 656 )
captureDispatchPointer( 13801789732000,13801789732000, 0, 293.728027, 1322.311279,0.20784314,0.06666667,0,0.0,0.0,65539,0, 0)
captureUserWait ( 84 )
captureDispatchPointer( 13801789732000,13801874023000, 2, 293.728027, 1322.311279,0.20784314,0.06666667,0,0.0,0.0,65539,0, 0)
captureUserWait ( 8 )
captureDispatchPointer( 13801789732000,13801882692000, 1, 293.728027, 1322.311279,0.20784314,0.06666667,0,0.0,0.0,65539,0, 0)
captureUserWait ( 3146 )
compareScreenshot(2014-11-20_05-41-19.jpg, 0, 0, 1080, 1920, 0, 1.0, 10)
captureDispatchPointer( 13805028745000,13805028745000, 0, 592.451416, 1851.035889,0.20784314,0.06666667,0,0.0,0.0,65539,0, 0)
captureUserWait ( 5 )
captureDispatchPointer( 13805028745000,13805033990000, 2, 592.451416, 1851.035889,0.20784314,0.06666667,0,0.0,0.0,65539,0, 0)
captureUserWait ( 29 )
captureDispatchPointer( 13805028745000,13805063069000, 2, 592.451416, 1850.036377,0.20784314,0.06666667,0,0.0,0.0,65539,0, 0)
captureUserWait ( 36 )
captureDispatchPointer( 13805028745000,13805099215000, 1, 592.451416, 1850.036377,0.20784314,0.06666667,0,0.0,0.0,65539,0, 0)
captureUserWait ( 750 )
captureDispatchPointer( 13805849691000,13805849691000, 0, 1019.056458, 1322.311279,0.20784314,0.06666667,0,0.0,0.0,65539,0, 0)
captureUserWait ( 8 )
captureDispatchPointer( 13805849691000,13805858455000, 2, 1019.056458, 1322.311279,0.20784314,0.06666667,0,0.0,0.0,65539,0, 0)
captureUserWait ( 56 )
captureDispatchPointer( 13805849691000,13805915148000, 2, 1019.056458, 1322.311279,0.20784314,0.06666667,0,0.0,0.0,65539,0, 0)
captureUserWait ( 9 )
captureDispatchPointer( 13805849691000,13805924603000, 2, 1019.056458, 1322.311279,0.20784314,0.06666667,0,0.0,0.0,65539,0, 0)
captureUserWait ( 8 )
captureDispatchPointer( 13805849691000,13805932958000, 1, 1019.056458, 1322.311279,0.20784314,0.06666667,0,0.0,0.0,65539,0, 0)
captureUserWait ( 964 )
captureDispatchPointer( 13806897225000,13806897225000, 0, 621.424622, 1512.212402,0.20784314,0.06666667,0,0.0,0.0,65539,0, 0)
captureUserWait ( 8 )
captureDispatchPointer( 13806897225000,13806905904000, 2, 621.424622, 1512.212402,0.20784314,0.06666667,0,0.0,0.0,65539,0, 0)
captureUserWait ( 66 )
captureDispatchPointer( 13806897225000,13806972022000, 2, 621.424622, 1512.212402,0.20784314,0.06666667,0,0.0,0.0,65539,0, 0)
captureUserWait ( 9 )
captureDispatchPointer( 13806897225000,13806981531000, 2, 621.424622, 1512.212402,0.20784314,0.06666667,0,0.0,0.0,65539,0, 0)
captureUserWait ( 8 )
captureDispatchPointer( 13806897225000,13806989749000, 1, 621.424622, 1512.212402,0.20784314,0.06666667,0,0.0,0.0,65539,0, 0)
captureUserWait ( 585 )
captureDispatchPointer( 13807574758000,13807574758000, 0, 909.158203, 1337.303467,0.20784314,0.06666667,0,0.0,0.0,65539,0, 0)
captureUserWait ( 93 )
captureDispatchPointer( 13807574758000,13807668236000, 2, 909.158203, 1337.303467,0.20784314,0.06666667,0,0.0,0.0,65539,0, 0)
captureUserWait ( 8 )
captureDispatchPointer( 13807574758000,13807676510000, 1, 909.158203, 1337.303467,0.20784314,0.06666667,0,0.0,0.0,65539,0, 0)
captureUserWait ( 646 )
captureDispatchPointer( 13808322971000,13808322971000, 0, 477.557831, 1329.307617,0.20784314,0.06666667,0,0.0,0.0,65539,0, 0)
captureUserWait ( 8 )
captureDispatchPointer( 13808322971000,13808331604000, 2, 477.557831, 1329.307617,0.20784314,0.06666667,0,0.0,0.0,65539,0, 0)
captureUserWait ( 9 )
captureDispatchPointer( 13808322971000,13808341070000, 2, 477.557831, 1329.307617,0.20784314,0.06666667,0,0.0,0.0,65539,0, 0)
captureUserWait ( 28 )
captureDispatchPointer( 13808322971000,13808369464000, 2, 477.557831, 1329.307617,0.20784314,0.06666667,0,0.0,0.0,65539,0, 0)
captureUserWait ( 18 )
captureDispatchPointer( 13808322971000,13808388334000, 2, 477.557831, 1329.307617,0.20784314,0.06666667,0,0.0,0.0,65539,0, 0)
captureUserWait ( 9 )
captureDispatchPointer( 13808322971000,13808397793000, 2, 477.557831, 1330.307129,0.20784314,0.06666667,0,0.0,0.0,65539,0, 0)
captureUserWait ( 8 )
captureDispatchPointer( 13808322971000,13808406322000, 1, 477.557831, 1330.307129,0.20784314,0.06666667,0,0.0,0.0,65539,0, 0)
captureUserWait ( 1694 )
compareScreenshot(2014-11-20_05-41-24.jpg, 0, 0, 1080, 1920, 0, 1.0, 10)
captureDispatchPointer( 13810100765000,13810100765000, 0, 890.175781, 1344.299805,0.20784314,0.06666667,0,0.0,0.0,65539,0, 0)
captureUserWait ( 8 )
captureDispatchPointer( 13810100765000,13810108932000, 2, 890.175781, 1344.299805,0.20784314,0.06666667,0,0.0,0.0,65539,0, 0)
captureUserWait ( 65 )
captureDispatchPointer( 13810100765000,13810174930000, 2, 890.175781, 1344.299805,0.20784314,0.06666667,0,0.0,0.0,65539,0, 0)
captureUserWait ( 8 )
captureDispatchPointer( 13810100765000,13810183134000, 1, 890.175781, 1344.299805,0.20784314,0.06666667,0,0.0,0.0,65539,0, 0)
captureUserWait ( 574 )
captureDispatchPointer( 13810757811000,13810757811000, 0, 227.789093, 1476.231079,0.20784314,0.06666667,0,0.0,0.0,65539,0, 0)
captureUserWait ( 65 )
captureDispatchPointer( 13810757811000,13810823726000, 2, 227.789093, 1476.231079,0.20784314,0.06666667,0,0.0,0.0,65539,0, 0)
captureUserWait ( 9 )
captureDispatchPointer( 13810757811000,13810833416000, 2, 227.789093, 1476.231079,0.20784314,0.06666667,0,0.0,0.0,65539,0, 0)
captureUserWait ( 9 )
captureDispatchPointer( 13810757811000,13810842679000, 2, 227.789093, 1476.231079,0.20784314,0.06666667,0,0.0,0.0,65539,0, 0)
captureUserWait ( 8 )
captureDispatchPointer( 13810757811000,13810850950000, 1, 227.789093, 1476.231079,0.20784314,0.06666667,0,0.0,0.0,65539,0, 0)
captureUserWait ( 3734 )
compareScreenshot(2014-11-20_05-41-29.jpg, 0, 0, 1080, 1920, 0, 1.0, 10)
captureDispatchPointer( 13814585621000,13814585621000, 0, 113.894547, 1831.046265,0.20784314,0.06666667,0,0.0,0.0,65539,0, 0)
captureUserWait ( 63 )
captureDispatchPointer( 13814585621000,13814649136000, 1, 113.894547, 1831.046265,0.20784314,0.06666667,0,0.0,0.0,65539,0, 0)
captureUserWait ( 1176 )
compareScreenshot(2014-11-20_05-41-30.jpg, 0, 0, 1080, 1920, 0, 1.0, 10)
captureDispatchPointer( 13815826003000,13815826003000, 0, 753.302490, 1658.136353,0.20784314,0.06666667,0,0.0,0.0,65539,0, 0)
captureUserWait ( 8 )
captureDispatchPointer( 13815826003000,13815834609000, 2, 753.302490, 1658.136353,0.20784314,0.06666667,0,0.0,0.0,65539,0, 0)
captureUserWait ( 74 )
captureDispatchPointer( 13815826003000,13815909058000, 1, 753.302490, 1658.136353,0.20784314,0.06666667,0,0.0,0.0,65539,0, 0)
captureUserWait ( 5257 )
compareScreenshot(2014-11-20_05-41-35.jpg, 0, 0, 1080, 1920, 0, 1.0, 10)
captureDispatchPointer( 13821166246000,13821166246000, 0, 991.082336, 143.925034,0.20784314,0.06666667,0,0.0,0.0,65539,0, 0)
captureUserWait ( 8 )
captureDispatchPointer( 13821166246000,13821174500000, 2, 991.082336, 143.925034,0.20784314,0.06666667,0,0.0,0.0,65539,0, 0)
captureUserWait ( 9 )
captureDispatchPointer( 13821166246000,13821183611000, 2, 991.082336, 142.925552,0.20784314,0.06666667,0,0.0,0.0,65539,0, 0)
captureUserWait ( 18 )
captureDispatchPointer( 13821166246000,13821202517000, 2, 991.082336, 141.926071,0.20784314,0.06666667,0,0.0,0.0,65539,0, 0)
captureUserWait ( 9 )
captureDispatchPointer( 13821166246000,13821211976000, 2, 991.082336, 140.926590,0.20784314,0.06666667,0,0.0,0.0,65539,0, 0)
captureUserWait ( 65 )
captureDispatchPointer( 13821166246000,13821277196000, 1, 991.082336, 140.926590,0.20784314,0.06666667,0,0.0,0.0,65539,0, 0)
captureUserWait ( 53476 )
captureUserWait ( 40000 )
compareScreenshot(2014-11-20_05-42-29.jpg, 0, 0, 1080, 1920, 0, 1.0, 10)
captureDispatchKey( 0, 0, 0, 4, 0,0,0,0)
captureUserWait ( 131 )
captureDispatchKey( 0, 0, 1, 4, 0,0,0,0)
captureUserWait ( 3274 )
compareScreenshot(2014-11-20_05-42-32.jpg, 0, 0, 1080, 1920, 0, 1.0, 10)
captureUserWait ( 1500 )
