type=raw events 1
count= 1
speed=1.0
start data >>

## line-2-min.txt
RunCmd(am start -n jp.naver.line.android/.activity.main.MainActivity --activity-single-top)
captureUserWait ( 4500 )

# select somebody to chat
compareScreenshot(2014-10-13_10-22-45.jpg, 0, 0, 1080, 1920, 0, 1.0, 10)
captureDispatchPointer( 3420521515000,3420521515000, 0, 707.345032, 504.737091,0.20784314,0.06666667,0,0.0,0.0,65539,0, 0)
captureUserWait ( 10 )
captureDispatchPointer( 3420521515000,3420531516000, 2, 707.345032, 504.737091,0.20784314,0.06666667,0,0.0,0.0,65539,0, 0)
captureUserWait ( 17 )
captureDispatchPointer( 3420521515000,3420549280000, 2, 707.345032, 505.736572,0.20784314,0.06666667,0,0.0,0.0,65539,0, 0)
captureUserWait ( 9 )
captureDispatchPointer( 3420521515000,3420558580000, 2, 707.345032, 506.736053,0.20784314,0.06666667,0,0.0,0.0,65539,0, 0)
captureUserWait ( 27 )
captureDispatchPointer( 3420521515000,3420586516000, 2, 707.345032, 506.736053,0.20784314,0.06666667,0,0.0,0.0,65539,0, 0)
captureUserWait ( 8 )
captureDispatchPointer( 3420521515000,3420594769000, 1, 707.345032, 506.736053,0.20784314,0.06666667,0,0.0,0.0,65539,0, 0)
captureUserWait ( 11445 )
captureUserWait ( 22000 )

# enter msg.
compareScreenshot(2014-10-13_10-22-57.jpg, 0, 0, 1080, 1920, 0, 1.0, 10)
captureDispatchPointer( 3432040636000,3432040636000, 0, 635.411682, 1835.044189,0.20784314,0.06666667,0,0.0,0.0,65539,0, 0)
captureUserWait ( 63 )
captureDispatchPointer( 3432040636000,3432104120000, 2, 635.411682, 1835.044189,0.20784314,0.06666667,0,0.0,0.0,65539,0, 0)
captureUserWait ( 37 )
captureDispatchPointer( 3432040636000,3432141652000, 2, 635.411682, 1835.044189,0.20784314,0.06666667,0,0.0,0.0,65539,0, 0)
captureUserWait ( 7 )
captureDispatchPointer( 3432040636000,3432149451000, 1, 635.411682, 1835.044189,0.20784314,0.06666667,0,0.0,0.0,65539,0, 0)
captureUserWait ( 1151 )
compareScreenshot(2014-10-13_10-22-58.jpg, 0, 0, 1080, 1920, 0, 1.0, 10)
captureDispatchPointer( 3433301439000,3433301439000, 0, 597.446838, 1333.305542,0.20784314,0.06666667,0,0.0,0.0,65539,0, 0)
captureUserWait ( 26 )
captureDispatchPointer( 3433301439000,3433327674000, 2, 597.446838, 1333.305542,0.20784314,0.06666667,0,0.0,0.0,65539,0, 0)
captureUserWait ( 37 )
captureDispatchPointer( 3433301439000,3433364998000, 2, 597.446838, 1333.305542,0.20784314,0.06666667,0,0.0,0.0,65539,0, 0)
captureUserWait ( 17 )
captureDispatchPointer( 3433301439000,3433382581000, 1, 597.446838, 1333.305542,0.20784314,0.06666667,0,0.0,0.0,65539,0, 0)
captureUserWait ( 748 )
captureDispatchPointer( 3434131475000,3434131475000, 0, 297.724335, 1325.309692,0.20784314,0.06666667,0,0.0,0.0,65539,0, 0)
captureUserWait ( 8 )
captureDispatchPointer( 3434131475000,3434139910000, 2, 297.724335, 1325.309692,0.20784314,0.06666667,0,0.0,0.0,65539,0, 0)
captureUserWait ( 28 )
captureDispatchPointer( 3434131475000,3434167913000, 2, 297.724335, 1325.309692,0.20784314,0.06666667,0,0.0,0.0,65539,0, 0)
captureUserWait ( 18 )
captureDispatchPointer( 3434131475000,3434186508000, 2, 297.724335, 1326.309204,0.20784314,0.06666667,0,0.0,0.0,65539,0, 0)
captureUserWait ( 8 )
captureDispatchPointer( 3434131475000,3434194947000, 1, 297.724335, 1326.309204,0.20784314,0.06666667,0,0.0,0.0,65539,0, 0)
captureUserWait ( 435 )
captureDispatchPointer( 3434630414000,3434630414000, 0, 109.898239, 1490.223755,0.20784314,0.06666667,0,0.0,0.0,65539,0, 0)
captureUserWait ( 82 )
captureDispatchPointer( 3434630414000,3434712749000, 1, 109.898239, 1490.223755,0.20784314,0.06666667,0,0.0,0.0,65539,0, 0)
captureUserWait ( 548 )
captureDispatchPointer( 3435261076000,3435261076000, 0, 667.382080, 1505.215942,0.20784314,0.06666667,0,0.0,0.0,65539,0, 0)
captureUserWait ( 7 )
captureDispatchPointer( 3435261076000,3435269025000, 2, 667.382080, 1505.215942,0.20784314,0.06666667,0,0.0,0.0,65539,0, 0)
captureUserWait ( 28 )
captureDispatchPointer( 3435261076000,3435297424000, 2, 667.382080, 1506.215454,0.20784314,0.06666667,0,0.0,0.0,65539,0, 0)
captureUserWait ( 8 )
captureDispatchPointer( 3435261076000,3435306050000, 2, 667.382080, 1507.214966,0.20784314,0.06666667,0,0.0,0.0,65539,0, 0)
captureUserWait ( 9 )
captureDispatchPointer( 3435261076000,3435315350000, 2, 667.382080, 1508.214478,0.20784314,0.06666667,0,0.0,0.0,65539,0, 0)
captureUserWait ( 9 )
captureDispatchPointer( 3435261076000,3435324593000, 2, 667.382080, 1509.213867,0.20784314,0.06666667,0,0.0,0.0,65539,0, 0)
captureUserWait ( 8 )
captureDispatchPointer( 3435261076000,3435332970000, 1, 667.382080, 1509.213867,0.20784314,0.06666667,0,0.0,0.0,65539,0, 0)
captureUserWait ( 1981 )
compareScreenshot(2014-10-13_10-23-02.jpg, 0, 0, 1080, 1920, 0, 1.0, 10)
captureDispatchPointer( 3437314270000,3437314270000, 0, 96.910271, 1838.042603,0.20784314,0.06666667,0,0.0,0.0,65539,0, 0)
captureUserWait ( 8 )
captureDispatchPointer( 3437314270000,3437322474000, 2, 96.910271, 1838.042603,0.20784314,0.06666667,0,0.0,0.0,65539,0, 0)
captureUserWait ( 18 )
captureDispatchPointer( 3437314270000,3437340520000, 2, 95.911194, 1838.042603,0.20784314,0.06666667,0,0.0,0.0,65539,0, 0)
captureUserWait ( 55 )
captureDispatchPointer( 3437314270000,3437396392000, 2, 95.911194, 1838.042603,0.20784314,0.06666667,0,0.0,0.0,65539,0, 0)
captureUserWait ( 8 )
captureDispatchPointer( 3437314270000,3437404617000, 1, 95.911194, 1838.042603,0.20784314,0.06666667,0,0.0,0.0,65539,0, 0)
captureUserWait ( 2457 )
compareScreenshot(2014-10-13_10-23-05.jpg, 0, 0, 1080, 1920, 0, 1.0, 10)
captureDispatchPointer( 3439861721000,3439861721000, 0, 761.295105, 1836.043701,0.20784314,0.06666667,0,0.0,0.0,65539,0, 0)
captureUserWait ( 36 )
captureDispatchPointer( 3439861721000,3439898273000, 2, 761.295105, 1837.043213,0.20784314,0.06666667,0,0.0,0.0,65539,0, 0)
captureUserWait ( 8 )
captureDispatchPointer( 3439861721000,3439906941000, 2, 761.295105, 1838.042603,0.20784314,0.06666667,0,0.0,0.0,65539,0, 0)
captureUserWait ( 9 )
captureDispatchPointer( 3439861721000,3439916359000, 2, 761.295105, 1839.042114,0.20784314,0.06666667,0,0.0,0.0,65539,0, 0)
captureUserWait ( 8 )
captureDispatchPointer( 3439861721000,3439924444000, 1, 761.295105, 1839.042114,0.20784314,0.06666667,0,0.0,0.0,65539,0, 0)
captureUserWait ( 959 )
captureDispatchPointer( 3440884008000,3440884008000, 0, 107.900093, 1837.043213,0.20784314,0.06666667,0,0.0,0.0,65539,0, 0)
captureUserWait ( 9 )
captureDispatchPointer( 3440884008000,3440893011000, 2, 107.900093, 1837.043213,0.20784314,0.06666667,0,0.0,0.0,65539,0, 0)
captureUserWait ( 55 )
captureDispatchPointer( 3440884008000,3440948422000, 2, 107.900093, 1838.042603,0.20784314,0.06666667,0,0.0,0.0,65539,0, 0)
captureUserWait ( 8 )
captureDispatchPointer( 3440884008000,3440956779000, 1, 107.900093, 1838.042603,0.20784314,0.06666667,0,0.0,0.0,65539,0, 0)
captureUserWait ( 1188 )
compareScreenshot(2014-10-13_10-23-07.jpg, 0, 0, 1080, 1920, 0, 1.0, 10)
captureDispatchPointer( 3442145591000,3442145591000, 0, 611.433838, 1823.050415,0.20784314,0.06666667,0,0.0,0.0,65539,0, 0)
captureUserWait ( 18 )
captureDispatchPointer( 3442145591000,3442164037000, 2, 611.433838, 1823.050415,0.20784314,0.06666667,0,0.0,0.0,65539,0, 0)
captureUserWait ( 17 )
captureDispatchPointer( 3442145591000,3442181672000, 1, 611.433838, 1823.050415,0.20784314,0.06666667,0,0.0,0.0,65539,0, 0)
captureUserWait ( 617 )
captureDispatchPointer( 3442799482000,3442799482000, 0, 818.242371, 1325.309692,0.20784314,0.06666667,0,0.0,0.0,65539,0, 0)
captureUserWait ( 18 )
captureDispatchPointer( 3442799482000,3442817907000, 2, 818.242371, 1325.309692,0.20784314,0.06666667,0,0.0,0.0,65539,0, 0)
captureUserWait ( 17 )
captureDispatchPointer( 3442799482000,3442835499000, 1, 818.242371, 1325.309692,0.20784314,0.06666667,0,0.0,0.0,65539,0, 0)
captureUserWait ( 1455 )
compareScreenshot(2014-10-13_10-23-09.jpg, 0, 0, 1080, 1920, 0, 1.0, 10)
captureDispatchPointer( 3444291480000,3444291480000, 0, 478.556885, 1338.302979,0.20784314,0.06666667,0,0.0,0.0,65539,0, 0)
captureUserWait ( 7 )
captureDispatchPointer( 3444291480000,3444299051000, 2, 478.556885, 1338.302979,0.20784314,0.06666667,0,0.0,0.0,65539,0, 0)
captureUserWait ( 27 )
captureDispatchPointer( 3444291480000,3444326989000, 2, 478.556885, 1339.302368,0.20784314,0.06666667,0,0.0,0.0,65539,0, 0)
captureUserWait ( 9 )
captureDispatchPointer( 3444291480000,3444336289000, 2, 478.556885, 1340.301880,0.20784314,0.06666667,0,0.0,0.0,65539,0, 0)
captureUserWait ( 8 )
captureDispatchPointer( 3444291480000,3444344552000, 1, 478.556885, 1340.301880,0.20784314,0.06666667,0,0.0,0.0,65539,0, 0)
captureUserWait ( 2410 )
compareScreenshot(2014-10-13_10-23-12.jpg, 0, 0, 1080, 1920, 0, 1.0, 10)
captureDispatchPointer( 3446755073000,3446755073000, 0, 125.883438, 1805.059814,0.20784314,0.06666667,0,0.0,0.0,65539,0, 0)
captureUserWait ( 10 )
captureDispatchPointer( 3446755073000,3446765344000, 2, 125.883438, 1805.059814,0.20784314,0.06666667,0,0.0,0.0,65539,0, 0)
captureUserWait ( 8 )
captureDispatchPointer( 3446755073000,3446773352000, 2, 125.883438, 1806.059326,0.20784314,0.06666667,0,0.0,0.0,65539,0, 0)
captureUserWait ( 9 )
captureDispatchPointer( 3446755073000,3446782653000, 2, 124.884369, 1807.058838,0.20784314,0.06666667,0,0.0,0.0,65539,0, 0)
captureUserWait ( 9 )
captureDispatchPointer( 3446755073000,3446791966000, 2, 124.884369, 1808.058228,0.20784314,0.06666667,0,0.0,0.0,65539,0, 0)
captureUserWait ( 9 )
captureDispatchPointer( 3446755073000,3446801278000, 2, 124.884369, 1809.057739,0.20784314,0.06666667,0,0.0,0.0,65539,0, 0)
captureUserWait ( 9 )
captureDispatchPointer( 3446755073000,3446810598000, 2, 124.884369, 1810.057251,0.20784314,0.06666667,0,0.0,0.0,65539,0, 0)
captureUserWait ( 10 )
captureDispatchPointer( 3446755073000,3446820604000, 2, 124.884369, 1811.056641,0.20784314,0.06666667,0,0.0,0.0,65539,0, 0)
captureUserWait ( 8 )
captureDispatchPointer( 3446755073000,3446829200000, 2, 124.884369, 1812.056152,0.20784314,0.06666667,0,0.0,0.0,65539,0, 0)
captureUserWait ( 9 )
captureDispatchPointer( 3446755073000,3446838509000, 2, 124.884369, 1813.055664,0.20784314,0.06666667,0,0.0,0.0,65539,0, 0)
captureUserWait ( 9 )
captureDispatchPointer( 3446755073000,3446847827000, 2, 124.884369, 1813.055664,0.20784314,0.06666667,0,0.0,0.0,65539,0, 0)
captureUserWait ( 17 )
captureDispatchPointer( 3446755073000,3446865575000, 1, 124.884369, 1813.055664,0.20784314,0.06666667,0,0.0,0.0,65539,0, 0)
captureUserWait ( 948 )
captureDispatchPointer( 3447813813000,3447813813000, 0, 457.576324, 1657.136841,0.20784314,0.06666667,0,0.0,0.0,65539,0, 0)
captureUserWait ( 27 )
captureDispatchPointer( 3447813813000,3447840931000, 2, 457.576324, 1657.136841,0.20784314,0.06666667,0,0.0,0.0,65539,0, 0)
captureUserWait ( 9 )
captureDispatchPointer( 3447813813000,3447850230000, 2, 457.576324, 1657.136841,0.20784314,0.06666667,0,0.0,0.0,65539,0, 0)
captureUserWait ( 17 )
captureDispatchPointer( 3447813813000,3447867941000, 1, 457.576324, 1657.136841,0.20784314,0.06666667,0,0.0,0.0,65539,0, 0)
captureUserWait ( 776 )
captureDispatchPointer( 3448644784000,3448644784000, 0, 103.903793, 1815.054565,0.20784314,0.06666667,0,0.0,0.0,65539,0, 0)
captureUserWait ( 8 )
captureDispatchPointer( 3448644784000,3448653305000, 2, 103.903793, 1815.054565,0.20784314,0.06666667,0,0.0,0.0,65539,0, 0)
captureUserWait ( 27 )
captureDispatchPointer( 3448644784000,3448681148000, 2, 103.903793, 1816.054077,0.20784314,0.06666667,0,0.0,0.0,65539,0, 0)
captureUserWait ( 9 )
captureDispatchPointer( 3448644784000,3448690492000, 2, 103.903793, 1817.053589,0.20784314,0.06666667,0,0.0,0.0,65539,0, 0)
captureUserWait ( 9 )
captureDispatchPointer( 3448644784000,3448699798000, 2, 103.903793, 1818.053101,0.20784314,0.06666667,0,0.0,0.0,65539,0, 0)
captureUserWait ( 8 )
captureDispatchPointer( 3448644784000,3448708234000, 1, 103.903793, 1818.053101,0.20784314,0.06666667,0,0.0,0.0,65539,0, 0)
captureUserWait ( 730 )
captureDispatchPointer( 3449438435000,3449438435000, 0, 237.779831, 1495.221191,0.20784314,0.06666667,0,0.0,0.0,65539,0, 0)
captureUserWait ( 64 )
captureDispatchPointer( 3449438435000,3449502689000, 2, 237.779831, 1496.220703,0.20784314,0.06666667,0,0.0,0.0,65539,0, 0)
captureUserWait ( 9 )
captureDispatchPointer( 3449438435000,3449512028000, 2, 237.779831, 1497.220215,0.20784314,0.06666667,0,0.0,0.0,65539,0, 0)
captureUserWait ( 8 )
captureDispatchPointer( 3449438435000,3449520316000, 1, 237.779831, 1497.220215,0.20784314,0.06666667,0,0.0,0.0,65539,0, 0)
captureUserWait ( 693 )
captureDispatchPointer( 3450213354000,3450213354000, 0, 564.477356, 1831.046265,0.20784314,0.06666667,0,0.0,0.0,65539,0, 0)
captureUserWait ( 64 )
captureDispatchPointer( 3450213354000,3450277588000, 2, 564.477356, 1831.046265,0.20784314,0.06666667,0,0.0,0.0,65539,0, 0)
captureUserWait ( 9 )
captureDispatchPointer( 3450213354000,3450287145000, 2, 564.477356, 1831.046265,0.20784314,0.06666667,0,0.0,0.0,65539,0, 0)
captureUserWait ( 8 )
captureDispatchPointer( 3450213354000,3450295314000, 1, 564.477356, 1831.046265,0.20784314,0.06666667,0,0.0,0.0,65539,0, 0)
captureUserWait ( 655 )
captureDispatchPointer( 3450950999000,3450950999000, 0, 863.200745, 1651.140015,0.20784314,0.06666667,0,0.0,0.0,65539,0, 0)
captureUserWait ( 8 )
captureDispatchPointer( 3450950999000,3450959478000, 2, 863.200745, 1651.140015,0.20784314,0.06666667,0,0.0,0.0,65539,0, 0)
captureUserWait ( 8 )
captureDispatchPointer( 3450950999000,3450967913000, 1, 863.200745, 1651.140015,0.20784314,0.06666667,0,0.0,0.0,65539,0, 0)
captureUserWait ( 618 )
captureDispatchPointer( 3451586229000,3451586229000, 0, 602.442200, 1328.308105,0.20784314,0.06666667,0,0.0,0.0,65539,0, 0)
captureUserWait ( 63 )
captureDispatchPointer( 3451586229000,3451649381000, 1, 602.442200, 1328.308105,0.20784314,0.06666667,0,0.0,0.0,65539,0, 0)
captureUserWait ( 719 )
captureDispatchPointer( 3452368650000,3452368650000, 0, 525.513428, 1838.042603,0.20784314,0.06666667,0,0.0,0.0,65539,0, 0)
captureUserWait ( 64 )
captureDispatchPointer( 3452368650000,3452432963000, 2, 526.512512, 1838.042603,0.20784314,0.06666667,0,0.0,0.0,65539,0, 0)
captureUserWait ( 8 )
captureDispatchPointer( 3452368650000,3452441651000, 1, 526.512512, 1838.042603,0.20784314,0.06666667,0,0.0,0.0,65539,0, 0)
captureUserWait ( 462 )
captureDispatchPointer( 3452904453000,3452904453000, 0, 655.393188, 1503.217041,0.20784314,0.06666667,0,0.0,0.0,65539,0, 0)
captureUserWait ( 65 )
captureDispatchPointer( 3452904453000,3452969671000, 2, 655.393188, 1503.217041,0.20784314,0.06666667,0,0.0,0.0,65539,0, 0)
captureUserWait ( 8 )
captureDispatchPointer( 3452904453000,3452977816000, 1, 655.393188, 1503.217041,0.20784314,0.06666667,0,0.0,0.0,65539,0, 0)
captureUserWait ( 417 )
captureDispatchPointer( 3453395174000,3453395174000, 0, 803.256226, 1311.317017,0.20784314,0.06666667,0,0.0,0.0,65539,0, 0)
captureUserWait ( 27 )
captureDispatchPointer( 3453395174000,3453422258000, 2, 803.256226, 1311.317017,0.20784314,0.06666667,0,0.0,0.0,65539,0, 0)
captureUserWait ( 18 )
captureDispatchPointer( 3453395174000,3453440987000, 2, 803.256226, 1312.316528,0.20784314,0.06666667,0,0.0,0.0,65539,0, 0)
captureUserWait ( 9 )
captureDispatchPointer( 3453395174000,3453450135000, 2, 803.256226, 1313.315918,0.20784314,0.06666667,0,0.0,0.0,65539,0, 0)
captureUserWait ( 8 )
captureDispatchPointer( 3453395174000,3453458597000, 1, 803.256226, 1313.315918,0.20784314,0.06666667,0,0.0,0.0,65539,0, 0)
captureUserWait ( 435 )
captureDispatchPointer( 3453894205000,3453894205000, 0, 534.505066, 1502.217529,0.20784314,0.06666667,0,0.0,0.0,65539,0, 0)
captureUserWait ( 27 )
captureDispatchPointer( 3453894205000,3453921275000, 2, 534.505066, 1502.217529,0.20784314,0.06666667,0,0.0,0.0,65539,0, 0)
captureUserWait ( 18 )
captureDispatchPointer( 3453894205000,3453939907000, 2, 535.504150, 1503.217041,0.20784314,0.06666667,0,0.0,0.0,65539,0, 0)
captureUserWait ( 10 )
captureDispatchPointer( 3453894205000,3453949956000, 2, 536.503235, 1504.216553,0.20784314,0.06666667,0,0.0,0.0,65539,0, 0)
captureUserWait ( 9 )
captureDispatchPointer( 3453894205000,3453958957000, 2, 537.502319, 1504.216553,0.20784314,0.06666667,0,0.0,0.0,65539,0, 0)
captureUserWait ( 7 )
captureDispatchPointer( 3453894205000,3453966722000, 1, 537.502319, 1504.216553,0.20784314,0.06666667,0,0.0,0.0,65539,0, 0)
captureUserWait ( 351 )
captureDispatchPointer( 3454318303000,3454318303000, 0, 652.395935, 1495.221191,0.20784314,0.06666667,0,0.0,0.0,65539,0, 0)
captureUserWait ( 9 )
captureDispatchPointer( 3454318303000,3454327504000, 2, 652.395935, 1495.221191,0.20784314,0.06666667,0,0.0,0.0,65539,0, 0)
captureUserWait ( 46 )
captureDispatchPointer( 3454318303000,3454373994000, 2, 652.395935, 1495.221191,0.20784314,0.06666667,0,0.0,0.0,65539,0, 0)
captureUserWait ( 17 )
captureDispatchPointer( 3454318303000,3454391412000, 1, 652.395935, 1495.221191,0.20784314,0.06666667,0,0.0,0.0,65539,0, 0)
captureUserWait ( 655 )
captureDispatchPointer( 3455047365000,3455047365000, 0, 537.502319, 1841.041138,0.20784314,0.06666667,0,0.0,0.0,65539,0, 0)
captureUserWait ( 64 )
captureDispatchPointer( 3455047365000,3455111762000, 2, 538.501404, 1840.041626,0.20784314,0.06666667,0,0.0,0.0,65539,0, 0)
captureUserWait ( 8 )
captureDispatchPointer( 3455047365000,3455120129000, 1, 538.501404, 1840.041626,0.20784314,0.06666667,0,0.0,0.0,65539,0, 0)
captureUserWait ( 538 )
captureDispatchPointer( 3455658307000,3455658307000, 0, 244.773361, 1496.220703,0.20784314,0.06666667,0,0.0,0.0,65539,0, 0)
captureUserWait ( 73 )
captureDispatchPointer( 3455658307000,3455731815000, 2, 244.773361, 1496.220703,0.20784314,0.06666667,0,0.0,0.0,65539,0, 0)
captureUserWait ( 8 )
captureDispatchPointer( 3455658307000,3455740049000, 1, 244.773361, 1496.220703,0.20784314,0.06666667,0,0.0,0.0,65539,0, 0)
captureUserWait ( 519 )
captureDispatchPointer( 3456259824000,3456259824000, 0, 443.589264, 1678.125977,0.20784314,0.06666667,0,0.0,0.0,65539,0, 0)
captureUserWait ( 8 )
captureDispatchPointer( 3456259824000,3456268356000, 2, 443.589264, 1678.125977,0.20784314,0.06666667,0,0.0,0.0,65539,0, 0)
captureUserWait ( 28 )
captureDispatchPointer( 3456259824000,3456296670000, 2, 443.589264, 1678.125977,0.20784314,0.06666667,0,0.0,0.0,65539,0, 0)
captureUserWait ( 27 )
captureDispatchPointer( 3456259824000,3456324171000, 2, 443.589264, 1678.125977,0.20784314,0.06666667,0,0.0,0.0,65539,0, 0)
captureUserWait ( 8 )
captureDispatchPointer( 3456259824000,3456332541000, 1, 443.589264, 1678.125977,0.20784314,0.06666667,0,0.0,0.0,65539,0, 0)
captureUserWait ( 491 )
captureDispatchPointer( 3456824139000,3456824139000, 0, 910.157288, 1318.313354,0.20784314,0.06666667,0,0.0,0.0,65539,0, 0)
captureUserWait ( 17 )
captureDispatchPointer( 3456824139000,3456842006000, 2, 910.157288, 1318.313354,0.20784314,0.06666667,0,0.0,0.0,65539,0, 0)
captureUserWait ( 18 )
captureDispatchPointer( 3456824139000,3456860662000, 2, 909.158203, 1319.312866,0.20784314,0.06666667,0,0.0,0.0,65539,0, 0)
captureUserWait ( 9 )
captureDispatchPointer( 3456824139000,3456869973000, 2, 908.159119, 1320.312256,0.20784314,0.06666667,0,0.0,0.0,65539,0, 0)
captureUserWait ( 9 )
captureDispatchPointer( 3456824139000,3456879358000, 2, 907.160034, 1322.311279,0.20784314,0.06666667,0,0.0,0.0,65539,0, 0)
captureUserWait ( 9 )
captureDispatchPointer( 3456824139000,3456888450000, 2, 906.160950, 1323.310791,0.20784314,0.06666667,0,0.0,0.0,65539,0, 0)
captureUserWait ( 8 )
captureDispatchPointer( 3456824139000,3456896815000, 1, 906.160950, 1323.310791,0.20784314,0.06666667,0,0.0,0.0,65539,0, 0)
captureUserWait ( 894 )
captureDispatchPointer( 3457791355000,3457791355000, 0, 402.627197, 1331.306519,0.20784314,0.06666667,0,0.0,0.0,65539,0, 0)
captureUserWait ( 36 )
captureDispatchPointer( 3457791355000,3457827606000, 2, 402.627197, 1331.306519,0.20784314,0.06666667,0,0.0,0.0,65539,0, 0)
captureUserWait ( 28 )
captureDispatchPointer( 3457791355000,3457855636000, 2, 402.627197, 1331.306519,0.20784314,0.06666667,0,0.0,0.0,65539,0, 0)
captureUserWait ( 8 )
captureDispatchPointer( 3457791355000,3457863950000, 1, 402.627197, 1331.306519,0.20784314,0.06666667,0,0.0,0.0,65539,0, 0)
captureUserWait ( 379 )
captureDispatchPointer( 3458243171000,3458243171000, 0, 298.723419, 1322.311279,0.20784314,0.06666667,0,0.0,0.0,65539,0, 0)
captureUserWait ( 65 )
captureDispatchPointer( 3458243171000,3458308893000, 2, 298.723419, 1322.311279,0.20784314,0.06666667,0,0.0,0.0,65539,0, 0)
captureUserWait ( 17 )
captureDispatchPointer( 3458243171000,3458326812000, 2, 297.724335, 1323.310791,0.20784314,0.06666667,0,0.0,0.0,65539,0, 0)
captureUserWait ( 8 )
captureDispatchPointer( 3458243171000,3458335396000, 1, 297.724335, 1323.310791,0.20784314,0.06666667,0,0.0,0.0,65539,0, 0)
captureUserWait ( 4515 )
compareScreenshot(2014-10-13_10-23-28.jpg, 0, 0, 1080, 1920, 0, 1.0, 10)
captureDispatchPointer( 3462850587000,3462850587000, 0, 1004.070312, 1831.046265,0.20784314,0.06666667,0,0.0,0.0,65539,0, 0)
captureUserWait ( 35 )
captureDispatchPointer( 3462850587000,3462886130000, 2, 1004.070312, 1832.045776,0.20784314,0.06666667,0,0.0,0.0,65539,0, 0)
captureUserWait ( 17 )
captureDispatchPointer( 3462850587000,3462903642000, 1, 1004.070312, 1832.045776,0.20784314,0.06666667,0,0.0,0.0,65539,0, 0)
captureUserWait ( 3487 )
compareScreenshot(2014-10-13_10-23-31.jpg, 0, 0, 1080, 1920, 0, 1.0, 10)
captureDispatchPointer( 3466391034000,3466391034000, 0, 995.078613, 1064.445557,0.20784314,0.06666667,0,0.0,0.0,65539,0, 0)
captureUserWait ( 16 )
captureDispatchPointer( 3466391034000,3466408011000, 2, 995.078613, 1064.445557,0.20784314,0.06666667,0,0.0,0.0,65539,0, 0)
captureUserWait ( 8 )
captureDispatchPointer( 3466391034000,3466416119000, 1, 995.078613, 1064.445557,0.20784314,0.06666667,0,0.0,0.0,65539,0, 0)
captureUserWait ( 6494 )
compareScreenshot(2014-10-13_10-23-38.jpg, 0, 0, 1080, 1920, 0, 1.0, 10)
captureDispatchPointer( 3472910355000,3472910355000, 0, 710.342285, 810.577820,0.20784314,0.06666667,0,0.0,0.0,65539,0, 0)
captureUserWait ( 44 )
captureDispatchPointer( 3472910355000,3472954758000, 1, 710.342285, 810.577820,0.20784314,0.06666667,0,0.0,0.0,65539,0, 0)
captureUserWait ( 4781 )
captureUserWait ( 23000 )

# press back button to chat menu
compareScreenshot(2014-10-13_10-23-43.jpg, 0, 0, 1080, 1920, 0, 1.0, 10)
captureDispatchKey( 0, 0, 0, 4, 0,0,0,0)
captureUserWait ( 119 )
captureDispatchKey( 0, 0, 1, 4, 0,0,0,0)
captureUserWait ( 1461 )

# press home button to home sheet
compareScreenshot(2014-10-13_10-23-44.jpg, 0, 0, 1080, 1920, 0, 1.0, 10)
captureDispatchKey( 0, 0, 0, 3, 0,0,0,0)
captureUserWait ( 102 )
captureDispatchKey( 0, 0, 1, 3, 0,0,0,0)
captureUserWait ( 2370 )
compareScreenshot(2014-10-13_10-23-47.jpg, 0, 0, 1080, 1920, 0, 1.0, 10)
captureUserWait ( 1500 )
