type=raw events 1
count= 1
speed=1.0
start data >>

## line-stamp-1-min.txt

RunCmd(am start -n jp.naver.line.android/.activity.main.MainActivity --activity-single-top)
captureUserWait ( 4500 )


compareScreenshot(2014-10-13_01-46-01.jpg, 0, 0, 1080, 1920, 0, 1.0, 10)
captureDispatchPointer( 6647653426000,6647653426000, 0, 661.387634, 511.733459,0.20784314,0.06666667,0,0.0,0.0,65539,0, 0)
captureUserWait ( 119 )
captureDispatchPointer( 6647653426000,6647772933000, 1, 661.387634, 511.733459,0.20784314,0.06666667,0,0.0,0.0,65539,0, 0)
captureUserWait ( 3070 )
compareScreenshot(2014-10-13_01-46-04.jpg, 0, 0, 1080, 1920, 0, 1.0, 10)
captureDispatchPointer( 6650843510000,6650843510000, 0, 578.464417, 1842.040527,0.20784314,0.06666667,0,0.0,0.0,65539,0, 0)
captureUserWait ( 18 )
captureDispatchPointer( 6650843510000,6650861915000, 2, 578.464417, 1842.040527,0.20784314,0.06666667,0,0.0,0.0,65539,0, 0)
captureUserWait ( 55 )
captureDispatchPointer( 6650843510000,6650917613000, 2, 578.464417, 1842.040527,0.20784314,0.06666667,0,0.0,0.0,65539,0, 0)
captureUserWait ( 9 )
captureDispatchPointer( 6650843510000,6650926822000, 2, 578.464417, 1842.040527,0.20784314,0.06666667,0,0.0,0.0,65539,0, 0)
captureUserWait ( 8 )
captureDispatchPointer( 6650843510000,6650935018000, 1, 578.464417, 1842.040527,0.20784314,0.06666667,0,0.0,0.0,65539,0, 0)
captureUserWait ( 1114 )
compareScreenshot(2014-10-13_01-46-06.jpg, 0, 0, 1080, 1920, 0, 1.0, 10)
captureDispatchPointer( 6652049806000,6652049806000, 0, 852.210938, 1673.128540,0.20784314,0.06666667,0,0.0,0.0,65539,0, 0)
captureUserWait ( 8 )
captureDispatchPointer( 6652049806000,6652058746000, 2, 852.210938, 1673.128540,0.20784314,0.06666667,0,0.0,0.0,65539,0, 0)
captureUserWait ( 28 )
captureDispatchPointer( 6652049806000,6652086955000, 2, 852.210938, 1674.128052,0.20784314,0.06666667,0,0.0,0.0,65539,0, 0)
captureUserWait ( 64 )
captureDispatchPointer( 6652049806000,6652151726000, 2, 853.210022, 1674.128052,0.20784314,0.06666667,0,0.0,0.0,65539,0, 0)
captureUserWait ( 9 )
captureDispatchPointer( 6652049806000,6652161052000, 2, 854.209045, 1674.128052,0.20784314,0.06666667,0,0.0,0.0,65539,0, 0)
captureUserWait ( 8 )
captureDispatchPointer( 6652049806000,6652169104000, 1, 854.209045, 1674.128052,0.20784314,0.06666667,0,0.0,0.0,65539,0, 0)
captureUserWait ( 573 )
captureDispatchPointer( 6652742718000,6652742718000, 0, 132.876968, 1489.224365,0.20784314,0.06666667,0,0.0,0.0,65539,0, 0)
captureUserWait ( 18 )
captureDispatchPointer( 6652742718000,6652761138000, 2, 132.876968, 1489.224365,0.20784314,0.06666667,0,0.0,0.0,65539,0, 0)
captureUserWait ( 83 )
captureDispatchPointer( 6652742718000,6652844777000, 2, 132.876968, 1489.224365,0.20784314,0.06666667,0,0.0,0.0,65539,0, 0)
captureUserWait ( 9 )
captureDispatchPointer( 6652742718000,6652854034000, 2, 132.876968, 1489.224365,0.20784314,0.06666667,0,0.0,0.0,65539,0, 0)
captureUserWait ( 8 )
captureDispatchPointer( 6652742718000,6652862331000, 1, 132.876968, 1489.224365,0.20784314,0.06666667,0,0.0,0.0,65539,0, 0)
captureUserWait ( 94 )
captureDispatchPointer( 6652956997000,6652956997000, 0, 872.192444, 1496.220703,0.20784314,0.06666667,0,0.0,0.0,65539,0, 0)
captureUserWait ( 17 )
captureDispatchPointer( 6652956997000,6652974733000, 2, 872.192444, 1496.220703,0.20784314,0.06666667,0,0.0,0.0,65539,0, 0)
captureUserWait ( 27 )
captureDispatchPointer( 6652956997000,6653002637000, 2, 872.192444, 1496.220703,0.20784314,0.06666667,0,0.0,0.0,65539,0, 0)
captureUserWait ( 18 )
captureDispatchPointer( 6652956997000,6653021188000, 2, 872.192444, 1496.220703,0.20784314,0.06666667,0,0.0,0.0,65539,0, 0)
captureUserWait ( 18 )
captureDispatchPointer( 6652956997000,6653039756000, 2, 872.192444, 1496.220703,0.20784314,0.06666667,0,0.0,0.0,65539,0, 0)
captureUserWait ( 8 )
captureDispatchPointer( 6652956997000,6653048050000, 1, 872.192444, 1496.220703,0.20784314,0.06666667,0,0.0,0.0,65539,0, 0)
captureUserWait ( 270 )
captureDispatchPointer( 6653318520000,6653318520000, 0, 277.742828, 1317.313843,0.20784314,0.06666667,0,0.0,0.0,65539,0, 0)
captureUserWait ( 73 )
captureDispatchPointer( 6653318520000,6653391731000, 1, 277.742828, 1317.313843,0.20784314,0.06666667,0,0.0,0.0,65539,0, 0)
captureUserWait ( 214 )
captureDispatchPointer( 6653606364000,6653606364000, 0, 691.359863, 1802.061401,0.20784314,0.06666667,0,0.0,0.0,65539,0, 0)
captureUserWait ( 18 )
captureDispatchPointer( 6653606364000,6653625084000, 2, 691.359863, 1802.061401,0.20784314,0.06666667,0,0.0,0.0,65539,0, 0)
captureUserWait ( 27 )
captureDispatchPointer( 6653606364000,6653652655000, 2, 691.359863, 1803.060913,0.20784314,0.06666667,0,0.0,0.0,65539,0, 0)
captureUserWait ( 27 )
captureDispatchPointer( 6653606364000,6653680520000, 2, 691.359863, 1803.060913,0.20784314,0.06666667,0,0.0,0.0,65539,0, 0)
captureUserWait ( 8 )
captureDispatchPointer( 6653606364000,6653688896000, 1, 691.359863, 1803.060913,0.20784314,0.06666667,0,0.0,0.0,65539,0, 0)
captureUserWait ( 304 )
captureDispatchPointer( 6653993578000,6653993578000, 0, 491.544861, 1338.302979,0.20784314,0.06666667,0,0.0,0.0,65539,0, 0)
captureUserWait ( 8 )
captureDispatchPointer( 6653993578000,6654002301000, 2, 491.544861, 1338.302979,0.20784314,0.06666667,0,0.0,0.0,65539,0, 0)
captureUserWait ( 9 )
captureDispatchPointer( 6653993578000,6654011479000, 2, 491.544861, 1338.302979,0.20784314,0.06666667,0,0.0,0.0,65539,0, 0)
captureUserWait ( 27 )
captureDispatchPointer( 6653993578000,6654039244000, 2, 491.544861, 1338.302979,0.20784314,0.06666667,0,0.0,0.0,65539,0, 0)
captureUserWait ( 9 )
captureDispatchPointer( 6653993578000,6654048549000, 2, 491.544861, 1338.302979,0.20784314,0.06666667,0,0.0,0.0,65539,0, 0)
captureUserWait ( 9 )
captureDispatchPointer( 6653993578000,6654057757000, 2, 491.544861, 1338.302979,0.20784314,0.06666667,0,0.0,0.0,65539,0, 0)
captureUserWait ( 8 )
captureDispatchPointer( 6653993578000,6654066093000, 1, 491.544861, 1338.302979,0.20784314,0.06666667,0,0.0,0.0,65539,0, 0)
captureUserWait ( 481 )
captureDispatchPointer( 6654547381000,6654547381000, 0, 121.887146, 1505.215942,0.20784314,0.06666667,0,0.0,0.0,65539,0, 0)
captureUserWait ( 9 )
captureDispatchPointer( 6654547381000,6654556495000, 2, 121.887146, 1505.215942,0.20784314,0.06666667,0,0.0,0.0,65539,0, 0)
captureUserWait ( 8 )
captureDispatchPointer( 6654547381000,6654565273000, 2, 121.887146, 1505.215942,0.20784314,0.06666667,0,0.0,0.0,65539,0, 0)
captureUserWait ( 18 )
captureDispatchPointer( 6654547381000,6654583799000, 2, 120.888069, 1505.215942,0.20784314,0.06666667,0,0.0,0.0,65539,0, 0)
captureUserWait ( 9 )
captureDispatchPointer( 6654547381000,6654592974000, 2, 119.888992, 1505.215942,0.20784314,0.06666667,0,0.0,0.0,65539,0, 0)
captureUserWait ( 9 )
captureDispatchPointer( 6654547381000,6654602292000, 2, 118.889915, 1505.215942,0.20784314,0.06666667,0,0.0,0.0,65539,0, 0)
captureUserWait ( 9 )
captureDispatchPointer( 6654547381000,6654611538000, 2, 117.890839, 1506.215454,0.20784314,0.06666667,0,0.0,0.0,65539,0, 0)
captureUserWait ( 9 )
captureDispatchPointer( 6654547381000,6654620812000, 2, 116.891769, 1507.214966,0.20784314,0.06666667,0,0.0,0.0,65539,0, 0)
captureUserWait ( 9 )
captureDispatchPointer( 6654547381000,6654630094000, 2, 115.892693, 1507.214966,0.20784314,0.06666667,0,0.0,0.0,65539,0, 0)
captureUserWait ( 8 )
captureDispatchPointer( 6654547381000,6654638372000, 1, 115.892693, 1507.214966,0.20784314,0.06666667,0,0.0,0.0,65539,0, 0)
captureUserWait ( 536 )
captureDispatchPointer( 6655175312000,6655175312000, 0, 971.100830, 1486.225830,0.20784314,0.06666667,0,0.0,0.0,65539,0, 0)
captureUserWait ( 17 )
captureDispatchPointer( 6655175312000,6655193197000, 2, 971.100830, 1486.225830,0.20784314,0.06666667,0,0.0,0.0,65539,0, 0)
captureUserWait ( 54 )
captureDispatchPointer( 6655175312000,6655247813000, 1, 971.100830, 1486.225830,0.20784314,0.06666667,0,0.0,0.0,65539,0, 0)
captureUserWait ( 388 )
captureDispatchPointer( 6655635892000,6655635892000, 0, 863.200745, 1511.212891,0.20784314,0.06666667,0,0.0,0.0,65539,0, 0)
captureUserWait ( 8 )
captureDispatchPointer( 6655635892000,6655644793000, 2, 863.200745, 1511.212891,0.20784314,0.06666667,0,0.0,0.0,65539,0, 0)
captureUserWait ( 9 )
captureDispatchPointer( 6655635892000,6655654038000, 2, 863.200745, 1511.212891,0.20784314,0.06666667,0,0.0,0.0,65539,0, 0)
captureUserWait ( 18 )
captureDispatchPointer( 6655635892000,6655672727000, 2, 863.200745, 1512.212402,0.20784314,0.06666667,0,0.0,0.0,65539,0, 0)
captureUserWait ( 46 )
captureDispatchPointer( 6655635892000,6655719053000, 2, 863.200745, 1512.212402,0.20784314,0.06666667,0,0.0,0.0,65539,0, 0)
captureUserWait ( 9 )
captureDispatchPointer( 6655635892000,6655728263000, 2, 863.200745, 1512.212402,0.20784314,0.06666667,0,0.0,0.0,65539,0, 0)
captureUserWait ( 8 )
captureDispatchPointer( 6655635892000,6655736496000, 1, 863.200745, 1512.212402,0.20784314,0.06666667,0,0.0,0.0,65539,0, 0)
captureUserWait ( 802 )
captureDispatchPointer( 6656539409000,6656539409000, 0, 662.386658, 1836.043701,0.20784314,0.06666667,0,0.0,0.0,65539,0, 0)
captureUserWait ( 8 )
captureDispatchPointer( 6656539409000,6656547899000, 2, 662.386658, 1836.043701,0.20784314,0.06666667,0,0.0,0.0,65539,0, 0)
captureUserWait ( 18 )
captureDispatchPointer( 6656539409000,6656566429000, 2, 662.386658, 1836.043701,0.20784314,0.06666667,0,0.0,0.0,65539,0, 0)
captureUserWait ( 9 )
captureDispatchPointer( 6656539409000,6656575798000, 2, 662.386658, 1836.043701,0.20784314,0.06666667,0,0.0,0.0,65539,0, 0)
captureUserWait ( 9 )
captureDispatchPointer( 6656539409000,6656585024000, 2, 662.386658, 1836.043701,0.20784314,0.06666667,0,0.0,0.0,65539,0, 0)
captureUserWait ( 18 )
captureDispatchPointer( 6656539409000,6656603686000, 2, 662.386658, 1836.043701,0.20784314,0.06666667,0,0.0,0.0,65539,0, 0)
captureUserWait ( 8 )
captureDispatchPointer( 6656539409000,6656611748000, 1, 662.386658, 1836.043701,0.20784314,0.06666667,0,0.0,0.0,65539,0, 0)
captureUserWait ( 2251 )
compareScreenshot(2014-10-13_01-46-13.jpg, 0, 0, 1080, 1920, 0, 1.0, 10)
captureDispatchPointer( 6658863420000,6658863420000, 0, 97.909348, 1501.218018,0.20784314,0.06666667,0,0.0,0.0,65539,0, 0)
captureUserWait ( 8 )
captureDispatchPointer( 6658863420000,6658871646000, 2, 97.909348, 1501.218018,0.20784314,0.06666667,0,0.0,0.0,65539,0, 0)
captureUserWait ( 9 )
captureDispatchPointer( 6658863420000,6658880824000, 2, 97.909348, 1501.218018,0.20784314,0.06666667,0,0.0,0.0,65539,0, 0)
captureUserWait ( 27 )
captureDispatchPointer( 6658863420000,6658908710000, 2, 97.909348, 1501.218018,0.20784314,0.06666667,0,0.0,0.0,65539,0, 0)
captureUserWait ( 46 )
captureDispatchPointer( 6658863420000,6658955154000, 2, 97.909348, 1501.218018,0.20784314,0.06666667,0,0.0,0.0,65539,0, 0)
captureUserWait ( 9 )
captureDispatchPointer( 6658863420000,6658964358000, 2, 97.909348, 1501.218018,0.20784314,0.06666667,0,0.0,0.0,65539,0, 0)
captureUserWait ( 8 )
captureDispatchPointer( 6658863420000,6658972637000, 1, 97.909348, 1501.218018,0.20784314,0.06666667,0,0.0,0.0,65539,0, 0)
captureUserWait ( 388 )
captureDispatchPointer( 6659361313000,6659361313000, 0, 767.289551, 1662.134277,0.20784314,0.06666667,0,0.0,0.0,65539,0, 0)
captureUserWait ( 17 )
captureDispatchPointer( 6659361313000,6659378909000, 2, 767.289551, 1662.134277,0.20784314,0.06666667,0,0.0,0.0,65539,0, 0)
captureUserWait ( 55 )
captureDispatchPointer( 6659361313000,6659434618000, 2, 767.289551, 1663.133789,0.20784314,0.06666667,0,0.0,0.0,65539,0, 0)
captureUserWait ( 18 )
captureDispatchPointer( 6659361313000,6659453199000, 2, 767.289551, 1663.133789,0.20784314,0.06666667,0,0.0,0.0,65539,0, 0)
captureUserWait ( 8 )
captureDispatchPointer( 6659361313000,6659461386000, 1, 767.289551, 1663.133789,0.20784314,0.06666667,0,0.0,0.0,65539,0, 0)
captureUserWait ( 342 )
captureDispatchPointer( 6659803491000,6659803491000, 0, 320.703064, 1517.209717,0.20784314,0.06666667,0,0.0,0.0,65539,0, 0)
captureUserWait ( 8 )
captureDispatchPointer( 6659803491000,6659811929000, 2, 320.703064, 1517.209717,0.20784314,0.06666667,0,0.0,0.0,65539,0, 0)
captureUserWait ( 9 )
captureDispatchPointer( 6659803491000,6659821335000, 2, 320.703064, 1517.209717,0.20784314,0.06666667,0,0.0,0.0,65539,0, 0)
captureUserWait ( 83 )
captureDispatchPointer( 6659803491000,6659904827000, 2, 320.703064, 1517.209717,0.20784314,0.06666667,0,0.0,0.0,65539,0, 0)
captureUserWait ( 8 )
captureDispatchPointer( 6659803491000,6659913110000, 1, 320.703064, 1517.209717,0.20784314,0.06666667,0,0.0,0.0,65539,0, 0)
captureUserWait ( 224 )
captureDispatchPointer( 6660137115000,6660137115000, 0, 677.372803, 1834.044678,0.20784314,0.06666667,0,0.0,0.0,65539,0, 0)
captureUserWait ( 82 )
captureDispatchPointer( 6660137115000,6660219690000, 1, 677.372803, 1834.044678,0.20784314,0.06666667,0,0.0,0.0,65539,0, 0)
captureUserWait ( 168 )
captureDispatchPointer( 6660387873000,6660387873000, 0, 206.808517, 1514.211304,0.20784314,0.06666667,0,0.0,0.0,65539,0, 0)
captureUserWait ( 9 )
captureDispatchPointer( 6660387873000,6660397626000, 2, 206.808517, 1514.211304,0.20784314,0.06666667,0,0.0,0.0,65539,0, 0)
captureUserWait ( 27 )
captureDispatchPointer( 6660387873000,6660425068000, 2, 206.808517, 1515.210815,0.20784314,0.06666667,0,0.0,0.0,65539,0, 0)
captureUserWait ( 9 )
captureDispatchPointer( 6660387873000,6660434355000, 2, 206.808517, 1516.210327,0.20784314,0.06666667,0,0.0,0.0,65539,0, 0)
captureUserWait ( 9 )
captureDispatchPointer( 6660387873000,6660443678000, 2, 206.808517, 1517.209717,0.20784314,0.06666667,0,0.0,0.0,65539,0, 0)
captureUserWait ( 37 )
captureDispatchPointer( 6660387873000,6660480775000, 2, 206.808517, 1517.209717,0.20784314,0.06666667,0,0.0,0.0,65539,0, 0)
captureUserWait ( 9 )
captureDispatchPointer( 6660387873000,6660490085000, 2, 205.809433, 1517.209717,0.20784314,0.06666667,0,0.0,0.0,65539,0, 0)
captureUserWait ( 9 )
captureDispatchPointer( 6660387873000,6660499679000, 2, 204.810364, 1517.209717,0.20784314,0.06666667,0,0.0,0.0,65539,0, 0)
captureUserWait ( 7 )
captureDispatchPointer( 6660387873000,6660507416000, 1, 204.810364, 1517.209717,0.20784314,0.06666667,0,0.0,0.0,65539,0, 0)
captureUserWait ( 261 )
captureDispatchPointer( 6660768805000,6660768805000, 0, 290.730804, 1338.302979,0.20784314,0.06666667,0,0.0,0.0,65539,0, 0)
captureUserWait ( 18 )
captureDispatchPointer( 6660768805000,6660787287000, 2, 290.730804, 1338.302979,0.20784314,0.06666667,0,0.0,0.0,65539,0, 0)
captureUserWait ( 18 )
captureDispatchPointer( 6660768805000,6660805981000, 2, 291.729889, 1338.302979,0.20784314,0.06666667,0,0.0,0.0,65539,0, 0)
captureUserWait ( 9 )
captureDispatchPointer( 6660768805000,6660815180000, 2, 292.728943, 1338.302979,0.20784314,0.06666667,0,0.0,0.0,65539,0, 0)
captureUserWait ( 9 )
captureDispatchPointer( 6660768805000,6660824453000, 2, 293.728027, 1337.303467,0.20784314,0.06666667,0,0.0,0.0,65539,0, 0)
captureUserWait ( 9 )
captureDispatchPointer( 6660768805000,6660833881000, 2, 294.727112, 1336.303955,0.20784314,0.06666667,0,0.0,0.0,65539,0, 0)
captureUserWait ( 9 )
captureDispatchPointer( 6660768805000,6660843007000, 2, 294.727112, 1335.304443,0.20784314,0.06666667,0,0.0,0.0,65539,0, 0)
captureUserWait ( 9 )
captureDispatchPointer( 6660768805000,6660852250000, 2, 294.727112, 1335.304443,0.20784314,0.06666667,0,0.0,0.0,65539,0, 0)
captureUserWait ( 8 )
captureDispatchPointer( 6660768805000,6660860559000, 1, 294.727112, 1335.304443,0.20784314,0.06666667,0,0.0,0.0,65539,0, 0)
captureUserWait ( 313 )
captureDispatchPointer( 6661174153000,6661174153000, 0, 771.285828, 1677.126465,0.20784314,0.06666667,0,0.0,0.0,65539,0, 0)
captureUserWait ( 83 )
captureDispatchPointer( 6661174153000,6661257368000, 2, 771.285828, 1677.126465,0.20784314,0.06666667,0,0.0,0.0,65539,0, 0)
captureUserWait ( 9 )
captureDispatchPointer( 6661174153000,6661266712000, 2, 771.285828, 1677.126465,0.20784314,0.06666667,0,0.0,0.0,65539,0, 0)
captureUserWait ( 8 )
captureDispatchPointer( 6661174153000,6661274815000, 1, 771.285828, 1677.126465,0.20784314,0.06666667,0,0.0,0.0,65539,0, 0)
captureUserWait ( 178 )
captureDispatchPointer( 6661453265000,6661453265000, 0, 317.705841, 1510.213379,0.20784314,0.06666667,0,0.0,0.0,65539,0, 0)
captureUserWait ( 17 )
captureDispatchPointer( 6661453265000,6661471026000, 2, 317.705841, 1510.213379,0.20784314,0.06666667,0,0.0,0.0,65539,0, 0)
captureUserWait ( 55 )
captureDispatchPointer( 6661453265000,6661526752000, 2, 317.705841, 1510.213379,0.20784314,0.06666667,0,0.0,0.0,65539,0, 0)
captureUserWait ( 8 )
captureDispatchPointer( 6661453265000,6661535068000, 1, 317.705841, 1510.213379,0.20784314,0.06666667,0,0.0,0.0,65539,0, 0)
captureUserWait ( 1349 )
compareScreenshot(2014-10-13_01-46-17.jpg, 0, 0, 1080, 1920, 0, 1.0, 10)
captureDispatchPointer( 6662884765000,6662884765000, 0, 652.395935, 1901.009888,0.20784314,0.06666667,0,0.0,0.0,65539,0, 0)
captureUserWait ( 8 )
captureDispatchPointer( 6662884765000,6662893209000, 2, 651.396851, 1906.007202,0.20784314,0.06666667,0,0.0,0.0,65539,0, 0)
captureUserWait ( 9 )
captureDispatchPointer( 6662884765000,6662902431000, 2, 651.396851, 1906.007202,0.20784314,0.06666667,0,0.0,0.0,65539,0, 0)
captureUserWait ( 9 )
captureDispatchPointer( 6662884765000,6662911744000, 2, 651.396851, 1905.007812,0.20784314,0.06666667,0,0.0,0.0,65539,0, 0)
captureUserWait ( 9 )
captureDispatchPointer( 6662884765000,6662921103000, 2, 651.396851, 1904.008301,0.20784314,0.06666667,0,0.0,0.0,65539,0, 0)
captureUserWait ( 9 )
captureDispatchPointer( 6662884765000,6662930342000, 2, 651.396851, 1903.008789,0.20784314,0.06666667,0,0.0,0.0,65539,0, 0)
captureUserWait ( 9 )
captureDispatchPointer( 6662884765000,6662939650000, 2, 651.396851, 1902.009277,0.20784314,0.06666667,0,0.0,0.0,65539,0, 0)
captureUserWait ( 9 )
captureDispatchPointer( 6662884765000,6662948916000, 2, 652.395935, 1901.009888,0.20784314,0.06666667,0,0.0,0.0,65539,0, 0)
captureUserWait ( 9 )
captureDispatchPointer( 6662884765000,6662958223000, 2, 653.395020, 1899.010864,0.20784314,0.06666667,0,0.0,0.0,65539,0, 0)
captureUserWait ( 9 )
captureDispatchPointer( 6662884765000,6662967450000, 2, 654.394104, 1898.011353,0.20784314,0.06666667,0,0.0,0.0,65539,0, 0)
captureUserWait ( 8 )
captureDispatchPointer( 6662884765000,6662975859000, 1, 654.394104, 1898.011353,0.20784314,0.06666667,0,0.0,0.0,65539,0, 0)
captureUserWait ( 280 )
captureDispatchPointer( 6663255960000,6663255960000, 0, 216.799255, 1507.214966,0.20784314,0.06666667,0,0.0,0.0,65539,0, 0)
captureUserWait ( 8 )
captureDispatchPointer( 6663255960000,6663264919000, 2, 216.799255, 1507.214966,0.20784314,0.06666667,0,0.0,0.0,65539,0, 0)
captureUserWait ( 102 )
captureDispatchPointer( 6663255960000,6663367647000, 2, 216.799255, 1507.214966,0.20784314,0.06666667,0,0.0,0.0,65539,0, 0)
captureUserWait ( 7 )
captureDispatchPointer( 6663255960000,6663375428000, 1, 216.799255, 1507.214966,0.20784314,0.06666667,0,0.0,0.0,65539,0, 0)
captureUserWait ( 150 )
captureDispatchPointer( 6663525501000,6663525501000, 0, 916.151733, 1345.299316,0.20784314,0.06666667,0,0.0,0.0,65539,0, 0)
captureUserWait ( 18 )
captureDispatchPointer( 6663525501000,6663543546000, 2, 916.151733, 1345.299316,0.20784314,0.06666667,0,0.0,0.0,65539,0, 0)
captureUserWait ( 9 )
captureDispatchPointer( 6663525501000,6663552744000, 2, 917.150818, 1344.299805,0.20784314,0.06666667,0,0.0,0.0,65539,0, 0)
captureUserWait ( 9 )
captureDispatchPointer( 6663525501000,6663562014000, 2, 918.149841, 1343.300293,0.20784314,0.06666667,0,0.0,0.0,65539,0, 0)
captureUserWait ( 9 )
captureDispatchPointer( 6663525501000,6663571316000, 2, 919.148926, 1342.300903,0.20784314,0.06666667,0,0.0,0.0,65539,0, 0)
captureUserWait ( 9 )
captureDispatchPointer( 6663525501000,6663580628000, 2, 920.148010, 1341.301392,0.20784314,0.06666667,0,0.0,0.0,65539,0, 0)
captureUserWait ( 9 )
captureDispatchPointer( 6663525501000,6663589877000, 2, 921.147095, 1340.301880,0.20784314,0.06666667,0,0.0,0.0,65539,0, 0)
captureUserWait ( 9 )
captureDispatchPointer( 6663525501000,6663599155000, 2, 921.147095, 1339.302368,0.20784314,0.06666667,0,0.0,0.0,65539,0, 0)
captureUserWait ( 37 )
captureDispatchPointer( 6663525501000,6663636285000, 2, 921.147095, 1339.302368,0.20784314,0.06666667,0,0.0,0.0,65539,0, 0)
captureUserWait ( 8 )
captureDispatchPointer( 6663525501000,6663644470000, 1, 921.147095, 1339.302368,0.20784314,0.06666667,0,0.0,0.0,65539,0, 0)
captureUserWait ( 341 )
captureDispatchPointer( 6663986454000,6663986454000, 0, 856.207214, 1677.126465,0.20784314,0.06666667,0,0.0,0.0,65539,0, 0)
captureUserWait ( 92 )
captureDispatchPointer( 6663986454000,6664078762000, 2, 857.206299, 1677.126465,0.20784314,0.06666667,0,0.0,0.0,65539,0, 0)
captureUserWait ( 8 )
captureDispatchPointer( 6663986454000,6664087099000, 1, 857.206299, 1677.126465,0.20784314,0.06666667,0,0.0,0.0,65539,0, 0)
captureUserWait ( 214 )
captureDispatchPointer( 6664301748000,6664301748000, 0, 272.747467, 1349.297241,0.20784314,0.06666667,0,0.0,0.0,65539,0, 0)
captureUserWait ( 9 )
captureDispatchPointer( 6664301748000,6664310967000, 2, 272.747467, 1349.297241,0.20784314,0.06666667,0,0.0,0.0,65539,0, 0)
captureUserWait ( 9 )
captureDispatchPointer( 6664301748000,6664320253000, 2, 272.747467, 1349.297241,0.20784314,0.06666667,0,0.0,0.0,65539,0, 0)
captureUserWait ( 28 )
captureDispatchPointer( 6664301748000,6664348282000, 2, 272.747467, 1349.297241,0.20784314,0.06666667,0,0.0,0.0,65539,0, 0)
captureUserWait ( 9 )
captureDispatchPointer( 6664301748000,6664357424000, 2, 272.747467, 1349.297241,0.20784314,0.06666667,0,0.0,0.0,65539,0, 0)
captureUserWait ( 9 )
captureDispatchPointer( 6664301748000,6664366668000, 2, 272.747467, 1349.297241,0.20784314,0.06666667,0,0.0,0.0,65539,0, 0)
captureUserWait ( 8 )
captureDispatchPointer( 6664301748000,6664374967000, 1, 272.747467, 1349.297241,0.20784314,0.06666667,0,0.0,0.0,65539,0, 0)
captureUserWait ( 821 )
captureDispatchPointer( 6665196394000,6665196394000, 0, 679.370972, 1901.009888,0.20784314,0.06666667,0,0.0,0.0,65539,0, 0)
captureUserWait ( 8 )
captureDispatchPointer( 6665196394000,6665204850000, 2, 679.370972, 1901.009888,0.20784314,0.06666667,0,0.0,0.0,65539,0, 0)
captureUserWait ( 54 )
captureDispatchPointer( 6665196394000,6665259571000, 1, 679.370972, 1901.009888,0.20784314,0.06666667,0,0.0,0.0,65539,0, 0)
captureUserWait ( 416 )
captureDispatchPointer( 6665676033000,6665676033000, 0, 192.821457, 1493.222290,0.20784314,0.06666667,0,0.0,0.0,65539,0, 0)
captureUserWait ( 73 )
captureDispatchPointer( 6665676033000,6665749595000, 2, 192.821457, 1493.222290,0.20784314,0.06666667,0,0.0,0.0,65539,0, 0)
captureUserWait ( 17 )
captureDispatchPointer( 6665676033000,6665767409000, 1, 192.821457, 1493.222290,0.20784314,0.06666667,0,0.0,0.0,65539,0, 0)
captureUserWait ( 883 )
captureDispatchPointer( 6666650496000,6666650496000, 0, 515.522644, 1316.314331,0.20784314,0.06666667,0,0.0,0.0,65539,0, 0)
captureUserWait ( 91 )
captureDispatchPointer( 6666650496000,6666742306000, 2, 515.522644, 1316.314331,0.20784314,0.06666667,0,0.0,0.0,65539,0, 0)
captureUserWait ( 8 )
captureDispatchPointer( 6666650496000,6666750349000, 1, 515.522644, 1316.314331,0.20784314,0.06666667,0,0.0,0.0,65539,0, 0)
captureUserWait ( 299 )
captureDispatchPointer( 6667049650000,6667049650000, 0, 93.913040, 1499.219116,0.20784314,0.06666667,0,0.0,0.0,65539,0, 0)
captureUserWait ( 8 )
captureDispatchPointer( 6667049650000,6667058162000, 2, 93.913040, 1499.219116,0.20784314,0.06666667,0,0.0,0.0,65539,0, 0)
captureUserWait ( 9 )
captureDispatchPointer( 6667049650000,6667067381000, 2, 92.913971, 1499.219116,0.20784314,0.06666667,0,0.0,0.0,65539,0, 0)
captureUserWait ( 9 )
captureDispatchPointer( 6667049650000,6667076675000, 2, 91.914894, 1499.219116,0.20784314,0.06666667,0,0.0,0.0,65539,0, 0)
captureUserWait ( 74 )
captureDispatchPointer( 6667049650000,6667150959000, 2, 91.914894, 1499.219116,0.20784314,0.06666667,0,0.0,0.0,65539,0, 0)
captureUserWait ( 9 )
captureDispatchPointer( 6667049650000,6667160275000, 2, 91.914894, 1499.219116,0.20784314,0.06666667,0,0.0,0.0,65539,0, 0)
captureUserWait ( 8 )
captureDispatchPointer( 6667049650000,6667168661000, 1, 91.914894, 1499.219116,0.20784314,0.06666667,0,0.0,0.0,65539,0, 0)
captureUserWait ( 251 )
captureDispatchPointer( 6667420490000,6667420490000, 0, 856.207214, 1684.122803,0.20784314,0.06666667,0,0.0,0.0,65539,0, 0)
captureUserWait ( 64 )
captureDispatchPointer( 6667420490000,6667485427000, 2, 856.207214, 1684.122803,0.20784314,0.06666667,0,0.0,0.0,65539,0, 0)
captureUserWait ( 9 )
captureDispatchPointer( 6667420490000,6667494676000, 2, 856.207214, 1684.122803,0.20784314,0.06666667,0,0.0,0.0,65539,0, 0)
captureUserWait ( 17 )
captureDispatchPointer( 6667420490000,6667512361000, 1, 856.207214, 1684.122803,0.20784314,0.06666667,0,0.0,0.0,65539,0, 0)
captureUserWait ( 359 )
captureDispatchPointer( 6667871911000,6667871911000, 0, 1022.053650, 1289.328491,0.20784314,0.06666667,0,0.0,0.0,65539,0, 0)
captureUserWait ( 37 )
captureDispatchPointer( 6667871911000,6667908951000, 2, 1022.053650, 1289.328491,0.20784314,0.06666667,0,0.0,0.0,65539,0, 0)
captureUserWait ( 9 )
captureDispatchPointer( 6667871911000,6667918235000, 2, 1023.052734, 1289.328491,0.20784314,0.06666667,0,0.0,0.0,65539,0, 0)
captureUserWait ( 9 )
captureDispatchPointer( 6667871911000,6667927512000, 2, 1024.051758, 1289.328491,0.20784314,0.06666667,0,0.0,0.0,65539,0, 0)
captureUserWait ( 8 )
captureDispatchPointer( 6667871911000,6667935875000, 1, 1024.051758, 1289.328491,0.20784314,0.06666667,0,0.0,0.0,65539,0, 0)
captureUserWait ( 224 )
captureDispatchPointer( 6668160220000,6668160220000, 0, 201.813141, 1514.211304,0.20784314,0.06666667,0,0.0,0.0,65539,0, 0)
captureUserWait ( 64 )
captureDispatchPointer( 6668160220000,6668224994000, 2, 201.813141, 1514.211304,0.20784314,0.06666667,0,0.0,0.0,65539,0, 0)
captureUserWait ( 9 )
captureDispatchPointer( 6668160220000,6668234376000, 2, 201.813141, 1514.211304,0.20784314,0.06666667,0,0.0,0.0,65539,0, 0)
captureUserWait ( 7 )
captureDispatchPointer( 6668160220000,6668242326000, 1, 201.813141, 1514.211304,0.20784314,0.06666667,0,0.0,0.0,65539,0, 0)
captureUserWait ( 2361 )
compareScreenshot(2014-10-13_01-46-24.jpg, 0, 0, 1080, 1920, 0, 1.0, 10)
captureDispatchPointer( 6670604095000,6670604095000, 0, 980.092529, 1046.454956,0.20784314,0.06666667,0,0.0,0.0,65539,0, 0)
captureUserWait ( 7 )
captureDispatchPointer( 6670604095000,6670611530000, 2, 980.092529, 1046.454956,0.20784314,0.06666667,0,0.0,0.0,65539,0, 0)
captureUserWait ( 83 )
captureDispatchPointer( 6670604095000,6670694674000, 2, 981.091614, 1046.454956,0.20784314,0.06666667,0,0.0,0.0,65539,0, 0)
captureUserWait ( 8 )
captureDispatchPointer( 6670604095000,6670702789000, 1, 981.091614, 1046.454956,0.20784314,0.06666667,0,0.0,0.0,65539,0, 0)
captureUserWait ( 1875 )
compareScreenshot(2014-10-13_01-46-26.jpg, 0, 0, 1080, 1920, 0, 1.0, 10)
captureDispatchPointer( 6672578022000,6672578022000, 0, 168.843658, 1071.441895,0.20784314,0.06666667,0,0.0,0.0,65539,0, 0)
captureUserWait ( 108 )
captureDispatchPointer( 6672578022000,6672686993000, 1, 168.843658, 1071.441895,0.20784314,0.06666667,0,0.0,0.0,65539,0, 0)
captureUserWait ( 974 )
captureDispatchPointer( 6673661377000,6673661377000, 0, 118.889915, 443.768860,0.20784314,0.06666667,0,0.0,0.0,65539,0, 0)
captureUserWait ( 8 )
captureDispatchPointer( 6673661377000,6673669734000, 2, 118.889915, 443.768860,0.20784314,0.06666667,0,0.0,0.0,65539,0, 0)
captureUserWait ( 18 )
captureDispatchPointer( 6673661377000,6673688053000, 2, 118.889915, 443.768860,0.20784314,0.06666667,0,0.0,0.0,65539,0, 0)
captureUserWait ( 56 )
captureDispatchPointer( 6673661377000,6673744225000, 2, 118.889915, 443.768860,0.20784314,0.06666667,0,0.0,0.0,65539,0, 0)
captureUserWait ( 7 )
captureDispatchPointer( 6673661377000,6673752081000, 1, 118.889915, 443.768860,0.20784314,0.06666667,0,0.0,0.0,65539,0, 0)
captureUserWait ( 831 )
captureDispatchPointer( 6674583201000,6674583201000, 0, 188.825165, 529.724060,0.20784314,0.06666667,0,0.0,0.0,65539,0, 0)
captureUserWait ( 8 )
captureDispatchPointer( 6674583201000,6674591650000, 2, 188.825165, 529.724060,0.20784314,0.06666667,0,0.0,0.0,65539,0, 0)
captureUserWait ( 9 )
captureDispatchPointer( 6674583201000,6674600945000, 2, 188.825165, 529.724060,0.20784314,0.06666667,0,0.0,0.0,65539,0, 0)
captureUserWait ( 46 )
captureDispatchPointer( 6674583201000,6674647318000, 2, 188.825165, 529.724060,0.20784314,0.06666667,0,0.0,0.0,65539,0, 0)
captureUserWait ( 8 )
captureDispatchPointer( 6674583201000,6674655418000, 1, 188.825165, 529.724060,0.20784314,0.06666667,0,0.0,0.0,65539,0, 0)
captureUserWait ( 1059 )
compareScreenshot(2014-10-13_01-46-29.jpg, 0, 0, 1080, 1920, 0, 1.0, 10)
captureDispatchPointer( 6675715149000,6675715149000, 0, 168.843658, 1066.444580,0.20784314,0.06666667,0,0.0,0.0,65539,0, 0)
captureUserWait ( 36 )
captureDispatchPointer( 6675715149000,6675751606000, 2, 168.843658, 1066.444580,0.20784314,0.06666667,0,0.0,0.0,65539,0, 0)
captureUserWait ( 55 )
captureDispatchPointer( 6675715149000,6675807295000, 2, 167.844589, 1066.444580,0.20784314,0.06666667,0,0.0,0.0,65539,0, 0)
captureUserWait ( 9 )
captureDispatchPointer( 6675715149000,6675816597000, 2, 166.845520, 1066.444580,0.20784314,0.06666667,0,0.0,0.0,65539,0, 0)
captureUserWait ( 9 )
captureDispatchPointer( 6675715149000,6675825867000, 2, 166.845520, 1066.444580,0.20784314,0.06666667,0,0.0,0.0,65539,0, 0)
captureUserWait ( 8 )
captureDispatchPointer( 6675715149000,6675833969000, 1, 166.845520, 1066.444580,0.20784314,0.06666667,0,0.0,0.0,65539,0, 0)
captureUserWait ( 1032 )
compareScreenshot(2014-10-13_01-46-31.jpg, 0, 0, 1080, 1920, 0, 1.0, 10)
captureDispatchPointer( 6676866194000,6676866194000, 0, 400.629059, 460.760010,0.20784314,0.06666667,0,0.0,0.0,65539,0, 0)
captureUserWait ( 92 )
captureDispatchPointer( 6676866194000,6676958345000, 2, 400.629059, 460.760010,0.20784314,0.06666667,0,0.0,0.0,65539,0, 0)
captureUserWait ( 7 )
captureDispatchPointer( 6676866194000,6676966307000, 1, 400.629059, 460.760010,0.20784314,0.06666667,0,0.0,0.0,65539,0, 0)
captureUserWait ( 791 )
captureDispatchPointer( 6677758140000,6677758140000, 0, 401.628113, 535.720947,0.20784314,0.06666667,0,0.0,0.0,65539,0, 0)
captureUserWait ( 8 )
captureDispatchPointer( 6677758140000,6677766662000, 2, 401.628113, 535.720947,0.20784314,0.06666667,0,0.0,0.0,65539,0, 0)
captureUserWait ( 9 )
captureDispatchPointer( 6677758140000,6677775958000, 2, 401.628113, 535.720947,0.20784314,0.06666667,0,0.0,0.0,65539,0, 0)
captureUserWait ( 74 )
captureDispatchPointer( 6677758140000,6677850299000, 2, 401.628113, 535.720947,0.20784314,0.06666667,0,0.0,0.0,65539,0, 0)
captureUserWait ( 9 )
captureDispatchPointer( 6677758140000,6677859564000, 2, 401.628113, 535.720947,0.20784314,0.06666667,0,0.0,0.0,65539,0, 0)
captureUserWait ( 8 )
captureDispatchPointer( 6677758140000,6677868052000, 1, 401.628113, 535.720947,0.20784314,0.06666667,0,0.0,0.0,65539,0, 0)
captureUserWait ( 3095 )
captureUserWait ( 5095 )

# press back button to disable keyboard
compareScreenshot(2014-10-13_01-46-35.jpg, 0, 0, 1080, 1920, 0, 1.0, 10)
captureDispatchKey( 0, 0, 0, 4, 0,0,0,0)
captureUserWait ( 91 )
captureDispatchKey( 0, 0, 1, 4, 0,0,0,0)
captureUserWait ( 1059 )

# press back button to chat menu
compareScreenshot(2014-10-13_01-46-36.jpg, 0, 0, 1080, 1920, 0, 1.0, 10)
captureDispatchKey( 0, 0, 0, 4, 0,0,0,0)
captureUserWait ( 119 )
captureDispatchKey( 0, 0, 1, 4, 0,0,0,0)
captureUserWait ( 2048 )

# press home button to home sheet
compareScreenshot(2014-10-13_01-46-38.jpg, 0, 0, 1080, 1920, 0, 1.0, 10)
captureDispatchKey( 0, 0, 0, 3, 0,0,0,0)
captureUserWait ( 101 )
captureDispatchKey( 0, 0, 1, 3, 0,0,0,0)
captureUserWait ( 2036 )
compareScreenshot(2014-10-13_01-46-40.jpg, 0, 0, 1080, 1920, 0, 1.0, 10)
captureUserWait ( 1500 )
