type=raw events 1
count= 1
speed=1.0
start data >>

# line-cookie-run-4-min.txt
RunCmd(am start -n com.linecorp.LGCOOKIE/com.devsisters.CookieRunForKakao.OvenbreakX --activity-single-top)
captureUserWait ( 4500 )

compareScreenshot(2014-10-16_10-22-40.jpg, 0, 0, 1080, 1920, 0, 1.0, 10)
captureUserWait ( 60500 )

captureDispatchPointer( 2129381416000,2129381416000, 0, 1715.106689, 97.909348,0.20784314,0.06666667,0,0.0,0.0,65539,0, 0)
captureUserWait ( 7 )
captureDispatchPointer( 2129381416000,2129389356000, 2, 1715.106689, 97.909348,0.20784314,0.06666667,0,0.0,0.0,65539,0, 0)
captureUserWait ( 46 )
captureDispatchPointer( 2129381416000,2129435561000, 2, 1715.106689, 97.909348,0.20784314,0.06666667,0,0.0,0.0,65539,0, 0)
captureUserWait ( 17 )
captureDispatchPointer( 2129381416000,2129452907000, 1, 1715.106689, 97.909348,0.20784314,0.06666667,0,0.0,0.0,65539,0, 0)
captureUserWait ( 2065 )

compareScreenshot(2014-10-16_10-22-42.jpg, 0, 0, 1080, 1920, 0, 1.0, 10)
captureDispatchPointer( 2131518766000,2131518766000, 0, 1698.115479, 90.915817,0.20784314,0.06666667,0,0.0,0.0,65539,0, 0)
captureUserWait ( 17 )
captureDispatchPointer( 2131518766000,2131536502000, 2, 1698.115479, 90.915817,0.20784314,0.06666667,0,0.0,0.0,65539,0, 0)
captureUserWait ( 27 )
captureDispatchPointer( 2131518766000,2131564259000, 2, 1698.115479, 90.915817,0.20784314,0.06666667,0,0.0,0.0,65539,0, 0)
captureUserWait ( 17 )
captureDispatchPointer( 2131518766000,2131581647000, 1, 1698.115479, 90.915817,0.20784314,0.06666667,0,0.0,0.0,65539,0, 0)
captureUserWait ( 2839 )

compareScreenshot(2014-10-16_10-22-45.jpg, 0, 0, 1080, 1920, 0, 1.0, 10)
captureDispatchPointer( 2134420990000,2134420990000, 0, 326.829773, 990.083252,0.20784314,0.06666667,0,0.0,0.0,65539,0, 0)
captureUserWait ( 7 )
captureDispatchPointer( 2134420990000,2134428878000, 2, 326.829773, 990.083252,0.20784314,0.06666667,0,0.0,0.0,65539,0, 0)
captureUserWait ( 18 )
captureDispatchPointer( 2134420990000,2134447456000, 2, 326.829773, 990.083252,0.20784314,0.06666667,0,0.0,0.0,65539,0, 0)
captureUserWait ( 9 )
captureDispatchPointer( 2134420990000,2134456714000, 2, 326.829773, 990.083252,0.20784314,0.06666667,0,0.0,0.0,65539,0, 0)
captureUserWait ( 9 )
captureDispatchPointer( 2134420990000,2134465903000, 2, 326.829773, 990.083252,0.20784314,0.06666667,0,0.0,0.0,65539,0, 0)
captureUserWait ( 9 )
captureDispatchPointer( 2134420990000,2134474984000, 2, 326.829773, 990.083252,0.20784314,0.06666667,0,0.0,0.0,65539,0, 0)
captureUserWait ( 8 )
captureDispatchPointer( 2134420990000,2134483149000, 1, 326.829773, 990.083252,0.20784314,0.06666667,0,0.0,0.0,65539,0, 0)
captureUserWait ( 2225 )

compareScreenshot(2014-10-16_10-22-47.jpg, 0, 0, 1080, 1920, 0, 1.0, 10)
captureDispatchPointer( 2136708975000,2136708975000, 0, 281.853180, 739.315430,0.20784314,0.06666667,0,0.0,0.0,65539,0, 0)
captureUserWait ( 27 )
captureDispatchPointer( 2136708975000,2136736695000, 2, 281.853180, 739.315430,0.20784314,0.06666667,0,0.0,0.0,65539,0, 0)
captureUserWait ( 9 )
captureDispatchPointer( 2136708975000,2136745968000, 2, 281.853180, 739.315430,0.20784314,0.06666667,0,0.0,0.0,65539,0, 0)
captureUserWait ( 27 )
captureDispatchPointer( 2136708975000,2136773750000, 2, 280.853729, 738.316406,0.20784314,0.06666667,0,0.0,0.0,65539,0, 0)
captureUserWait ( 9 )
captureDispatchPointer( 2136708975000,2136783077000, 2, 279.854248, 737.317322,0.20784314,0.06666667,0,0.0,0.0,65539,0, 0)
captureUserWait ( 9 )
captureDispatchPointer( 2136708975000,2136792326000, 2, 279.854248, 735.319153,0.20784314,0.06666667,0,0.0,0.0,65539,0, 0)
captureUserWait ( 9 )
captureDispatchPointer( 2136708975000,2136801589000, 2, 279.854248, 732.321899,0.20784314,0.06666667,0,0.0,0.0,65539,0, 0)
captureUserWait ( 9 )
captureDispatchPointer( 2136708975000,2136810889000, 2, 279.854248, 728.325623,0.20784314,0.06666667,0,0.0,0.0,65539,0, 0)
captureUserWait ( 9 )
captureDispatchPointer( 2136708975000,2136820108000, 2, 279.854248, 722.331177,0.20784314,0.06666667,0,0.0,0.0,65539,0, 0)
captureUserWait ( 9 )
captureDispatchPointer( 2136708975000,2136829285000, 2, 280.853729, 716.336731,0.20784314,0.06666667,0,0.0,0.0,65539,0, 0)
captureUserWait ( 9 )
captureDispatchPointer( 2136708975000,2136838548000, 2, 281.853180, 708.344116,0.20784314,0.06666667,0,0.0,0.0,65539,0, 0)
captureUserWait ( 9 )
captureDispatchPointer( 2136708975000,2136847875000, 2, 282.852661, 701.350586,0.20784314,0.06666667,0,0.0,0.0,65539,0, 0)
captureUserWait ( 9 )
captureDispatchPointer( 2136708975000,2136857075000, 2, 283.852142, 695.356140,0.20784314,0.06666667,0,0.0,0.0,65539,0, 0)
captureUserWait ( 9 )
captureDispatchPointer( 2136708975000,2136866425000, 2, 283.852142, 687.363525,0.20784314,0.06666667,0,0.0,0.0,65539,0, 0)
captureUserWait ( 9 )
captureDispatchPointer( 2136708975000,2136875675000, 2, 284.851624, 680.370056,0.20784314,0.06666667,0,0.0,0.0,65539,0, 0)
captureUserWait ( 9 )
captureDispatchPointer( 2136708975000,2136884933000, 2, 284.851624, 671.378357,0.20784314,0.06666667,0,0.0,0.0,65539,0, 0)
captureUserWait ( 9 )
captureDispatchPointer( 2136708975000,2136894241000, 2, 285.851105, 661.387634,0.20784314,0.06666667,0,0.0,0.0,65539,0, 0)
captureUserWait ( 9 )
captureDispatchPointer( 2136708975000,2136903655000, 2, 286.850586, 649.398682,0.20784314,0.06666667,0,0.0,0.0,65539,0, 0)
captureUserWait ( 8 )
captureDispatchPointer( 2136708975000,2136912650000, 2, 288.849548, 636.410706,0.20784314,0.06666667,0,0.0,0.0,65539,0, 0)
captureUserWait ( 9 )
captureDispatchPointer( 2136708975000,2136921976000, 2, 289.849030, 625.420898,0.20784314,0.06666667,0,0.0,0.0,65539,0, 0)
captureUserWait ( 9 )
captureDispatchPointer( 2136708975000,2136931273000, 2, 290.848511, 614.431091,0.20784314,0.06666667,0,0.0,0.0,65539,0, 0)
captureUserWait ( 9 )
captureDispatchPointer( 2136708975000,2136940577000, 2, 291.847992, 604.440308,0.20784314,0.06666667,0,0.0,0.0,65539,0, 0)
captureUserWait ( 9 )
captureDispatchPointer( 2136708975000,2136949831000, 2, 292.847473, 592.451416,0.20784314,0.06666667,0,0.0,0.0,65539,0, 0)
captureUserWait ( 9 )
captureDispatchPointer( 2136708975000,2136958987000, 2, 293.846954, 582.460693,0.20784314,0.06666667,0,0.0,0.0,65539,0, 0)
captureUserWait ( 9 )
captureDispatchPointer( 2136708975000,2136968278000, 2, 294.846436, 573.468994,0.20784314,0.06666667,0,0.0,0.0,65539,0, 0)
captureUserWait ( 9 )
captureDispatchPointer( 2136708975000,2136977542000, 2, 295.845917, 563.478271,0.20784314,0.06666667,0,0.0,0.0,65539,0, 0)
captureUserWait ( 9 )
captureDispatchPointer( 2136708975000,2136986798000, 2, 296.845398, 554.486572,0.20784314,0.06666667,0,0.0,0.0,65539,0, 0)
captureUserWait ( 9 )
captureDispatchPointer( 2136708975000,2136996075000, 2, 297.844879, 545.494934,0.20784314,0.06666667,0,0.0,0.0,65539,0, 0)
captureUserWait ( 9 )
captureDispatchPointer( 2136708975000,2137005331000, 2, 298.844330, 538.501404,0.20784314,0.06666667,0,0.0,0.0,65539,0, 0)
captureUserWait ( 9 )
captureDispatchPointer( 2136708975000,2137014593000, 2, 299.843811, 528.510620,0.20784314,0.06666667,0,0.0,0.0,65539,0, 0)
captureUserWait ( 9 )
captureDispatchPointer( 2136708975000,2137024088000, 2, 301.842773, 517.520813,0.20784314,0.06666667,0,0.0,0.0,65539,0, 0)
captureUserWait ( 9 )
captureDispatchPointer( 2136708975000,2137033157000, 2, 303.841736, 507.530060,0.20784314,0.06666667,0,0.0,0.0,65539,0, 0)
captureUserWait ( 9 )
captureDispatchPointer( 2136708975000,2137042448000, 2, 305.840698, 496.540253,0.20784314,0.06666667,0,0.0,0.0,65539,0, 0)
captureUserWait ( 9 )
captureDispatchPointer( 2136708975000,2137051723000, 2, 307.839661, 485.550415,0.20784314,0.06666667,0,0.0,0.0,65539,0, 0)
captureUserWait ( 9 )
captureDispatchPointer( 2136708975000,2137060921000, 2, 309.838623, 474.560608,0.20784314,0.06666667,0,0.0,0.0,65539,0, 0)
captureUserWait ( 9 )
captureDispatchPointer( 2136708975000,2137070201000, 2, 311.837585, 464.569855,0.20784314,0.06666667,0,0.0,0.0,65539,0, 0)
captureUserWait ( 9 )
captureDispatchPointer( 2136708975000,2137079543000, 2, 313.836548, 455.578186,0.20784314,0.06666667,0,0.0,0.0,65539,0, 0)
captureUserWait ( 9 )
captureDispatchPointer( 2136708975000,2137088792000, 2, 315.835480, 444.588348,0.20784314,0.06666667,0,0.0,0.0,65539,0, 0)
captureUserWait ( 9 )
captureDispatchPointer( 2136708975000,2137098087000, 2, 316.834961, 436.595734,0.20784314,0.06666667,0,0.0,0.0,65539,0, 0)
captureUserWait ( 9 )
captureDispatchPointer( 2136708975000,2137107329000, 2, 317.834442, 428.603149,0.20784314,0.06666667,0,0.0,0.0,65539,0, 0)
captureUserWait ( 9 )
captureDispatchPointer( 2136708975000,2137116509000, 2, 317.834442, 419.611481,0.20784314,0.06666667,0,0.0,0.0,65539,0, 0)
captureUserWait ( 9 )
captureDispatchPointer( 2136708975000,2137125795000, 2, 317.834442, 410.619812,0.20784314,0.06666667,0,0.0,0.0,65539,0, 0)
captureUserWait ( 9 )
captureDispatchPointer( 2136708975000,2137135110000, 2, 317.834442, 401.628113,0.20784314,0.06666667,0,0.0,0.0,65539,0, 0)
captureUserWait ( 9 )
captureDispatchPointer( 2136708975000,2137144308000, 2, 318.833923, 393.635529,0.20784314,0.06666667,0,0.0,0.0,65539,0, 0)
captureUserWait ( 9 )
captureDispatchPointer( 2136708975000,2137153631000, 2, 319.833405, 386.641998,0.20784314,0.06666667,0,0.0,0.0,65539,0, 0)
captureUserWait ( 9 )
captureDispatchPointer( 2136708975000,2137162927000, 2, 321.832367, 377.650330,0.20784314,0.06666667,0,0.0,0.0,65539,0, 0)
captureUserWait ( 9 )
captureDispatchPointer( 2136708975000,2137172189000, 2, 323.831329, 367.659576,0.20784314,0.06666667,0,0.0,0.0,65539,0, 0)
captureUserWait ( 9 )
captureDispatchPointer( 2136708975000,2137181449000, 2, 326.829773, 356.669739,0.20784314,0.06666667,0,0.0,0.0,65539,0, 0)
captureUserWait ( 9 )
captureDispatchPointer( 2136708975000,2137190711000, 2, 329.828217, 344.680847,0.20784314,0.06666667,0,0.0,0.0,65539,0, 0)
captureUserWait ( 9 )
captureDispatchPointer( 2136708975000,2137199938000, 2, 332.826630, 332.691956,0.20784314,0.06666667,0,0.0,0.0,65539,0, 0)
captureUserWait ( 9 )
captureDispatchPointer( 2136708975000,2137209154000, 2, 334.825592, 322.701202,0.20784314,0.06666667,0,0.0,0.0,65539,0, 0)
captureUserWait ( 9 )
captureDispatchPointer( 2136708975000,2137218506000, 2, 337.824036, 309.713226,0.20784314,0.06666667,0,0.0,0.0,65539,0, 0)
captureUserWait ( 9 )
captureDispatchPointer( 2136708975000,2137227762000, 2, 339.822998, 299.722473,0.20784314,0.06666667,0,0.0,0.0,65539,0, 0)
captureUserWait ( 9 )
captureDispatchPointer( 2136708975000,2137237033000, 2, 340.822479, 292.728943,0.20784314,0.06666667,0,0.0,0.0,65539,0, 0)
captureUserWait ( 9 )
captureDispatchPointer( 2136708975000,2137246318000, 2, 341.821960, 285.735443,0.20784314,0.06666667,0,0.0,0.0,65539,0, 0)
captureUserWait ( 9 )
captureDispatchPointer( 2136708975000,2137255564000, 2, 342.821442, 279.740967,0.20784314,0.06666667,0,0.0,0.0,65539,0, 0)
captureUserWait ( 9 )
captureDispatchPointer( 2136708975000,2137264819000, 2, 343.820923, 274.745605,0.20784314,0.06666667,0,0.0,0.0,65539,0, 0)
captureUserWait ( 9 )
captureDispatchPointer( 2136708975000,2137274102000, 2, 344.820404, 269.750244,0.20784314,0.06666667,0,0.0,0.0,65539,0, 0)
captureUserWait ( 9 )
captureDispatchPointer( 2136708975000,2137283349000, 2, 345.819885, 265.753937,0.20784314,0.06666667,0,0.0,0.0,65539,0, 0)
captureUserWait ( 9 )
captureDispatchPointer( 2136708975000,2137292628000, 2, 345.819885, 261.757629,0.20784314,0.06666667,0,0.0,0.0,65539,0, 0)
captureUserWait ( 9 )
captureDispatchPointer( 2136708975000,2137301976000, 2, 345.819885, 257.761322,0.20784314,0.06666667,0,0.0,0.0,65539,0, 0)
captureUserWait ( 9 )
captureDispatchPointer( 2136708975000,2137311198000, 2, 346.819366, 253.765030,0.20784314,0.06666667,0,0.0,0.0,65539,0, 0)
captureUserWait ( 9 )
captureDispatchPointer( 2136708975000,2137320355000, 2, 347.818848, 249.768738,0.20784314,0.06666667,0,0.0,0.0,65539,0, 0)
captureUserWait ( 9 )
captureDispatchPointer( 2136708975000,2137329625000, 2, 348.818329, 245.772430,0.20784314,0.06666667,0,0.0,0.0,65539,0, 0)
captureUserWait ( 9 )
captureDispatchPointer( 2136708975000,2137338891000, 2, 349.817780, 242.775208,0.20784314,0.06666667,0,0.0,0.0,65539,0, 0)
captureUserWait ( 9 )
captureDispatchPointer( 2136708975000,2137348118000, 2, 349.817780, 240.777054,0.20784314,0.06666667,0,0.0,0.0,65539,0, 0)
captureUserWait ( 9 )
captureDispatchPointer( 2136708975000,2137357409000, 2, 349.817780, 238.778915,0.20784314,0.06666667,0,0.0,0.0,65539,0, 0)
captureUserWait ( 9 )
captureDispatchPointer( 2136708975000,2137366672000, 2, 349.817780, 236.780762,0.20784314,0.06666667,0,0.0,0.0,65539,0, 0)
captureUserWait ( 9 )
captureDispatchPointer( 2136708975000,2137375922000, 2, 349.817780, 234.782608,0.20784314,0.06666667,0,0.0,0.0,65539,0, 0)
captureUserWait ( 9 )
captureDispatchPointer( 2136708975000,2137385188000, 2, 349.817780, 233.783539,0.20784314,0.06666667,0,0.0,0.0,65539,0, 0)
captureUserWait ( 9 )
captureDispatchPointer( 2136708975000,2137394616000, 2, 349.817780, 232.784454,0.20784314,0.06666667,0,0.0,0.0,65539,0, 0)
captureUserWait ( 9 )
captureDispatchPointer( 2136708975000,2137403773000, 2, 349.817780, 230.786316,0.20784314,0.06666667,0,0.0,0.0,65539,0, 0)
captureUserWait ( 9 )
captureDispatchPointer( 2136708975000,2137413088000, 2, 349.817780, 228.788162,0.20784314,0.06666667,0,0.0,0.0,65539,0, 0)
captureUserWait ( 9 )
captureDispatchPointer( 2136708975000,2137422311000, 2, 349.817780, 226.790009,0.20784314,0.06666667,0,0.0,0.0,65539,0, 0)
captureUserWait ( 9 )
captureDispatchPointer( 2136708975000,2137431591000, 2, 349.817780, 225.790939,0.20784314,0.06666667,0,0.0,0.0,65539,0, 0)
captureUserWait ( 9 )
captureDispatchPointer( 2136708975000,2137440930000, 2, 349.817780, 224.791855,0.20784314,0.06666667,0,0.0,0.0,65539,0, 0)
captureUserWait ( 9 )
captureDispatchPointer( 2136708975000,2137450115000, 2, 349.817780, 223.792786,0.20784314,0.06666667,0,0.0,0.0,65539,0, 0)
captureUserWait ( 9 )
captureDispatchPointer( 2136708975000,2137459398000, 2, 349.817780, 222.793716,0.20784314,0.06666667,0,0.0,0.0,65539,0, 0)
captureUserWait ( 9 )
captureDispatchPointer( 2136708975000,2137468616000, 2, 349.817780, 221.794632,0.20784314,0.06666667,0,0.0,0.0,65539,0, 0)
captureUserWait ( 9 )
captureDispatchPointer( 2136708975000,2137477925000, 2, 349.817780, 220.795563,0.20784314,0.06666667,0,0.0,0.0,65539,0, 0)
captureUserWait ( 9 )
captureDispatchPointer( 2136708975000,2137487096000, 2, 349.817780, 219.796478,0.20784314,0.06666667,0,0.0,0.0,65539,0, 0)
captureUserWait ( 9 )
captureDispatchPointer( 2136708975000,2137496374000, 2, 349.817780, 218.797409,0.20784314,0.06666667,0,0.0,0.0,65539,0, 0)
captureUserWait ( 9 )
captureDispatchPointer( 2136708975000,2137505630000, 2, 349.817780, 217.798340,0.20784314,0.06666667,0,0.0,0.0,65539,0, 0)
captureUserWait ( 9 )
captureDispatchPointer( 2136708975000,2137514907000, 2, 349.817780, 216.799255,0.20784314,0.06666667,0,0.0,0.0,65539,0, 0)
captureUserWait ( 37 )
captureDispatchPointer( 2136708975000,2137551931000, 2, 349.817780, 216.799255,0.20784314,0.06666667,0,0.0,0.0,65539,0, 0)
captureUserWait ( 8 )
captureDispatchPointer( 2136708975000,2137560110000, 1, 349.817780, 216.799255,0.20784314,0.06666667,0,0.0,0.0,65539,0, 0)
captureUserWait ( 1566 )


compareScreenshot(2014-10-16_10-22-49.jpg, 0, 0, 1080, 1920, 0, 1.0, 10)
captureDispatchPointer( 2139126935000,2139126935000, 0, 677.647034, 678.371887,0.20784314,0.06666667,0,0.0,0.0,65539,0, 0)
captureUserWait ( 8 )
captureDispatchPointer( 2139126935000,2139135417000, 2, 677.647034, 678.371887,0.20784314,0.06666667,0,0.0,0.0,65539,0, 0)
captureUserWait ( 18 )
captureDispatchPointer( 2139126935000,2139153910000, 2, 677.647034, 678.371887,0.20784314,0.06666667,0,0.0,0.0,65539,0, 0)
captureUserWait ( 35 )
captureDispatchPointer( 2139126935000,2139189795000, 1, 677.647034, 678.371887,0.20784314,0.06666667,0,0.0,0.0,65539,0, 0)
captureUserWait ( 24932 )

compareScreenshot(2014-10-16_10-23-14.jpg, 0, 0, 1080, 1920, 0, 1.0, 10)
captureDispatchPointer( 2164122050000,2164122050000, 0, 1051.452393, 595.448669,0.20784314,0.06666667,0,0.0,0.0,65539,0, 0)
captureUserWait ( 7 )
captureDispatchPointer( 2164122050000,2164129305000, 1, 1051.452393, 595.448669,0.20784314,0.06666667,0,0.0,0.0,65539,0, 0)
captureUserWait ( 1541 )

compareScreenshot(2014-10-16_10-23-16.jpg, 0, 0, 1080, 1920, 0, 1.0, 10)
captureDispatchPointer( 2165670648000,2165670648000, 0, 1032.462280, 532.506958,0.20784314,0.06666667,0,0.0,0.0,65539,0, 0)
captureUserWait ( 8 )
captureDispatchPointer( 2165670648000,2165679194000, 2, 1032.462280, 532.506958,0.20784314,0.06666667,0,0.0,0.0,65539,0, 0)
captureUserWait ( 18 )
captureDispatchPointer( 2165670648000,2165697656000, 2, 1032.462280, 532.506958,0.20784314,0.06666667,0,0.0,0.0,65539,0, 0)
captureUserWait ( 9 )
captureDispatchPointer( 2165670648000,2165706802000, 2, 1033.461670, 532.506958,0.20784314,0.06666667,0,0.0,0.0,65539,0, 0)
captureUserWait ( 8 )
captureDispatchPointer( 2165670648000,2165714894000, 1, 1033.461670, 532.506958,0.20784314,0.06666667,0,0.0,0.0,65539,0, 0)
captureUserWait ( 1726 )

compareScreenshot(2014-10-16_10-23-18.jpg, 0, 0, 1080, 1920, 0, 1.0, 10)
captureDispatchPointer( 2167441840000,2167441840000, 0, 195.897964, 905.161865,0.20784314,0.06666667,0,0.0,0.0,65539,0, 0)
captureUserWait ( 54 )
captureDispatchPointer( 2167441840000,2167496324000, 2, 195.897964, 905.161865,0.20784314,0.06666667,0,0.0,0.0,65539,0, 0)
captureUserWait ( 8 )
captureDispatchPointer( 2167441840000,2167504415000, 1, 195.897964, 905.161865,0.20784314,0.06666667,0,0.0,0.0,65539,0, 0)
captureUserWait ( 3025 )

compareScreenshot(2014-10-16_10-23-21.jpg, 0, 0, 1080, 1920, 0, 1.0, 10)
captureDispatchPointer( 2170530340000,2170530340000, 0, 988.485168, 561.480103,0.20784314,0.06666667,0,0.0,0.0,65539,0, 0)
captureUserWait ( 17 )
captureDispatchPointer( 2170530340000,2170547768000, 2, 988.485168, 561.480103,0.20784314,0.06666667,0,0.0,0.0,65539,0, 0)
captureUserWait ( 9 )
captureDispatchPointer( 2170530340000,2170557051000, 2, 989.484619, 561.480103,0.20784314,0.06666667,0,0.0,0.0,65539,0, 0)
captureUserWait ( 8 )
captureDispatchPointer( 2170530340000,2170565109000, 1, 989.484619, 561.480103,0.20784314,0.06666667,0,0.0,0.0,65539,0, 0)
captureUserWait ( 2797 )

compareScreenshot(2014-10-16_10-23-24.jpg, 0, 0, 1080, 1920, 0, 1.0, 10)
captureDispatchPointer( 2173362781000,2173362781000, 0, 974.492432, 470.564301,0.20784314,0.06666667,0,0.0,0.0,65539,0, 0)
captureUserWait ( 26 )
captureDispatchPointer( 2173362781000,2173389542000, 2, 974.492432, 470.564301,0.20784314,0.06666667,0,0.0,0.0,65539,0, 0)
captureUserWait ( 8 )
captureDispatchPointer( 2173362781000,2173397890000, 1, 974.492432, 470.564301,0.20784314,0.06666667,0,0.0,0.0,65539,0, 0)
captureUserWait ( 1477 )

compareScreenshot(2014-10-16_10-23-25.jpg, 0, 0, 1080, 1920, 0, 1.0, 10)
captureDispatchPointer( 2174874956000,2174874956000, 0, 989.484619, 474.560608,0.20784314,0.06666667,0,0.0,0.0,65539,0, 0)
captureUserWait ( 9 )
captureDispatchPointer( 2174874956000,2174883969000, 2, 989.484619, 474.560608,0.20784314,0.06666667,0,0.0,0.0,65539,0, 0)
captureUserWait ( 9 )
captureDispatchPointer( 2174874956000,2174893213000, 2, 989.484619, 474.560608,0.20784314,0.06666667,0,0.0,0.0,65539,0, 0)
captureUserWait ( 18 )
captureDispatchPointer( 2174874956000,2174911762000, 2, 989.484619, 474.560608,0.20784314,0.06666667,0,0.0,0.0,65539,0, 0)
captureUserWait ( 8 )
captureDispatchPointer( 2174874956000,2174919959000, 1, 989.484619, 474.560608,0.20784314,0.06666667,0,0.0,0.0,65539,0, 0)
captureUserWait ( 2201 )

compareScreenshot(2014-10-16_10-23-27.jpg, 0, 0, 1080, 1920, 0, 1.0, 10)
captureDispatchPointer( 2177121821000,2177121821000, 0, 240.874542, 908.159119,0.20784314,0.06666667,0,0.0,0.0,65539,0, 0)
captureUserWait ( 36 )
captureDispatchPointer( 2177121821000,2177157837000, 2, 241.874023, 908.159119,0.20784314,0.06666667,0,0.0,0.0,65539,0, 0)
captureUserWait ( 8 )
captureDispatchPointer( 2177121821000,2177165935000, 1, 241.874023, 908.159119,0.20784314,0.06666667,0,0.0,0.0,65539,0, 0)
captureUserWait ( 902 )
captureDispatchPointer( 2178068784000,2178068784000, 0, 243.872971, 871.193359,0.20784314,0.06666667,0,0.0,0.0,65539,0, 0)
captureUserWait ( 27 )
captureDispatchPointer( 2178068784000,2178096355000, 2, 243.872971, 871.193359,0.20784314,0.06666667,0,0.0,0.0,65539,0, 0)
captureUserWait ( 9 )
captureDispatchPointer( 2178068784000,2178105546000, 2, 243.872971, 871.193359,0.20784314,0.06666667,0,0.0,0.0,65539,0, 0)
captureUserWait ( 8 )
captureDispatchPointer( 2178068784000,2178113615000, 1, 243.872971, 871.193359,0.20784314,0.06666667,0,0.0,0.0,65539,0, 0)
captureUserWait ( 2565 )

compareScreenshot(2014-10-16_10-23-31.jpg, 0, 0, 1080, 1920, 0, 1.0, 10)
captureDispatchPointer( 2180678634000,2180678634000, 0, 1203.373169, 519.518982,0.20784314,0.06666667,0,0.0,0.0,65539,0, 0)
captureUserWait ( 26 )
captureDispatchPointer( 2180678634000,2180705416000, 2, 1203.373169, 519.518982,0.20784314,0.06666667,0,0.0,0.0,65539,0, 0)
captureUserWait ( 8 )
captureDispatchPointer( 2180678634000,2180713652000, 1, 1203.373169, 519.518982,0.20784314,0.06666667,0,0.0,0.0,65539,0, 0)
captureUserWait ( 1898 )
compareScreenshot(2014-10-16_10-23-33.jpg, 0, 0, 1080, 1920, 0, 1.0, 10)
captureDispatchPointer( 2182612575000,2182612575000, 0, 1293.326416, 583.459778,0.20784314,0.06666667,0,0.0,0.0,65539,0, 0)
captureUserWait ( 26 )
captureDispatchPointer( 2182612575000,2182639234000, 2, 1294.325806, 583.459778,0.20784314,0.06666667,0,0.0,0.0,65539,0, 0)
captureUserWait ( 9 )
captureDispatchPointer( 2182612575000,2182648343000, 2, 1294.325806, 583.459778,0.20784314,0.06666667,0,0.0,0.0,65539,0, 0)
captureUserWait ( 8 )
captureDispatchPointer( 2182612575000,2182656500000, 1, 1294.325806, 583.459778,0.20784314,0.06666667,0,0.0,0.0,65539,0, 0)
captureUserWait ( 1566 )
compareScreenshot(2014-10-16_10-23-35.jpg, 0, 0, 1080, 1920, 0, 1.0, 10)
captureDispatchPointer( 2184223238000,2184223238000, 0, 1742.092651, 929.139709,0.20784314,0.06666667,0,0.0,0.0,65539,0, 0)
captureUserWait ( 166 )
captureDispatchPointer( 2184223238000,2184390044000, 2, 1742.092651, 930.138794,0.20784314,0.06666667,0,0.0,0.0,65539,0, 0)
captureUserWait ( 18 )
captureDispatchPointer( 2184223238000,2184408516000, 2, 1742.092651, 931.137817,0.20784314,0.06666667,0,0.0,0.0,65539,0, 0)
captureUserWait ( 9 )
captureDispatchPointer( 2184223238000,2184417782000, 2, 1742.092651, 931.137817,0.20784314,0.06666667,0,0.0,0.0,65539,0, 0)
captureUserWait ( 9 )
captureDispatchPointer( 2184223238000,2184427035000, 2, 1742.092651, 932.136902,0.20784314,0.06666667,0,0.0,0.0,65539,0, 0)
captureUserWait ( 9 )
captureDispatchPointer( 2184223238000,2184436314000, 2, 1742.092651, 933.135986,0.20784314,0.06666667,0,0.0,0.0,65539,0, 0)
captureUserWait ( 9 )
captureDispatchPointer( 2184223238000,2184445582000, 2, 1742.092651, 933.135986,0.20784314,0.06666667,0,0.0,0.0,65539,0, 0)
captureUserWait ( 129 )
captureDispatchPointer( 2184223238000,2184575523000, 2, 1742.092651, 933.135986,0.20784314,0.06666667,0,0.0,0.0,65539,0, 0)
captureUserWait ( 18 )
captureDispatchPointer( 2184223238000,2184593948000, 2, 1742.092651, 933.135986,0.20784314,0.06666667,0,0.0,0.0,65539,0, 0)
captureUserWait ( 269 )
captureDispatchPointer( 2184223238000,2184862994000, 2, 1742.092651, 933.135986,0.20784314,0.06666667,0,0.0,0.0,65539,0, 0)
captureUserWait ( 9 )
captureDispatchPointer( 2184223238000,2184872029000, 2, 1742.092651, 933.135986,0.20784314,0.06666667,0,0.0,0.0,65539,0, 0)
captureUserWait ( 102 )
captureDispatchPointer( 2184223238000,2184974412000, 2, 1742.092651, 933.135986,0.20784314,0.06666667,0,0.0,0.0,65539,0, 0)
captureUserWait ( 8 )
captureDispatchPointer( 2184223238000,2184983241000, 2, 1742.092651, 933.135986,0.20784314,0.06666667,0,0.0,0.0,65539,0, 0)
captureUserWait ( 46 )
captureDispatchPointer( 2184223238000,2185029777000, 2, 1742.092651, 933.135986,0.20784314,0.06666667,0,0.0,0.0,65539,0, 0)
captureUserWait ( 9 )
captureDispatchPointer( 2184223238000,2185038878000, 2, 1742.092651, 933.135986,0.20784314,0.06666667,0,0.0,0.0,65539,0, 0)
captureUserWait ( 9 )
captureDispatchPointer( 2184223238000,2185048121000, 2, 1742.092651, 933.135986,0.20784314,0.06666667,0,0.0,0.0,65539,0, 0)
captureUserWait ( 9 )
captureDispatchPointer( 2184223238000,2185057419000, 2, 1742.092651, 933.135986,0.20784314,0.06666667,0,0.0,0.0,65539,0, 0)
captureUserWait ( 157 )
captureDispatchPointer( 2184223238000,2185215151000, 2, 1742.092651, 933.135986,0.20784314,0.06666667,0,0.0,0.0,65539,0, 0)
captureUserWait ( 9 )
captureDispatchPointer( 2184223238000,2185224306000, 2, 1742.092651, 933.135986,0.20784314,0.06666667,0,0.0,0.0,65539,0, 0)
captureUserWait ( 157 )
captureDispatchPointer( 2184223238000,2185381786000, 2, 1742.092651, 933.135986,0.20784314,0.06666667,0,0.0,0.0,65539,0, 0)
captureUserWait ( 9 )
captureDispatchPointer( 2184223238000,2185391175000, 2, 1742.092651, 933.135986,0.20784314,0.06666667,0,0.0,0.0,65539,0, 0)
captureUserWait ( 9 )
captureDispatchPointer( 2184223238000,2185400340000, 2, 1742.092651, 933.135986,0.20784314,0.06666667,0,0.0,0.0,65539,0, 0)
captureUserWait ( 9 )
captureDispatchPointer( 2184223238000,2185409594000, 2, 1742.092651, 933.135986,0.20784314,0.06666667,0,0.0,0.0,65539,0, 0)
captureUserWait ( 222 )
captureDispatchPointer( 2184223238000,2185632382000, 2, 1742.092651, 933.135986,0.20784314,0.06666667,0,0.0,0.0,65539,0, 0)
captureUserWait ( 16 )
captureDispatchPointer( 2184223238000,2185649356000, 1, 1742.092651, 933.135986,0.20784314,0.06666667,0,0.0,0.0,65539,0, 0)
captureUserWait ( 13158 )
compareScreenshot(2014-10-16_10-23-49.jpg, 0, 0, 1080, 1920, 0, 1.0, 10)
captureDispatchPointer( 2198807874000,2198807874000, 0, 1063.446045, 563.478271,0.20784314,0.06666667,0,0.0,0.0,65539,0, 0)
captureUserWait ( 54 )
captureDispatchPointer( 2198807874000,2198862351000, 2, 1063.446045, 563.478271,0.20784314,0.06666667,0,0.0,0.0,65539,0, 0)
captureUserWait ( 8 )
captureDispatchPointer( 2198807874000,2198870475000, 1, 1063.446045, 563.478271,0.20784314,0.06666667,0,0.0,0.0,65539,0, 0)
captureUserWait ( 2322 )
compareScreenshot(2014-10-16_10-23-51.jpg, 0, 0, 1080, 1920, 0, 1.0, 10)
captureDispatchPointer( 2201193204000,2201193204000, 0, 1157.397217, 583.459778,0.20784314,0.06666667,0,0.0,0.0,65539,0, 0)
captureUserWait ( 8 )
captureDispatchPointer( 2201193204000,2201201755000, 2, 1157.397217, 583.459778,0.20784314,0.06666667,0,0.0,0.0,65539,0, 0)
captureUserWait ( 9 )
captureDispatchPointer( 2201193204000,2201211026000, 2, 1157.397217, 583.459778,0.20784314,0.06666667,0,0.0,0.0,65539,0, 0)
captureUserWait ( 26 )
captureDispatchPointer( 2201193204000,2201237572000, 1, 1157.397217, 583.459778,0.20784314,0.06666667,0,0.0,0.0,65539,0, 0)
captureUserWait ( 6402 )
compareScreenshot(2014-10-16_10-23-58.jpg, 0, 0, 1080, 1920, 0, 1.0, 10)
captureDispatchPointer( 2207640342000,2207640342000, 0, 1179.385742, 544.495850,0.20784314,0.06666667,0,0.0,0.0,65539,0, 0)
captureUserWait ( 8 )
captureDispatchPointer( 2207640342000,2207648394000, 2, 1179.385742, 544.495850,0.20784314,0.06666667,0,0.0,0.0,65539,0, 0)
captureUserWait ( 18 )
captureDispatchPointer( 2207640342000,2207666865000, 2, 1179.385742, 544.495850,0.20784314,0.06666667,0,0.0,0.0,65539,0, 0)
captureUserWait ( 18 )
captureDispatchPointer( 2207640342000,2207684887000, 1, 1179.385742, 544.495850,0.20784314,0.06666667,0,0.0,0.0,65539,0, 0)
captureUserWait ( 2448 )
compareScreenshot(2014-10-16_10-24-00.jpg, 0, 0, 1080, 1920, 0, 1.0, 10)
captureDispatchPointer( 2210132967000,2210132967000, 0, 1173.388794, 527.511597,0.20784314,0.06666667,0,0.0,0.0,65539,0, 0)
captureUserWait ( 36 )
captureDispatchPointer( 2210132967000,2210169497000, 2, 1174.388306, 527.511597,0.20784314,0.06666667,0,0.0,0.0,65539,0, 0)
captureUserWait ( 8 )
captureDispatchPointer( 2210132967000,2210177931000, 1, 1174.388306, 527.511597,0.20784314,0.06666667,0,0.0,0.0,65539,0, 0)
captureUserWait ( 1541 )
compareScreenshot(2014-10-16_10-24-02.jpg, 0, 0, 1080, 1920, 0, 1.0, 10)
captureDispatchPointer( 2211719720000,2211719720000, 0, 1179.385742, 536.503235,0.20784314,0.06666667,0,0.0,0.0,65539,0, 0)
captureUserWait ( 26 )
captureDispatchPointer( 2211719720000,2211746337000, 2, 1180.385132, 536.503235,0.20784314,0.06666667,0,0.0,0.0,65539,0, 0)
captureUserWait ( 8 )
captureDispatchPointer( 2211719720000,2211754482000, 1, 1180.385132, 536.503235,0.20784314,0.06666667,0,0.0,0.0,65539,0, 0)
captureUserWait ( 2313 )
compareScreenshot(2014-10-16_10-24-04.jpg, 0, 0, 1080, 1920, 0, 1.0, 10)
captureDispatchPointer( 2214068283000,2214068283000, 0, 1208.370605, 611.433838,0.20784314,0.06666667,0,0.0,0.0,65539,0, 0)
captureUserWait ( 17 )
captureDispatchPointer( 2214068283000,2214085953000, 2, 1208.370605, 611.433838,0.20784314,0.06666667,0,0.0,0.0,65539,0, 0)
captureUserWait ( 9 )
captureDispatchPointer( 2214068283000,2214095226000, 2, 1208.370605, 611.433838,0.20784314,0.06666667,0,0.0,0.0,65539,0, 0)
captureUserWait ( 8 )
captureDispatchPointer( 2214068283000,2214103304000, 1, 1208.370605, 611.433838,0.20784314,0.06666667,0,0.0,0.0,65539,0, 0)
captureUserWait ( 1534 )
compareScreenshot(2014-10-16_10-24-06.jpg, 0, 0, 1080, 1920, 0, 1.0, 10)
captureDispatchPointer( 2215637722000,2215637722000, 0, 1185.382568, 536.503235,0.20784314,0.06666667,0,0.0,0.0,65539,0, 0)
captureUserWait ( 25 )
captureDispatchPointer( 2215637722000,2215663389000, 1, 1185.382568, 536.503235,0.20784314,0.06666667,0,0.0,0.0,65539,0, 0)
captureUserWait ( 1593 )
compareScreenshot(2014-10-16_10-24-08.jpg, 0, 0, 1080, 1920, 0, 1.0, 10)
captureDispatchPointer( 2217256968000,2217256968000, 0, 1194.377930, 530.508789,0.20784314,0.06666667,0,0.0,0.0,65539,0, 0)
captureUserWait ( 35 )
captureDispatchPointer( 2217256968000,2217292169000, 1, 1194.377930, 530.508789,0.20784314,0.06666667,0,0.0,0.0,65539,0, 0)
captureUserWait ( 1433 )
compareScreenshot(2014-10-16_10-24-09.jpg, 0, 0, 1080, 1920, 0, 1.0, 10)
captureDispatchPointer( 2218725983000,2218725983000, 0, 209.890671, 968.103638,0.20784314,0.06666667,0,0.0,0.0,65539,0, 0)
captureUserWait ( 8 )
captureDispatchPointer( 2218725983000,2218734657000, 2, 209.890671, 968.103638,0.20784314,0.06666667,0,0.0,0.0,65539,0, 0)
captureUserWait ( 37 )
captureDispatchPointer( 2218725983000,2218771663000, 2, 208.891205, 969.102661,0.20784314,0.06666667,0,0.0,0.0,65539,0, 0)
captureUserWait ( 8 )
captureDispatchPointer( 2218725983000,2218779791000, 1, 208.891205, 969.102661,0.20784314,0.06666667,0,0.0,0.0,65539,0, 0)
captureUserWait ( 1222 )
compareScreenshot(2014-10-16_10-24-10.jpg, 0, 0, 1080, 1920, 0, 1.0, 10)
captureDispatchPointer( 2220002060000,2220002060000, 0, 213.888596, 880.184998,0.20784314,0.06666667,0,0.0,0.0,65539,0, 0)
captureUserWait ( 18 )
captureDispatchPointer( 2220002060000,2220020135000, 2, 213.888596, 881.184082,0.20784314,0.06666667,0,0.0,0.0,65539,0, 0)
captureUserWait ( 9 )
captureDispatchPointer( 2220002060000,2220029410000, 2, 212.889114, 882.183167,0.20784314,0.06666667,0,0.0,0.0,65539,0, 0)
captureUserWait ( 9 )
captureDispatchPointer( 2220002060000,2220038631000, 2, 211.889633, 883.182251,0.20784314,0.06666667,0,0.0,0.0,65539,0, 0)
captureUserWait ( 9 )
captureDispatchPointer( 2220002060000,2220047805000, 2, 210.890152, 884.181335,0.20784314,0.06666667,0,0.0,0.0,65539,0, 0)
captureUserWait ( 8 )
captureDispatchPointer( 2220002060000,2220055960000, 1, 210.890152, 884.181335,0.20784314,0.06666667,0,0.0,0.0,65539,0, 0)
captureUserWait ( 3107 )
compareScreenshot(2014-10-16_10-24-13.jpg, 0, 0, 1080, 1920, 0, 1.0, 10)
captureDispatchPointer( 2223163781000,2223163781000, 0, 1135.408569, 588.455139,0.20784314,0.06666667,0,0.0,0.0,65539,0, 0)
captureUserWait ( 8 )
captureDispatchPointer( 2223163781000,2223172220000, 2, 1135.408569, 588.455139,0.20784314,0.06666667,0,0.0,0.0,65539,0, 0)
captureUserWait ( 9 )
captureDispatchPointer( 2223163781000,2223181596000, 2, 1135.408569, 588.455139,0.20784314,0.06666667,0,0.0,0.0,65539,0, 0)
captureUserWait ( 18 )
captureDispatchPointer( 2223163781000,2223199986000, 2, 1135.408569, 588.455139,0.20784314,0.06666667,0,0.0,0.0,65539,0, 0)
captureUserWait ( 9 )
captureDispatchPointer( 2223163781000,2223209152000, 2, 1135.408569, 588.455139,0.20784314,0.06666667,0,0.0,0.0,65539,0, 0)
captureUserWait ( 8 )
captureDispatchPointer( 2223163781000,2223217313000, 1, 1135.408569, 588.455139,0.20784314,0.06666667,0,0.0,0.0,65539,0, 0)
captureUserWait ( 1870 )
compareScreenshot(2014-10-16_10-24-15.jpg, 0, 0, 1080, 1920, 0, 1.0, 10)
captureDispatchPointer( 2225087913000,2225087913000, 0, 1153.399292, 614.431091,0.20784314,0.06666667,0,0.0,0.0,65539,0, 0)
captureUserWait ( 7 )
captureDispatchPointer( 2225087913000,2225095181000, 1, 1153.399292, 614.431091,0.20784314,0.06666667,0,0.0,0.0,65539,0, 0)
captureUserWait ( 1558 )
compareScreenshot(2014-10-16_10-24-17.jpg, 0, 0, 1080, 1920, 0, 1.0, 10)
captureDispatchPointer( 2226653886000,2226653886000, 0, 1172.389404, 549.491211,0.20784314,0.06666667,0,0.0,0.0,65539,0, 0)
captureUserWait ( 8 )
captureDispatchPointer( 2226653886000,2226662353000, 2, 1172.389404, 549.491211,0.20784314,0.06666667,0,0.0,0.0,65539,0, 0)
captureUserWait ( 9 )
captureDispatchPointer( 2226653886000,2226671653000, 2, 1172.389404, 549.491211,0.20784314,0.06666667,0,0.0,0.0,65539,0, 0)
captureUserWait ( 9 )
captureDispatchPointer( 2226653886000,2226680769000, 2, 1172.389404, 549.491211,0.20784314,0.06666667,0,0.0,0.0,65539,0, 0)
captureUserWait ( 8 )
captureDispatchPointer( 2226653886000,2226688909000, 1, 1172.389404, 549.491211,0.20784314,0.06666667,0,0.0,0.0,65539,0, 0)
captureUserWait ( 1331 )
compareScreenshot(2014-10-16_10-24-18.jpg, 0, 0, 1080, 1920, 0, 1.0, 10)
captureDispatchPointer( 2228020624000,2228020624000, 0, 209.890671, 897.169312,0.20784314,0.06666667,0,0.0,0.0,65539,0, 0)
captureUserWait ( 27 )
captureDispatchPointer( 2228020624000,2228048224000, 2, 208.891205, 897.169312,0.20784314,0.06666667,0,0.0,0.0,65539,0, 0)
captureUserWait ( 9 )
captureDispatchPointer( 2228020624000,2228057481000, 2, 207.891724, 898.168396,0.20784314,0.06666667,0,0.0,0.0,65539,0, 0)
captureUserWait ( 8 )
captureDispatchPointer( 2228020624000,2228065729000, 1, 207.891724, 898.168396,0.20784314,0.06666667,0,0.0,0.0,65539,0, 0)
captureUserWait ( 1302 )
compareScreenshot(2014-10-16_10-24-20.jpg, 0, 0, 1080, 1920, 0, 1.0, 10)
captureDispatchPointer( 2229367952000,2229367952000, 0, 188.901611, 890.175781,0.20784314,0.06666667,0,0.0,0.0,65539,0, 0)
captureUserWait ( 45 )
captureDispatchPointer( 2229367952000,2229413553000, 2, 188.901611, 890.175781,0.20784314,0.06666667,0,0.0,0.0,65539,0, 0)
captureUserWait ( 9 )
captureDispatchPointer( 2229367952000,2229422705000, 2, 188.901611, 890.175781,0.20784314,0.06666667,0,0.0,0.0,65539,0, 0)
captureUserWait ( 8 )
captureDispatchPointer( 2229367952000,2229430867000, 1, 188.901611, 890.175781,0.20784314,0.06666667,0,0.0,0.0,65539,0, 0)
captureUserWait ( 4501 )
compareScreenshot(2014-10-16_10-24-24.jpg, 0, 0, 1080, 1920, 0, 1.0, 10)
captureDispatchPointer( 2233932117000,2233932117000, 0, 1034.461182, 488.547638,0.20784314,0.06666667,0,0.0,0.0,65539,0, 0)
captureUserWait ( 36 )
captureDispatchPointer( 2233932117000,2233968270000, 2, 1035.460693, 488.547638,0.20784314,0.06666667,0,0.0,0.0,65539,0, 0)
captureUserWait ( 9 )
captureDispatchPointer( 2233932117000,2233977549000, 2, 1037.459595, 489.546722,0.20784314,0.06666667,0,0.0,0.0,65539,0, 0)
captureUserWait ( 8 )
captureDispatchPointer( 2233932117000,2233985575000, 1, 1037.459595, 489.546722,0.20784314,0.06666667,0,0.0,0.0,65539,0, 0)
captureUserWait ( 1835 )
compareScreenshot(2014-10-16_10-24-26.jpg, 0, 0, 1080, 1920, 0, 1.0, 10)
captureDispatchPointer( 2235821089000,2235821089000, 0, 1098.427856, 484.551331,0.20784314,0.06666667,0,0.0,0.0,65539,0, 0)
captureUserWait ( 8 )
captureDispatchPointer( 2235821089000,2235829292000, 2, 1098.427856, 484.551331,0.20784314,0.06666667,0,0.0,0.0,65539,0, 0)
captureUserWait ( 9 )
captureDispatchPointer( 2235821089000,2235838508000, 2, 1098.427856, 484.551331,0.20784314,0.06666667,0,0.0,0.0,65539,0, 0)
captureUserWait ( 8 )
captureDispatchPointer( 2235821089000,2235846598000, 1, 1098.427856, 484.551331,0.20784314,0.06666667,0,0.0,0.0,65539,0, 0)
captureUserWait ( 2054 )
compareScreenshot(2014-10-16_10-24-28.jpg, 0, 0, 1080, 1920, 0, 1.0, 10)
captureDispatchPointer( 2237900830000,2237900830000, 0, 1079.437744, 495.541168,0.20784314,0.06666667,0,0.0,0.0,65539,0, 0)
captureUserWait ( 27 )
captureDispatchPointer( 2237900830000,2237927837000, 2, 1079.437744, 495.541168,0.20784314,0.06666667,0,0.0,0.0,65539,0, 0)
captureUserWait ( 9 )
captureDispatchPointer( 2237900830000,2237936958000, 2, 1079.437744, 495.541168,0.20784314,0.06666667,0,0.0,0.0,65539,0, 0)
captureUserWait ( 8 )
captureDispatchPointer( 2237900830000,2237945207000, 1, 1079.437744, 495.541168,0.20784314,0.06666667,0,0.0,0.0,65539,0, 0)
captureUserWait ( 1897 )
compareScreenshot(2014-10-16_10-24-30.jpg, 0, 0, 1080, 1920, 0, 1.0, 10)
captureDispatchPointer( 2239842554000,2239842554000, 0, 1090.432007, 460.573547,0.20784314,0.06666667,0,0.0,0.0,65539,0, 0)
captureUserWait ( 8 )
captureDispatchPointer( 2239842554000,2239851390000, 2, 1090.432007, 460.573547,0.20784314,0.06666667,0,0.0,0.0,65539,0, 0)
captureUserWait ( 27 )
captureDispatchPointer( 2239842554000,2239879102000, 2, 1090.432007, 460.573547,0.20784314,0.06666667,0,0.0,0.0,65539,0, 0)
captureUserWait ( 8 )
captureDispatchPointer( 2239842554000,2239887425000, 1, 1090.432007, 460.573547,0.20784314,0.06666667,0,0.0,0.0,65539,0, 0)
captureUserWait ( 1671 )
compareScreenshot(2014-10-16_10-24-32.jpg, 0, 0, 1080, 1920, 0, 1.0, 10)
captureDispatchPointer( 2241558995000,2241558995000, 0, 1101.426270, 458.575409,0.20784314,0.06666667,0,0.0,0.0,65539,0, 0)
captureUserWait ( 36 )
captureDispatchPointer( 2241558995000,2241595256000, 2, 1101.426270, 458.575409,0.20784314,0.06666667,0,0.0,0.0,65539,0, 0)
captureUserWait ( 17 )
captureDispatchPointer( 2241558995000,2241612817000, 1, 1101.426270, 458.575409,0.20784314,0.06666667,0,0.0,0.0,65539,0, 0)
captureUserWait ( 11797 )
compareScreenshot(2014-10-16_10-24-44.jpg, 0, 0, 1080, 1920, 0, 1.0, 10)
captureDispatchPointer( 2253410787000,2253410787000, 0, 1103.425293, 467.567078,0.20784314,0.06666667,0,0.0,0.0,65539,0, 0)
captureUserWait ( 26 )
captureDispatchPointer( 2253410787000,2253437499000, 2, 1104.424805, 467.567078,0.20784314,0.06666667,0,0.0,0.0,65539,0, 0)
captureUserWait ( 8 )
captureDispatchPointer( 2253410787000,2253445805000, 1, 1104.424805, 467.567078,0.20784314,0.06666667,0,0.0,0.0,65539,0, 0)
captureUserWait ( 5934 )
compareScreenshot(2014-10-16_10-24-50.jpg, 0, 0, 1080, 1920, 0, 1.0, 10)
captureDispatchPointer( 2259380494000,2259380494000, 0, 1106.423706, 471.563354,0.20784314,0.06666667,0,0.0,0.0,65539,0, 0)
captureUserWait ( 17 )
captureDispatchPointer( 2259380494000,2259398035000, 2, 1106.423706, 471.563354,0.20784314,0.06666667,0,0.0,0.0,65539,0, 0)
captureUserWait ( 9 )
captureDispatchPointer( 2259380494000,2259407274000, 2, 1106.423706, 471.563354,0.20784314,0.06666667,0,0.0,0.0,65539,0, 0)
captureUserWait ( 8 )
captureDispatchPointer( 2259380494000,2259415450000, 1, 1106.423706, 471.563354,0.20784314,0.06666667,0,0.0,0.0,65539,0, 0)
captureUserWait ( 6252 )
compareScreenshot(2014-10-16_10-24-56.jpg, 0, 0, 1080, 1920, 0, 1.0, 10)
captureDispatchPointer( 2265668054000,2265668054000, 0, 1118.417480, 530.508789,0.20784314,0.06666667,0,0.0,0.0,65539,0, 0)
captureUserWait ( 7 )
captureDispatchPointer( 2265668054000,2265675562000, 1, 1118.417480, 530.508789,0.20784314,0.06666667,0,0.0,0.0,65539,0, 0)
captureUserWait ( 5913 )
compareScreenshot(2014-10-16_10-25-02.jpg, 0, 0, 1080, 1920, 0, 1.0, 10)
captureDispatchPointer( 2271588967000,2271588967000, 0, 1067.443970, 548.492126,0.20784314,0.06666667,0,0.0,0.0,65539,0, 0)
captureUserWait ( 26 )
captureDispatchPointer( 2271588967000,2271615524000, 2, 1067.443970, 548.492126,0.20784314,0.06666667,0,0.0,0.0,65539,0, 0)
captureUserWait ( 9 )
captureDispatchPointer( 2271588967000,2271624988000, 2, 1067.443970, 548.492126,0.20784314,0.06666667,0,0.0,0.0,65539,0, 0)
captureUserWait ( 7 )
captureDispatchPointer( 2271588967000,2271632947000, 1, 1067.443970, 548.492126,0.20784314,0.06666667,0,0.0,0.0,65539,0, 0)
captureUserWait ( 5820 )
compareScreenshot(2014-10-16_10-25-08.jpg, 0, 0, 1080, 1920, 0, 1.0, 10)
captureDispatchPointer( 2277453579000,2277453579000, 0, 1069.442993, 545.494934,0.20784314,0.06666667,0,0.0,0.0,65539,0, 0)
captureUserWait ( 17 )
captureDispatchPointer( 2277453579000,2277471339000, 2, 1069.442993, 545.494934,0.20784314,0.06666667,0,0.0,0.0,65539,0, 0)
captureUserWait ( 26 )
captureDispatchPointer( 2277453579000,2277498000000, 1, 1069.442993, 545.494934,0.20784314,0.06666667,0,0.0,0.0,65539,0, 0)
captureUserWait ( 15802 )
compareScreenshot(2014-10-16_10-25-24.jpg, 0, 0, 1080, 1920, 0, 1.0, 10)
captureDispatchKey( 0, 0, 0, 4, 0,0,0,0)
captureUserWait ( 137 )
captureDispatchKey( 0, 0, 1, 4, 0,0,0,0)
captureUserWait ( 1570 )
compareScreenshot(2014-10-16_10-25-25.jpg, 0, 0, 1080, 1920, 0, 1.0, 10)
captureDispatchPointer( 2295008376000,2295008376000, 0, 1223.362793, 696.355225,0.20784314,0.06666667,0,0.0,0.0,65539,0, 0)
captureUserWait ( 82 )
captureDispatchPointer( 2295008376000,2295090604000, 2, 1223.362793, 696.355225,0.20784314,0.06666667,0,0.0,0.0,65539,0, 0)
captureUserWait ( 9 )
captureDispatchPointer( 2295008376000,2295099979000, 2, 1223.362793, 696.355225,0.20784314,0.06666667,0,0.0,0.0,65539,0, 0)
captureUserWait ( 8 )
captureDispatchPointer( 2295008376000,2295108042000, 1, 1223.362793, 696.355225,0.20784314,0.06666667,0,0.0,0.0,65539,0, 0)
captureUserWait ( 3882 )
compareScreenshot(2014-10-16_10-25-29.jpg, 0, 0, 1080, 1920, 0, 1.0, 10)
captureUserWait ( 1500 )
