type=raw events 1
count= 1
speed=1.0
start data >>

# night-wake-up-alarm.txt
RunCmd(am start -n com.android.deskclock/.DeskClock --activity-single-top)
captureUserWait ( 4500 )

# alarm tag
compareScreenshot(2014-10-17_06-59-27.jpg, 0, 0, 1080, 1920, 0, 1.0, 10)
captureDispatchPointer( 106262032481000,106262032481000, 0, 140.869568, 197.896927,0.20784314,0.06666667,0,0.0,0.0,65539,0, 0)
captureUserWait ( 7 )
captureDispatchPointer( 106262032481000,106262040274000, 2, 140.869568, 197.896927,0.20784314,0.06666667,0,0.0,0.0,65539,0, 0)
captureUserWait ( 18 )
captureDispatchPointer( 106262032481000,106262058522000, 2, 140.869568, 196.897446,0.20784314,0.06666667,0,0.0,0.0,65539,0, 0)
captureUserWait ( 8 )
captureDispatchPointer( 106262032481000,106262066689000, 1, 140.869568, 196.897446,0.20784314,0.06666667,0,0.0,0.0,65539,0, 0)
captureUserWait ( 5957 )

# add
compareScreenshot(2014-10-17_06-59-29.jpg, 0, 0, 1080, 1920, 0, 1.0, 10)
captureDispatchPointer( 106264024385000,106264024385000, 0, 535.504150, 1796.064453,0.20784314,0.06666667,0,0.0,0.0,65539,0, 0)
captureUserWait ( 63 )
captureDispatchPointer( 106264024385000,106264088184000, 2, 535.504150, 1796.064453,0.20784314,0.06666667,0,0.0,0.0,65539,0, 0)
captureUserWait ( 8 )
captureDispatchPointer( 106264024385000,106264096347000, 1, 535.504150, 1796.064453,0.20784314,0.06666667,0,0.0,0.0,65539,0, 0)
captureUserWait ( 5286 )

# icon 7
compareScreenshot(2014-10-17_06-59-30.jpg, 0, 0, 1080, 1920, 0, 1.0, 10)
captureDispatchPointer( 106265383217000,106265383217000, 0, 457.576324, 1229.359619,0.20784314,0.06666667,0,0.0,0.0,65539,0, 0)
captureUserWait ( 52 )
captureDispatchPointer( 106265383217000,106265436113000, 1, 457.576324, 1229.359619,0.20784314,0.06666667,0,0.0,0.0,65539,0, 0)
captureUserWait ( 5189 )

# done
compareScreenshot(2014-10-17_06-59-31.jpg, 0, 0, 1080, 1920, 0, 1.0, 10)
captureDispatchPointer( 106266625674000,106266625674000, 0, 573.468994, 1536.199829,0.20784314,0.06666667,0,0.0,0.0,65539,0, 0)
captureUserWait ( 8 )
captureDispatchPointer( 106266625674000,106266634126000, 2, 573.468994, 1536.199829,0.20784314,0.06666667,0,0.0,0.0,65539,0, 0)
captureUserWait ( 9 )
captureDispatchPointer( 106266625674000,106266643409000, 2, 573.468994, 1536.199829,0.20784314,0.06666667,0,0.0,0.0,65539,0, 0)
captureUserWait ( 27 )
captureDispatchPointer( 106266625674000,106266671142000, 2, 573.468994, 1536.199829,0.20784314,0.06666667,0,0.0,0.0,65539,0, 0)
captureUserWait ( 17 )
captureDispatchPointer( 106266625674000,106266688714000, 1, 573.468994, 1536.199829,0.20784314,0.06666667,0,0.0,0.0,65539,0, 0)
captureUserWait ( 5118 )

# disable alarm
captureDispatchPointer( 847691501000,847691501000, 0, 887.178528, 375.804260,0.20784314,0.06666667,0,0.0,0.0,65539,0, 0)
captureUserWait ( 7 )
captureDispatchPointer( 847691501000,847699230000, 2, 887.178528, 375.804260,0.20784314,0.06666667,0,0.0,0.0,65539,0, 0)
captureUserWait ( 18 )
captureDispatchPointer( 847691501000,847717645000, 2, 887.178528, 375.804260,0.20784314,0.06666667,0,0.0,0.0,65539,0, 0)
captureUserWait ( 55 )
captureDispatchPointer( 847691501000,847773460000, 2, 887.178528, 375.804260,0.20784314,0.06666667,0,0.0,0.0,65539,0, 0)
captureUserWait ( 9 )
captureDispatchPointer( 847691501000,847782957000, 2, 887.178528, 375.804260,0.20784314,0.06666667,0,0.0,0.0,65539,0, 0)
captureUserWait ( 18 )
captureDispatchPointer( 847691501000,847801362000, 2, 887.178528, 374.804779,0.20784314,0.06666667,0,0.0,0.0,65539,0, 0)
captureUserWait ( 9 )
captureDispatchPointer( 847691501000,847810676000, 2, 887.178528, 373.805298,0.20784314,0.06666667,0,0.0,0.0,65539,0, 0)
captureUserWait ( 9 )
captureDispatchPointer( 847691501000,847819881000, 2, 887.178528, 372.805817,0.20784314,0.06666667,0,0.0,0.0,65539,0, 0)
captureUserWait ( 8 )
captureDispatchPointer( 847691501000,847828265000, 1, 887.178528, 372.805817,0.20784314,0.06666667,0,0.0,0.0,65539,0, 0)
captureUserWait ( 1222 )

# back
compareScreenshot(2014-10-17_07-00-10.jpg, 0, 0, 1080, 1920, 0, 1.0, 10)
captureDispatchKey( 0, 0, 0, 4, 0,0,0,0)
captureUserWait ( 148 )
captureDispatchKey( 0, 0, 1, 4, 0,0,0,0)
captureUserWait ( 3183 )
compareScreenshot(2014-10-17_07-00-13.jpg, 0, 0, 1080, 1920, 0, 1.0, 10)
captureUserWait ( 1500 )
