type=raw events 1
count= 1
speed=1.0
start data >>

## receive-html-mail.txt

# launch gmail
RunCmd(am start -n com.google.android.gm/.ConversationListActivityGmail --activity-single-top)
captureUserWait ( 4500 )

# create
compareScreenshot(2014-10-14_01-18-58.jpg, 0, 0, 1080, 1920, 0, 1.0, 10)
captureDispatchPointer( 11946639902000,11946639902000, 0, 656.392212, 182.904739,0.20784314,0.06666667,0,0.0,0.0,65539,0, 0)
captureUserWait ( 37 )
captureDispatchPointer( 11946639902000,11946676929000, 2, 656.392212, 182.904739,0.20784314,0.06666667,0,0.0,0.0,65539,0, 0)
captureUserWait ( 9 )
captureDispatchPointer( 11946639902000,11946686224000, 2, 656.392212, 182.904739,0.20784314,0.06666667,0,0.0,0.0,65539,0, 0)
captureUserWait ( 9 )
captureDispatchPointer( 11946639902000,11946695559000, 2, 656.392212, 181.905258,0.20784314,0.06666667,0,0.0,0.0,65539,0, 0)
captureUserWait ( 9 )
captureDispatchPointer( 11946639902000,11946704886000, 2, 656.392212, 181.905258,0.20784314,0.06666667,0,0.0,0.0,65539,0, 0)
captureUserWait ( 26 )
captureDispatchPointer( 11946639902000,11946731834000, 1, 656.392212, 181.905258,0.20784314,0.06666667,0,0.0,0.0,65539,0, 0)
captureUserWait ( 2000 )

compareScreenshot(2014-10-14_01-19-00.jpg, 0, 0, 1080, 1920, 0, 1.0, 10)
captureDispatchPointer( 11948994435000,11948994435000, 0, 395.633667, 1342.300903,0.20784314,0.06666667,0,0.0,0.0,65539,0, 0)
captureUserWait ( 9 )
captureDispatchPointer( 11948994435000,11949003654000, 2, 395.633667, 1342.300903,0.20784314,0.06666667,0,0.0,0.0,65539,0, 0)
captureUserWait ( 9 )
captureDispatchPointer( 11948994435000,11949012963000, 2, 395.633667, 1342.300903,0.20784314,0.06666667,0,0.0,0.0,65539,0, 0)
captureUserWait ( 9 )
captureDispatchPointer( 11948994435000,11949022507000, 2, 395.633667, 1342.300903,0.20784314,0.06666667,0,0.0,0.0,65539,0, 0)
captureUserWait ( 9 )
captureDispatchPointer( 11948994435000,11949031614000, 2, 395.633667, 1342.300903,0.20784314,0.06666667,0,0.0,0.0,65539,0, 0)
captureUserWait ( 18 )
captureDispatchPointer( 11948994435000,11949050244000, 2, 395.633667, 1342.300903,0.20784314,0.06666667,0,0.0,0.0,65539,0, 0)
captureUserWait ( 8 )
captureDispatchPointer( 11948994435000,11949058484000, 1, 395.633667, 1342.300903,0.20784314,0.06666667,0,0.0,0.0,65539,0, 0)
captureUserWait ( 557 )
captureDispatchPointer( 11949615575000,11949615575000, 0, 50.952820, 1837.043213,0.20784314,0.06666667,0,0.0,0.0,65539,0, 0)
captureUserWait ( 9 )
captureDispatchPointer( 11949615575000,11949624787000, 2, 50.952820, 1837.043213,0.20784314,0.06666667,0,0.0,0.0,65539,0, 0)
captureUserWait ( 18 )
captureDispatchPointer( 11949615575000,11949643632000, 2, 50.952820, 1837.043213,0.20784314,0.06666667,0,0.0,0.0,65539,0, 0)
captureUserWait ( 36 )
captureDispatchPointer( 11949615575000,11949679639000, 1, 50.952820, 1837.043213,0.20784314,0.06666667,0,0.0,0.0,65539,0, 0)
captureUserWait ( 47 )
captureDispatchPointer( 11950326878000,11950326878000, 0, 296.725250, 1340.301880,0.20784314,0.06666667,0,0.0,0.0,65539,0, 0)
captureUserWait ( 8 )
captureDispatchPointer( 11950326878000,11950335143000, 1, 296.725250, 1340.301880,0.20784314,0.06666667,0,0.0,0.0,65539,0, 0)
captureUserWait ( 26 )
captureDispatchPointer( 11950541323000,11950541323000, 0, 53.950047, 1809.057739,0.20784314,0.06666667,0,0.0,0.0,65539,0, 0)
captureUserWait ( 83 )
captureDispatchPointer( 11950541323000,11950625108000, 2, 53.950047, 1810.057251,0.20784314,0.06666667,0,0.0,0.0,65539,0, 0)
captureUserWait ( 9 )
captureDispatchPointer( 11950541323000,11950634432000, 2, 53.950047, 1810.057251,0.20784314,0.06666667,0,0.0,0.0,65539,0, 0)
captureUserWait ( 8 )
captureDispatchPointer( 11950541323000,11950642872000, 1, 53.950047, 1810.057251,0.20784314,0.06666667,0,0.0,0.0,65539,0, 0)
captureUserWait ( 39 )
captureDispatchPointer( 11951022683000,11951022683000, 0, 772.284912, 1499.219116,0.20784314,0.06666667,0,0.0,0.0,65539,0, 0)
captureUserWait ( 18 )
captureDispatchPointer( 11951022683000,11951041192000, 2, 772.284912, 1499.219116,0.20784314,0.06666667,0,0.0,0.0,65539,0, 0)
captureUserWait ( 27 )
captureDispatchPointer( 11951022683000,11951069139000, 2, 772.284912, 1499.219116,0.20784314,0.06666667,0,0.0,0.0,65539,0, 0)
captureUserWait ( 8 )
captureDispatchPointer( 11951022683000,11951077415000, 1, 772.284912, 1499.219116,0.20784314,0.06666667,0,0.0,0.0,65539,0, 0)
captureUserWait ( 39 )
captureDispatchPointer( 11951466674000,11951466674000, 0, 58.945419, 1805.059814,0.20784314,0.06666667,0,0.0,0.0,65539,0, 0)
captureUserWait ( 93 )
captureDispatchPointer( 11951466674000,11951559719000, 2, 58.945419, 1805.059814,0.20784314,0.06666667,0,0.0,0.0,65539,0, 0)
captureUserWait ( 8 )
captureDispatchPointer( 11951466674000,11951568207000, 1, 58.945419, 1805.059814,0.20784314,0.06666667,0,0.0,0.0,65539,0, 0)
captureUserWait ( 51 )
captureDispatchPointer( 11952069281000,11952069281000, 0, 516.521729, 1319.312866,0.20784314,0.06666667,0,0.0,0.0,65539,0, 0)
captureUserWait ( 38 )
captureDispatchPointer( 11952069281000,11952107400000, 2, 516.521729, 1319.312866,0.20784314,0.06666667,0,0.0,0.0,65539,0, 0)
captureUserWait ( 7 )
captureDispatchPointer( 11952069281000,11952114918000, 1, 516.521729, 1319.312866,0.20784314,0.06666667,0,0.0,0.0,65539,0, 0)
captureUserWait ( 38 )
captureDispatchPointer( 11952513359000,11952513359000, 0, 257.761322, 1309.317993,0.20784314,0.06666667,0,0.0,0.0,65539,0, 0)
captureUserWait ( 37 )
captureDispatchPointer( 11952513359000,11952550514000, 2, 257.761322, 1309.317993,0.20784314,0.06666667,0,0.0,0.0,65539,0, 0)
captureUserWait ( 18 )
captureDispatchPointer( 11952513359000,11952569074000, 2, 257.761322, 1308.318604,0.20784314,0.06666667,0,0.0,0.0,65539,0, 0)
captureUserWait ( 8 )
captureDispatchPointer( 11952513359000,11952577475000, 1, 257.761322, 1308.318604,0.20784314,0.06666667,0,0.0,0.0,65539,0, 0)
captureUserWait ( 61 )
captureDispatchPointer( 11953196502000,11953196502000, 0, 811.248840, 1338.302979,0.20784314,0.06666667,0,0.0,0.0,65539,0, 0)
captureUserWait ( 26 )
captureDispatchPointer( 11953196502000,11953222807000, 1, 811.248840, 1338.302979,0.20784314,0.06666667,0,0.0,0.0,65539,0, 0)
captureUserWait ( 11 )
compareScreenshot(2014-10-14_01-19-06.jpg, 0, 0, 1080, 1920, 0, 1.0, 10)
captureDispatchPointer( 11954422477000,11954422477000, 0, 881.184082, 1826.048828,0.20784314,0.06666667,0,0.0,0.0,65539,0, 0)
captureUserWait ( 54 )
captureDispatchPointer( 11954422477000,11954477371000, 2, 881.184082, 1826.048828,0.20784314,0.06666667,0,0.0,0.0,65539,0, 0)
captureUserWait ( 17 )
captureDispatchPointer( 11954422477000,11954494975000, 1, 881.184082, 1826.048828,0.20784314,0.06666667,0,0.0,0.0,65539,0, 0)
captureUserWait ( 37 )
captureDispatchPointer( 11954866112000,11954866112000, 0, 1020.055481, 1322.311279,0.20784314,0.06666667,0,0.0,0.0,65539,0, 0)
captureUserWait ( 36 )
captureDispatchPointer( 11954866112000,11954902633000, 2, 1021.054565, 1322.311279,0.20784314,0.06666667,0,0.0,0.0,65539,0, 0)
captureUserWait ( 9 )
captureDispatchPointer( 11954866112000,11954911984000, 2, 1022.053650, 1322.311279,0.20784314,0.06666667,0,0.0,0.0,65539,0, 0)
captureUserWait ( 8 )
captureDispatchPointer( 11954866112000,11954920386000, 1, 1022.053650, 1322.311279,0.20784314,0.06666667,0,0.0,0.0,65539,0, 0)
captureUserWait ( 12 )
captureDispatchPointer( 11955042764000,11955042764000, 0, 1028.048096, 1317.313843,0.20784314,0.06666667,0,0.0,0.0,65539,0, 0)
captureUserWait ( 55 )
captureDispatchPointer( 11955042764000,11955098340000, 2, 1029.047241, 1317.313843,0.20784314,0.06666667,0,0.0,0.0,65539,0, 0)
captureUserWait ( 8 )
captureDispatchPointer( 11955042764000,11955107178000, 1, 1029.047241, 1317.313843,0.20784314,0.06666667,0,0.0,0.0,65539,0, 0)
captureUserWait ( 23 )
captureDispatchPointer( 11955350858000,11955350858000, 0, 47.955597, 1337.303467,0.20784314,0.06666667,0,0.0,0.0,65539,0, 0)
captureUserWait ( 55 )
captureDispatchPointer( 11955350858000,11955405975000, 2, 47.955597, 1336.303955,0.20784314,0.06666667,0,0.0,0.0,65539,0, 0)
captureUserWait ( 9 )
captureDispatchPointer( 11955350858000,11955415330000, 2, 47.955597, 1336.303955,0.20784314,0.06666667,0,0.0,0.0,65539,0, 0)
captureUserWait ( 8 )
captureDispatchPointer( 11955350858000,11955423538000, 1, 47.955597, 1336.303955,0.20784314,0.06666667,0,0.0,0.0,65539,0, 0)
captureUserWait ( 68 )
captureDispatchPointer( 11956192143000,11956192143000, 0, 91.914894, 1508.214478,0.20784314,0.06666667,0,0.0,0.0,65539,0, 0)
captureUserWait ( 35 )
captureDispatchPointer( 11956192143000,11956227568000, 1, 91.914894, 1508.214478,0.20784314,0.06666667,0,0.0,0.0,65539,0, 0)
captureUserWait ( 26 )
captureDispatchPointer( 11956654436000,11956654436000, 0, 66.938019, 1847.037964,0.20784314,0.06666667,0,0.0,0.0,65539,0, 0)
captureUserWait ( 46 )
captureDispatchPointer( 11956654436000,11956700552000, 2, 66.938019, 1848.037476,0.20784314,0.06666667,0,0.0,0.0,65539,0, 0)
captureUserWait ( 45 )
captureDispatchPointer( 11956654436000,11956746090000, 1, 66.938019, 1848.037476,0.20784314,0.06666667,0,0.0,0.0,65539,0, 0)
captureUserWait ( 48 )
captureDispatchPointer( 11957294261000,11957294261000, 0, 535.504150, 1502.217529,0.20784314,0.06666667,0,0.0,0.0,65539,0, 0)
captureUserWait ( 8 )
captureDispatchPointer( 11957294261000,11957302827000, 2, 535.504150, 1502.217529,0.20784314,0.06666667,0,0.0,0.0,65539,0, 0)
captureUserWait ( 45 )
captureDispatchPointer( 11957294261000,11957348455000, 1, 535.504150, 1502.217529,0.20784314,0.06666667,0,0.0,0.0,65539,0, 0)
captureUserWait ( 80 )
captureDispatchPointer( 11957728916000,11957728916000, 0, 863.200745, 1682.123901,0.20784314,0.06666667,0,0.0,0.0,65539,0, 0)
captureUserWait ( 27 )
captureDispatchPointer( 11957728916000,11957755965000, 2, 863.200745, 1682.123901,0.20784314,0.06666667,0,0.0,0.0,65539,0, 0)
captureUserWait ( 8 )
captureDispatchPointer( 11957728916000,11957764353000, 1, 863.200745, 1682.123901,0.20784314,0.06666667,0,0.0,0.0,65539,0, 0)
captureUserWait ( 87 )
captureDispatchPointer( 11957952331000,11957952331000, 0, 130.878815, 1499.219116,0.20784314,0.06666667,0,0.0,0.0,65539,0, 0)
captureUserWait ( 8 )
captureDispatchPointer( 11957952331000,11957961191000, 2, 129.879745, 1499.219116,0.20784314,0.06666667,0,0.0,0.0,65539,0, 0)
captureUserWait ( 9 )
captureDispatchPointer( 11957952331000,11957970468000, 2, 128.880661, 1498.219604,0.20784314,0.06666667,0,0.0,0.0,65539,0, 0)
captureUserWait ( 9 )
captureDispatchPointer( 11957952331000,11957979812000, 2, 128.880661, 1497.220215,0.20784314,0.06666667,0,0.0,0.0,65539,0, 0)
captureUserWait ( 9 )
captureDispatchPointer( 11957952331000,11957989058000, 2, 128.880661, 1496.220703,0.20784314,0.06666667,0,0.0,0.0,65539,0, 0)
captureUserWait ( 9 )
captureDispatchPointer( 11957952331000,11957998360000, 2, 128.880661, 1495.221191,0.20784314,0.06666667,0,0.0,0.0,65539,0, 0)
captureUserWait ( 36 )
captureDispatchPointer( 11957952331000,11958034742000, 1, 128.880661, 1495.221191,0.20784314,0.06666667,0,0.0,0.0,65539,0, 0)
captureUserWait ( 26 )
captureDispatchPointer( 11958240926000,11958240926000, 0, 811.248840, 1337.303467,0.20784314,0.06666667,0,0.0,0.0,65539,0, 0)
captureUserWait ( 56 )
captureDispatchPointer( 11958240926000,11958296928000, 2, 811.248840, 1337.303467,0.20784314,0.06666667,0,0.0,0.0,65539,0, 0)
captureUserWait ( 7 )
captureDispatchPointer( 11958240926000,11958304829000, 1, 811.248840, 1337.303467,0.20784314,0.06666667,0,0.0,0.0,65539,0, 0)
captureUserWait ( 24 )
captureDispatchPointer( 11958539099000,11958539099000, 0, 953.117493, 1499.219116,0.20784314,0.06666667,0,0.0,0.0,65539,0, 0)
captureUserWait ( 9 )
captureDispatchPointer( 11958539099000,11958548298000, 2, 953.117493, 1499.219116,0.20784314,0.06666667,0,0.0,0.0,65539,0, 0)
captureUserWait ( 18 )
captureDispatchPointer( 11958539099000,11958567155000, 2, 954.116577, 1499.219116,0.20784314,0.06666667,0,0.0,0.0,65539,0, 0)
captureUserWait ( 9 )
captureDispatchPointer( 11958539099000,11958576258000, 2, 955.115662, 1499.219116,0.20784314,0.06666667,0,0.0,0.0,65539,0, 0)
captureUserWait ( 9 )
captureDispatchPointer( 11958539099000,11958585576000, 2, 956.114685, 1499.219116,0.20784314,0.06666667,0,0.0,0.0,65539,0, 0)
captureUserWait ( 26 )
captureDispatchPointer( 11958539099000,11958612532000, 1, 956.114685, 1499.219116,0.20784314,0.06666667,0,0.0,0.0,65539,0, 0)
captureUserWait ( 40 )
captureDispatchPointer( 11959020956000,11959020956000, 0, 879.185913, 1829.047363,0.20784314,0.06666667,0,0.0,0.0,65539,0, 0)
captureUserWait ( 36 )
captureDispatchPointer( 11959020956000,11959057535000, 2, 879.185913, 1829.047363,0.20784314,0.06666667,0,0.0,0.0,65539,0, 0)
captureUserWait ( 8 )
captureDispatchPointer( 11959020956000,11959065690000, 1, 879.185913, 1829.047363,0.20784314,0.06666667,0,0.0,0.0,65539,0, 0)
captureUserWait ( 35 )
captureDispatchPointer( 11959371079000,11959371079000, 0, 414.616089, 1648.141602,0.20784314,0.06666667,0,0.0,0.0,65539,0, 0)
captureUserWait ( 28 )
captureDispatchPointer( 11959371079000,11959399134000, 2, 414.616089, 1649.140991,0.20784314,0.06666667,0,0.0,0.0,65539,0, 0)
captureUserWait ( 8 )
captureDispatchPointer( 11959371079000,11959408071000, 2, 413.617035, 1650.140503,0.20784314,0.06666667,0,0.0,0.0,65539,0, 0)
captureUserWait ( 9 )
captureDispatchPointer( 11959371079000,11959417422000, 2, 412.617950, 1651.140015,0.20784314,0.06666667,0,0.0,0.0,65539,0, 0)
captureUserWait ( 8 )
captureDispatchPointer( 11959371079000,11959425668000, 1, 412.617950, 1651.140015,0.20784314,0.06666667,0,0.0,0.0,65539,0, 0)
captureUserWait ( 23 )
captureDispatchPointer( 11959669225000,11959669225000, 0, 927.141541, 1331.306519,0.20784314,0.06666667,0,0.0,0.0,65539,0, 0)
captureUserWait ( 18 )
captureDispatchPointer( 11959669225000,11959688074000, 2, 927.141541, 1331.306519,0.20784314,0.06666667,0,0.0,0.0,65539,0, 0)
captureUserWait ( 46 )
captureDispatchPointer( 11959669225000,11959734322000, 2, 927.141541, 1331.306519,0.20784314,0.06666667,0,0.0,0.0,65539,0, 0)
captureUserWait ( 8 )
captureDispatchPointer( 11959669225000,11959742587000, 1, 927.141541, 1331.306519,0.20784314,0.06666667,0,0.0,0.0,65539,0, 0)
captureUserWait ( 24 )
captureDispatchPointer( 11959986813000,11959986813000, 0, 856.207214, 1630.150879,0.20784314,0.06666667,0,0.0,0.0,65539,0, 0)
captureUserWait ( 17 )
captureDispatchPointer( 11959986813000,11960004561000, 2, 856.207214, 1630.150879,0.20784314,0.06666667,0,0.0,0.0,65539,0, 0)
captureUserWait ( 9 )
captureDispatchPointer( 11959986813000,11960013911000, 2, 857.206299, 1631.150391,0.20784314,0.06666667,0,0.0,0.0,65539,0, 0)
captureUserWait ( 9 )
captureDispatchPointer( 11959986813000,11960023230000, 2, 858.205383, 1633.149414,0.20784314,0.06666667,0,0.0,0.0,65539,0, 0)
captureUserWait ( 9 )
captureDispatchPointer( 11959986813000,11960032530000, 2, 859.204468, 1636.147827,0.20784314,0.06666667,0,0.0,0.0,65539,0, 0)
captureUserWait ( 9 )
captureDispatchPointer( 11959986813000,11960041874000, 2, 860.203491, 1638.146729,0.20784314,0.06666667,0,0.0,0.0,65539,0, 0)
captureUserWait ( 9 )
captureDispatchPointer( 11959986813000,11960051190000, 2, 861.202576, 1640.145752,0.20784314,0.06666667,0,0.0,0.0,65539,0, 0)
captureUserWait ( 9 )
captureDispatchPointer( 11959986813000,11960060513000, 2, 862.201660, 1642.144653,0.20784314,0.06666667,0,0.0,0.0,65539,0, 0)
captureUserWait ( 9 )
captureDispatchPointer( 11959986813000,11960069813000, 2, 863.200745, 1643.144165,0.20784314,0.06666667,0,0.0,0.0,65539,0, 0)
captureUserWait ( 8 )
captureDispatchPointer( 11959986813000,11960078269000, 1, 863.200745, 1643.144165,0.20784314,0.06666667,0,0.0,0.0,65539,0, 0)
captureUserWait ( 2915 )

compareScreenshot(2014-10-14_01-19-13.jpg, 0, 0, 1080, 1920, 0, 1.0, 10)
captureDispatchPointer( 11961672366000,11961672366000, 0, 575.467163, 1027.464844,0.20784314,0.06666667,0,0.0,0.0,65539,0, 0)
captureUserWait ( 64 )
captureDispatchPointer( 11961672366000,11961736546000, 2, 575.467163, 1027.464844,0.20784314,0.06666667,0,0.0,0.0,65539,0, 0)
captureUserWait ( 8 )
captureDispatchPointer( 11961672366000,11961744856000, 1, 575.467163, 1027.464844,0.20784314,0.06666667,0,0.0,0.0,65539,0, 0)
captureUserWait ( 42 )
captureDispatchPointer( 11962227751000,11962227751000, 0, 711.341370, 635.668884,0.20784314,0.06666667,0,0.0,0.0,65539,0, 0)
captureUserWait ( 45 )
captureDispatchPointer( 11962227751000,11962273631000, 2, 711.341370, 635.668884,0.20784314,0.06666667,0,0.0,0.0,65539,0, 0)
captureUserWait ( 17 )
captureDispatchPointer( 11962227751000,11962291530000, 1, 711.341370, 635.668884,0.20784314,0.06666667,0,0.0,0.0,65539,0, 0)
captureUserWait ( 71 )
captureDispatchPointer( 11963022848000,11963022848000, 0, 660.388550, 1530.203003,0.20784314,0.06666667,0,0.0,0.0,65539,0, 0)
captureUserWait ( 8 )
captureDispatchPointer( 11963022848000,11963031297000, 2, 660.388550, 1530.203003,0.20784314,0.06666667,0,0.0,0.0,65539,0, 0)
captureUserWait ( 45 )
captureDispatchPointer( 11963022848000,11963076842000, 1, 660.388550, 1530.203003,0.20784314,0.06666667,0,0.0,0.0,65539,0, 0)
captureUserWait ( 72 )
captureDispatchPointer( 11963798918000,11963798918000, 0, 510.527283, 1323.310791,0.20784314,0.06666667,0,0.0,0.0,65539,0, 0)
captureUserWait ( 64 )
captureDispatchPointer( 11963798918000,11963863255000, 2, 510.527283, 1324.310181,0.20784314,0.06666667,0,0.0,0.0,65539,0, 0)
captureUserWait ( 8 )
captureDispatchPointer( 11963798918000,11963871324000, 1, 510.527283, 1324.310181,0.20784314,0.06666667,0,0.0,0.0,65539,0, 0)
captureUserWait ( 57 )
captureDispatchPointer( 11964447647000,11964447647000, 0, 859.204468, 1671.129639,0.20784314,0.06666667,0,0.0,0.0,65539,0, 0)
captureUserWait ( 8 )
captureDispatchPointer( 11964447647000,11964456146000, 2, 859.204468, 1671.129639,0.20784314,0.06666667,0,0.0,0.0,65539,0, 0)
captureUserWait ( 27 )
captureDispatchPointer( 11964447647000,11964484131000, 2, 859.204468, 1671.129639,0.20784314,0.06666667,0,0.0,0.0,65539,0, 0)
captureUserWait ( 18 )
captureDispatchPointer( 11964447647000,11964502662000, 2, 859.204468, 1671.129639,0.20784314,0.06666667,0,0.0,0.0,65539,0, 0)
captureUserWait ( 9 )
captureDispatchPointer( 11964447647000,11964512095000, 2, 859.204468, 1671.129639,0.20784314,0.06666667,0,0.0,0.0,65539,0, 0)
captureUserWait ( 8 )
captureDispatchPointer( 11964447647000,11964520261000, 1, 859.204468, 1671.129639,0.20784314,0.06666667,0,0.0,0.0,65539,0, 0)
captureUserWait ( 28 )
captureDispatchPointer( 11964801292000,11964801292000, 0, 978.094360, 1504.216553,0.20784314,0.06666667,0,0.0,0.0,65539,0, 0)
captureUserWait ( 9 )
captureDispatchPointer( 11964801292000,11964810370000, 2, 978.094360, 1504.216553,0.20784314,0.06666667,0,0.0,0.0,65539,0, 0)
captureUserWait ( 27 )
captureDispatchPointer( 11964801292000,11964837422000, 1, 978.094360, 1504.216553,0.20784314,0.06666667,0,0.0,0.0,65539,0, 0)
captureUserWait ( 70 )
captureDispatchPointer( 11965568257000,11965568257000, 0, 828.233093, 785.590820,0.20784314,0.06666667,0,0.0,0.0,65539,0, 0)
captureUserWait ( 54 )
captureDispatchPointer( 11965568257000,11965623214000, 2, 828.233093, 785.590820,0.20784314,0.06666667,0,0.0,0.0,65539,0, 0)
captureUserWait ( 8 )
captureDispatchPointer( 11965568257000,11965631509000, 1, 828.233093, 785.590820,0.20784314,0.06666667,0,0.0,0.0,65539,0, 0)
captureUserWait ( 82 )
captureDispatchPointer( 11966493715000,11966493715000, 0, 682.368164, 1496.220703,0.20784314,0.06666667,0,0.0,0.0,65539,0, 0)
captureUserWait ( 8 )
captureDispatchPointer( 11966493715000,11966502005000, 2, 682.368164, 1496.220703,0.20784314,0.06666667,0,0.0,0.0,65539,0, 0)
captureUserWait ( 54 )
captureDispatchPointer( 11966493715000,11966556912000, 1, 682.368164, 1496.220703,0.20784314,0.06666667,0,0.0,0.0,65539,0, 0)
captureUserWait ( 436 )
captureDispatchPointer( 11966993208000,11966993208000, 0, 520.518066, 1307.319092,0.20784314,0.06666667,0,0.0,0.0,65539,0, 0)
captureUserWait ( 8 )
captureDispatchPointer( 11966993208000,11967001830000, 2, 520.518066, 1307.319092,0.20784314,0.06666667,0,0.0,0.0,65539,0, 0)
captureUserWait ( 9 )
captureDispatchPointer( 11966993208000,11967011092000, 2, 520.518066, 1307.319092,0.20784314,0.06666667,0,0.0,0.0,65539,0, 0)
captureUserWait ( 9 )
captureDispatchPointer( 11966993208000,11967020520000, 2, 519.518982, 1307.319092,0.20784314,0.06666667,0,0.0,0.0,65539,0, 0)
captureUserWait ( 9 )
captureDispatchPointer( 11966993208000,11967029846000, 2, 518.519897, 1308.318604,0.20784314,0.06666667,0,0.0,0.0,65539,0, 0)
captureUserWait ( 9 )
captureDispatchPointer( 11966993208000,11967039170000, 2, 517.520813, 1309.317993,0.20784314,0.06666667,0,0.0,0.0,65539,0, 0)
captureUserWait ( 17 )
captureDispatchPointer( 11966993208000,11967057063000, 1, 517.520813, 1309.317993,0.20784314,0.06666667,0,0.0,0.0,65539,0, 0)
captureUserWait ( 45 )
captureDispatchPointer( 11967502353000,11967502353000, 0, 883.182251, 1679.125366,0.20784314,0.06666667,0,0.0,0.0,65539,0, 0)
captureUserWait ( 45 )
captureDispatchPointer( 11967502353000,11967548309000, 2, 883.182251, 1679.125366,0.20784314,0.06666667,0,0.0,0.0,65539,0, 0)
captureUserWait ( 7 )
captureDispatchPointer( 11967502353000,11967556198000, 1, 883.182251, 1679.125366,0.20784314,0.06666667,0,0.0,0.0,65539,0, 0)
captureUserWait ( 306 )
captureDispatchPointer( 11967862545000,11967862545000, 0, 974.098083, 1480.229004,0.20784314,0.06666667,0,0.0,0.0,65539,0, 0)
captureUserWait ( 27 )
captureDispatchPointer( 11967862545000,11967889601000, 2, 974.098083, 1480.229004,0.20784314,0.06666667,0,0.0,0.0,65539,0, 0)
captureUserWait ( 8 )
captureDispatchPointer( 11967862545000,11967897865000, 1, 974.098083, 1480.229004,0.20784314,0.06666667,0,0.0,0.0,65539,0, 0)
captureUserWait ( 13 )

# call submenu to attach file
compareScreenshot(2014-10-14_01-19-21.jpg, 0, 0, 1080, 1920, 0, 1.0, 10)
captureDispatchPointer( 11969268642000,11969268642000, 0, 1011.063843, 148.922440,0.20784314,0.06666667,0,0.0,0.0,65539,0, 0)
captureUserWait ( 17 )
captureDispatchPointer( 11969268642000,11969286030000, 2, 1011.063843, 148.922440,0.20784314,0.06666667,0,0.0,0.0,65539,0, 0)
captureUserWait ( 18 )
captureDispatchPointer( 11969268642000,11969304650000, 2, 1011.063843, 148.922440,0.20784314,0.06666667,0,0.0,0.0,65539,0, 0)
captureUserWait ( 9 )
captureDispatchPointer( 11969268642000,11969314019000, 2, 1011.063843, 148.922440,0.20784314,0.06666667,0,0.0,0.0,65539,0, 0)
captureUserWait ( 18 )
captureDispatchPointer( 11969268642000,11969332719000, 2, 1011.063843, 148.922440,0.20784314,0.06666667,0,0.0,0.0,65539,0, 0)
captureUserWait ( 27 )
captureDispatchPointer( 11969268642000,11969360595000, 2, 1011.063843, 148.922440,0.20784314,0.06666667,0,0.0,0.0,65539,0, 0)
captureUserWait ( 8 )
captureDispatchPointer( 11969268642000,11969368841000, 1, 1011.063843, 148.922440,0.20784314,0.06666667,0,0.0,0.0,65539,0, 0)
captureUserWait ( 1097 )
captureDispatchPointer( 11970366676000,11970366676000, 0, 927.141541, 301.842773,0.20784314,0.06666667,0,0.0,0.0,65539,0, 0)
captureUserWait ( 8 )
captureDispatchPointer( 11970366676000,11970375448000, 2, 927.141541, 301.842773,0.20784314,0.06666667,0,0.0,0.0,65539,0, 0)
captureUserWait ( 82 )
captureDispatchPointer( 11970366676000,11970458213000, 1, 927.141541, 301.842773,0.20784314,0.06666667,0,0.0,0.0,65539,0, 0)
captureUserWait ( 3409 )

# call file browser menu
compareScreenshot(2014-10-14_01-19-26.jpg, 0, 0, 1080, 1920, 0, 1.0, 10)
captureDispatchPointer( 11974867873000,11974867873000, 0, 75.929695, 159.916702,0.20784314,0.06666667,0,0.0,0.0,65539,0, 0)
captureUserWait ( 8 )
captureDispatchPointer( 11974867873000,11974876850000, 2, 75.929695, 159.916702,0.20784314,0.06666667,0,0.0,0.0,65539,0, 0)
captureUserWait ( 27 )
captureDispatchPointer( 11974867873000,11974904734000, 2, 75.929695, 159.916702,0.20784314,0.06666667,0,0.0,0.0,65539,0, 0)
captureUserWait ( 65 )
captureDispatchPointer( 11974867873000,11974969990000, 2, 75.929695, 159.916702,0.20784314,0.06666667,0,0.0,0.0,65539,0, 0)
captureUserWait ( 9 )
captureDispatchPointer( 11974867873000,11974979310000, 2, 75.929695, 158.917221,0.20784314,0.06666667,0,0.0,0.0,65539,0, 0)
captureUserWait ( 8 )
captureDispatchPointer( 11974867873000,11974987560000, 1, 75.929695, 158.917221,0.20784314,0.06666667,0,0.0,0.0,65539,0, 0)
captureUserWait ( 2134 )

# touch Downloads
compareScreenshot(2014-10-14_01-19-29.jpg, 0, 0, 1080, 1920, 0, 1.0, 10)
captureDispatchPointer( 11977122274000,11977122274000, 0, 385.642914, 994.481995,0.20784314,0.06666667,0,0.0,0.0,65539,0, 0)
captureUserWait ( 146 )
captureDispatchPointer( 11977122274000,11977268753000, 1, 385.642914, 994.481995,0.20784314,0.06666667,0,0.0,0.0,65539,0, 0)
captureUserWait ( 2706 )

# select file (must be 1st on top)
compareScreenshot(2014-10-14_01-19-30.jpg, 0, 0, 1080, 1920, 0, 1.0, 10)
captureDispatchPointer( 11978975403000,11978975403000, 0, 599.444946, 322.831848,0.20784314,0.06666667,0,0.0,0.0,65539,0, 0)
captureUserWait ( 17 )
captureDispatchPointer( 11978975403000,11978993262000, 2, 599.444946, 322.831848,0.20784314,0.06666667,0,0.0,0.0,65539,0, 0)
captureUserWait ( 9 )
captureDispatchPointer( 11978975403000,11979002559000, 2, 599.444946, 322.831848,0.20784314,0.06666667,0,0.0,0.0,65539,0, 0)
captureUserWait ( 9 )
captureDispatchPointer( 11978975403000,11979011880000, 2, 599.444946, 322.831848,0.20784314,0.06666667,0,0.0,0.0,65539,0, 0)
captureUserWait ( 18 )
captureDispatchPointer( 11978975403000,11979030506000, 2, 599.444946, 322.831848,0.20784314,0.06666667,0,0.0,0.0,65539,0, 0)
captureUserWait ( 9 )
captureDispatchPointer( 11978975403000,11979039841000, 2, 599.444946, 322.831848,0.20784314,0.06666667,0,0.0,0.0,65539,0, 0)
captureUserWait ( 28 )
captureDispatchPointer( 11978975403000,11979067915000, 2, 599.444946, 322.831848,0.20784314,0.06666667,0,0.0,0.0,65539,0, 0)
captureUserWait ( 18 )
captureDispatchPointer( 11978975403000,11979086404000, 2, 599.444946, 322.831848,0.20784314,0.06666667,0,0.0,0.0,65539,0, 0)
captureUserWait ( 9 )
captureDispatchPointer( 11978975403000,11979095729000, 2, 599.444946, 322.831848,0.20784314,0.06666667,0,0.0,0.0,65539,0, 0)
captureUserWait ( 9 )
captureDispatchPointer( 11978975403000,11979104949000, 2, 599.444946, 322.831848,0.20784314,0.06666667,0,0.0,0.0,65539,0, 0)
captureUserWait ( 8 )
captureDispatchPointer( 11978975403000,11979113149000, 1, 599.444946, 322.831848,0.20784314,0.06666667,0,0.0,0.0,65539,0, 0)
captureUserWait ( 3439 )

# send
compareScreenshot(2014-10-14_01-19-33.jpg, 0, 0, 1080, 1920, 0, 1.0, 10)
captureDispatchPointer( 11981552495000,11981552495000, 0, 836.225708, 155.918793,0.20784314,0.06666667,0,0.0,0.0,65539,0, 0)
captureUserWait ( 18 )
captureDispatchPointer( 11981552495000,11981571046000, 2, 836.225708, 154.919312,0.20784314,0.06666667,0,0.0,0.0,65539,0, 0)
captureUserWait ( 9 )
captureDispatchPointer( 11981552495000,11981580438000, 2, 836.225708, 153.919830,0.20784314,0.06666667,0,0.0,0.0,65539,0, 0)
captureUserWait ( 9 )
captureDispatchPointer( 11981552495000,11981589616000, 2, 836.225708, 152.920349,0.20784314,0.06666667,0,0.0,0.0,65539,0, 0)
captureUserWait ( 9 )
captureDispatchPointer( 11981552495000,11981599063000, 2, 836.225708, 151.920868,0.20784314,0.06666667,0,0.0,0.0,65539,0, 0)
captureUserWait ( 9 )
captureDispatchPointer( 11981552495000,11981608362000, 2, 836.225708, 150.921387,0.20784314,0.06666667,0,0.0,0.0,65539,0, 0)
captureUserWait ( 9 )
captureDispatchPointer( 11981552495000,11981617671000, 2, 836.225708, 150.921387,0.20784314,0.06666667,0,0.0,0.0,65539,0, 0)
captureUserWait ( 65 )
captureDispatchPointer( 11981552495000,11981682769000, 2, 836.225708, 150.921387,0.20784314,0.06666667,0,0.0,0.0,65539,0, 0)
captureUserWait ( 8 )
captureDispatchPointer( 11981552495000,11981691040000, 1, 836.225708, 150.921387,0.20784314,0.06666667,0,0.0,0.0,65539,0, 0)

captureUserWait ( 6862 )

# call submenu
compareScreenshot(2014-10-14_01-19-40.jpg, 0, 0, 1080, 1920, 0, 1.0, 10)
captureDispatchPointer( 11988553437000,11988553437000, 0, 1005.069397, 140.926590,0.20784314,0.06666667,0,0.0,0.0,65539,0, 0)
captureUserWait ( 26 )
captureDispatchPointer( 11988553437000,11988579526000, 2, 1006.068481, 140.926590,0.20784314,0.06666667,0,0.0,0.0,65539,0, 0)
captureUserWait ( 37 )
captureDispatchPointer( 11988553437000,11988616885000, 2, 1007.067505, 140.926590,0.20784314,0.06666667,0,0.0,0.0,65539,0, 0)
captureUserWait ( 9 )
captureDispatchPointer( 11988553437000,11988626262000, 2, 1008.066589, 140.926590,0.20784314,0.06666667,0,0.0,0.0,65539,0, 0)
captureUserWait ( 9 )
captureDispatchPointer( 11988553437000,11988635549000, 2, 1009.065674, 140.926590,0.20784314,0.06666667,0,0.0,0.0,65539,0, 0)
captureUserWait ( 46 )
captureDispatchPointer( 11988553437000,11988682093000, 2, 1009.065674, 140.926590,0.20784314,0.06666667,0,0.0,0.0,65539,0, 0)
captureUserWait ( 9 )
captureDispatchPointer( 11988553437000,11988691385000, 2, 1009.065674, 140.926590,0.20784314,0.06666667,0,0.0,0.0,65539,0, 0)
captureUserWait ( 9 )
captureDispatchPointer( 11988553437000,11988700734000, 2, 1010.064758, 140.926590,0.20784314,0.06666667,0,0.0,0.0,65539,0, 0)
captureUserWait ( 9 )
captureDispatchPointer( 11988553437000,11988709981000, 2, 1011.063843, 140.926590,0.20784314,0.06666667,0,0.0,0.0,65539,0, 0)
captureUserWait ( 8 )
captureDispatchPointer( 11988553437000,11988718200000, 1, 1011.063843, 140.926590,0.20784314,0.06666667,0,0.0,0.0,65539,0, 0)
captureUserWait ( 1976 )

# receive (refresh)
captureDispatchPointer( 11989694963000,11989694963000, 0, 875.189636, 291.847992,0.20784314,0.06666667,0,0.0,0.0,65539,0, 0)
captureUserWait ( 8 )
captureDispatchPointer( 11989694963000,11989703703000, 2, 875.189636, 291.847992,0.20784314,0.06666667,0,0.0,0.0,65539,0, 0)
captureUserWait ( 93 )
captureDispatchPointer( 11989694963000,11989797328000, 2, 875.189636, 291.847992,0.20784314,0.06666667,0,0.0,0.0,65539,0, 0)
captureUserWait ( 18 )
captureDispatchPointer( 11989694963000,11989815356000, 2, 875.189636, 291.847992,0.20784314,0.06666667,0,0.0,0.0,65539,0, 0)
captureUserWait ( 8 )
captureDispatchPointer( 11989694963000,11989823533000, 1, 875.189636, 291.847992,0.20784314,0.06666667,0,0.0,0.0,65539,0, 0)
captureUserWait ( 8000 )

# back to home
compareScreenshot(2014-10-14_01-20-00.jpg, 0, 0, 1080, 1920, 0, 1.0, 10)
captureDispatchKey( 0, 0, 0, 4, 0,0,0,0)
captureUserWait ( 138 )
captureDispatchKey( 0, 0, 1, 4, 0,0,0,0)
captureUserWait ( 2016 )
compareScreenshot(2014-10-14_01-20-03.jpg, 0, 0, 1080, 1920, 0, 1.0, 10)
captureUserWait ( 1500 )
