type=raw events 1
count= 1
speed=1.0
start data >>

## receive-check-mail-1-min.txt

# launch gmail
RunCmd(am start -n com.google.android.gm/.ConversationListActivityGmail --activity-single-top)
captureUserWait ( 4500 )

# Create
compareScreenshot(2014-10-14_10-32-44.jpg, 0, 0, 1080, 1920, 0, 1.0, 10)
captureDispatchPointer( 1972572953000,1972572953000, 0, 664.384827, 155.918793,0.20784314,0.06666667,0,0.0,0.0,65539,0, 0)
captureUserWait ( 8 )
captureDispatchPointer( 1972572953000,1972581667000, 2, 664.384827, 155.918793,0.20784314,0.06666667,0,0.0,0.0,65539,0, 0)
captureUserWait ( 9 )
captureDispatchPointer( 1972572953000,1972590980000, 2, 664.384827, 155.918793,0.20784314,0.06666667,0,0.0,0.0,65539,0, 0)
captureUserWait ( 9 )
captureDispatchPointer( 1972572953000,1972600140000, 2, 664.384827, 155.918793,0.20784314,0.06666667,0,0.0,0.0,65539,0, 0)
captureUserWait ( 17 )
captureDispatchPointer( 1972572953000,1972617738000, 1, 664.384827, 155.918793,0.20784314,0.06666667,0,0.0,0.0,65539,0, 0)
captureUserWait ( 581 )


compareScreenshot(2014-10-14_10-32-46.jpg, 0, 0, 1080, 1920, 0, 1.0, 10)
captureDispatchPointer( 1974198771000,1974198771000, 0, 375.652161, 1327.308716,0.20784314,0.06666667,0,0.0,0.0,65539,0, 0)
captureUserWait ( 8 )
captureDispatchPointer( 1974198771000,1974207741000, 2, 375.652161, 1327.308716,0.20784314,0.06666667,0,0.0,0.0,65539,0, 0)
captureUserWait ( 9 )
captureDispatchPointer( 1974198771000,1974217125000, 2, 375.652161, 1327.308716,0.20784314,0.06666667,0,0.0,0.0,65539,0, 0)
captureUserWait ( 9 )
captureDispatchPointer( 1974198771000,1974226347000, 2, 375.652161, 1327.308716,0.20784314,0.06666667,0,0.0,0.0,65539,0, 0)
captureUserWait ( 8 )
captureDispatchPointer( 1974198771000,1974234575000, 1, 375.652161, 1327.308716,0.20784314,0.06666667,0,0.0,0.0,65539,0, 0)
captureUserWait ( 83 )
captureDispatchPointer( 1974818260000,1974818260000, 0, 62.941719, 1821.051514,0.20784314,0.06666667,0,0.0,0.0,65539,0, 0)
captureUserWait ( 27 )
captureDispatchPointer( 1974818260000,1974846050000, 2, 62.941719, 1821.051514,0.20784314,0.06666667,0,0.0,0.0,65539,0, 0)
captureUserWait ( 8 )
captureDispatchPointer( 1974818260000,1974854335000, 1, 62.941719, 1821.051514,0.20784314,0.06666667,0,0.0,0.0,65539,0, 0)
captureUserWait ( 45 )
captureDispatchPointer( 1975499724000,1975499724000, 0, 304.717865, 1319.312866,0.20784314,0.06666667,0,0.0,0.0,65539,0, 0)
captureUserWait ( 9 )
captureDispatchPointer( 1975499724000,1975508917000, 2, 304.717865, 1319.312866,0.20784314,0.06666667,0,0.0,0.0,65539,0, 0)
captureUserWait ( 9 )
captureDispatchPointer( 1975499724000,1975518062000, 2, 304.717865, 1319.312866,0.20784314,0.06666667,0,0.0,0.0,65539,0, 0)
captureUserWait ( 8 )
captureDispatchPointer( 1975499724000,1975526257000, 1, 304.717865, 1319.312866,0.20784314,0.06666667,0,0.0,0.0,65539,0, 0)
captureUserWait ( 23 )
captureDispatchPointer( 1975849511000,1975849511000, 0, 49.953747, 1810.057251,0.20784314,0.06666667,0,0.0,0.0,65539,0, 0)
captureUserWait ( 9 )
captureDispatchPointer( 1975849511000,1975858711000, 2, 49.953747, 1810.057251,0.20784314,0.06666667,0,0.0,0.0,65539,0, 0)
captureUserWait ( 37 )
captureDispatchPointer( 1975849511000,1975895897000, 2, 49.953747, 1810.057251,0.20784314,0.06666667,0,0.0,0.0,65539,0, 0)
captureUserWait ( 18 )
captureDispatchPointer( 1975849511000,1975914471000, 2, 49.953747, 1810.057251,0.20784314,0.06666667,0,0.0,0.0,65539,0, 0)
captureUserWait ( 8 )
captureDispatchPointer( 1975849511000,1975922907000, 1, 49.953747, 1810.057251,0.20784314,0.06666667,0,0.0,0.0,65539,0, 0)
captureUserWait ( 46 )
captureDispatchPointer( 1976469280000,1976469280000, 0, 762.294189, 1511.212891,0.20784314,0.06666667,0,0.0,0.0,65539,0, 0)
captureUserWait ( 27 )
captureDispatchPointer( 1976469280000,1976497126000, 2, 762.294189, 1511.212891,0.20784314,0.06666667,0,0.0,0.0,65539,0, 0)
captureUserWait ( 8 )
captureDispatchPointer( 1976469280000,1976505490000, 1, 762.294189, 1511.212891,0.20784314,0.06666667,0,0.0,0.0,65539,0, 0)
captureUserWait ( 23 )
captureDispatchPointer( 1976828526000,1976828526000, 0, 47.955597, 1766.080078,0.20784314,0.06666667,0,0.0,0.0,65539,0, 0)
captureUserWait ( 18 )
captureDispatchPointer( 1976828526000,1976846992000, 2, 47.955597, 1766.080078,0.20784314,0.06666667,0,0.0,0.0,65539,0, 0)
captureUserWait ( 8 )
captureDispatchPointer( 1976828526000,1976855425000, 1, 47.955597, 1766.080078,0.20784314,0.06666667,0,0.0,0.0,65539,0, 0)
captureUserWait ( 03 )
captureDispatchPointer( 1977658691000,1977658691000, 0, 501.535614, 1326.309204,0.20784314,0.06666667,0,0.0,0.0,65539,0, 0)
captureUserWait ( 37 )
captureDispatchPointer( 1977658691000,1977695926000, 2, 501.535614, 1326.309204,0.20784314,0.06666667,0,0.0,0.0,65539,0, 0)
captureUserWait ( 8 )
captureDispatchPointer( 1977658691000,1977704200000, 1, 501.535614, 1326.309204,0.20784314,0.06666667,0,0.0,0.0,65539,0, 0)
captureUserWait ( 51 )
captureDispatchPointer( 1978055703000,1978055703000, 0, 284.736359, 1324.310181,0.20784314,0.06666667,0,0.0,0.0,65539,0, 0)
captureUserWait ( 18 )
captureDispatchPointer( 1978055703000,1978073758000, 2, 284.736359, 1324.310181,0.20784314,0.06666667,0,0.0,0.0,65539,0, 0)
captureUserWait ( 37 )
captureDispatchPointer( 1978055703000,1978110961000, 2, 284.736359, 1324.310181,0.20784314,0.06666667,0,0.0,0.0,65539,0, 0)
captureUserWait ( 9 )
captureDispatchPointer( 1978055703000,1978120130000, 2, 284.736359, 1324.310181,0.20784314,0.06666667,0,0.0,0.0,65539,0, 0)
captureUserWait ( 8 )
captureDispatchPointer( 1978055703000,1978128330000, 1, 284.736359, 1324.310181,0.20784314,0.06666667,0,0.0,0.0,65539,0, 0)
captureUserWait ( 84 )
captureDispatchPointer( 1978712901000,1978712901000, 0, 815.245117, 1329.307617,0.20784314,0.06666667,0,0.0,0.0,65539,0, 0)
captureUserWait ( 8 )
captureDispatchPointer( 1978712901000,1978721689000, 2, 815.245117, 1329.307617,0.20784314,0.06666667,0,0.0,0.0,65539,0, 0)
captureUserWait ( 8 )
captureDispatchPointer( 1978712901000,1978730604000, 2, 815.245117, 1329.307617,0.20784314,0.06666667,0,0.0,0.0,65539,0, 0)
captureUserWait ( 18 )
captureDispatchPointer( 1978712901000,1978749179000, 2, 815.245117, 1329.307617,0.20784314,0.06666667,0,0.0,0.0,65539,0, 0)
captureUserWait ( 26 )
captureDispatchPointer( 1978712901000,1978775902000, 1, 815.245117, 1329.307617,0.20784314,0.06666667,0,0.0,0.0,65539,0, 0)
captureUserWait ( 19 )
captureDispatchPointer( 1979295125000,1979295125000, 0, 877.187805, 1853.034790,0.20784314,0.06666667,0,0.0,0.0,65539,0, 0)
captureUserWait ( 27 )
captureDispatchPointer( 1979295125000,1979322352000, 2, 877.187805, 1853.034790,0.20784314,0.06666667,0,0.0,0.0,65539,0, 0)
captureUserWait ( 8 )
captureDispatchPointer( 1979295125000,1979330535000, 1, 877.187805, 1853.034790,0.20784314,0.06666667,0,0.0,0.0,65539,0, 0)
captureUserWait ( 42 )
captureDispatchPointer( 1979673229000,1979673229000, 0, 1020.055481, 1316.314331,0.20784314,0.06666667,0,0.0,0.0,65539,0, 0)
captureUserWait ( 45 )
captureDispatchPointer( 1979673229000,1979718882000, 2, 1020.055481, 1316.314331,0.20784314,0.06666667,0,0.0,0.0,65539,0, 0)
captureUserWait ( 9 )
captureDispatchPointer( 1979673229000,1979728153000, 2, 1021.054565, 1317.313843,0.20784314,0.06666667,0,0.0,0.0,65539,0, 0)
captureUserWait ( 8 )
captureDispatchPointer( 1979673229000,1979736576000, 1, 1021.054565, 1317.313843,0.20784314,0.06666667,0,0.0,0.0,65539,0, 0)
captureUserWait ( 33 )
captureDispatchPointer( 1980069813000,1980069813000, 0, 1013.062012, 1331.306519,0.20784314,0.06666667,0,0.0,0.0,65539,0, 0)
captureUserWait ( 36 )
captureDispatchPointer( 1980069813000,1980106138000, 2, 1014.061035, 1331.306519,0.20784314,0.06666667,0,0.0,0.0,65539,0, 0)
captureUserWait ( 8 )
captureDispatchPointer( 1980069813000,1980114242000, 1, 1014.061035, 1331.306519,0.20784314,0.06666667,0,0.0,0.0,65539,0, 0)
captureUserWait ( 79 )
captureDispatchPointer( 1980493527000,1980493527000, 0, 55.948196, 1339.302368,0.20784314,0.06666667,0,0.0,0.0,65539,0, 0)
captureUserWait ( 55 )
captureDispatchPointer( 1980493527000,1980549066000, 2, 55.948196, 1339.302368,0.20784314,0.06666667,0,0.0,0.0,65539,0, 0)
captureUserWait ( 8 )
captureDispatchPointer( 1980493527000,1980557187000, 1, 55.948196, 1339.302368,0.20784314,0.06666667,0,0.0,0.0,65539,0, 0)
captureUserWait ( 09 )
captureDispatchPointer( 1981067130000,1981067130000, 0, 88.917671, 1523.206665,0.20784314,0.06666667,0,0.0,0.0,65539,0, 0)
captureUserWait ( 8 )
captureDispatchPointer( 1981067130000,1981075699000, 2, 88.917671, 1523.206665,0.20784314,0.06666667,0,0.0,0.0,65539,0, 0)
captureUserWait ( 27 )
captureDispatchPointer( 1981067130000,1981103586000, 2, 88.917671, 1523.206665,0.20784314,0.06666667,0,0.0,0.0,65539,0, 0)
captureUserWait ( 17 )
captureDispatchPointer( 1981067130000,1981121387000, 1, 88.917671, 1523.206665,0.20784314,0.06666667,0,0.0,0.0,65539,0, 0)
captureUserWait ( 81 )
captureDispatchPointer( 1981603182000,1981603182000, 0, 67.937096, 1832.045776,0.20784314,0.06666667,0,0.0,0.0,65539,0, 0)
captureUserWait ( 8 )
captureDispatchPointer( 1981603182000,1981611672000, 2, 67.937096, 1832.045776,0.20784314,0.06666667,0,0.0,0.0,65539,0, 0)
captureUserWait ( 9 )
captureDispatchPointer( 1981603182000,1981621004000, 2, 67.937096, 1832.045776,0.20784314,0.06666667,0,0.0,0.0,65539,0, 0)
captureUserWait ( 26 )
captureDispatchPointer( 1981603182000,1981647917000, 1, 67.937096, 1832.045776,0.20784314,0.06666667,0,0.0,0.0,65539,0, 0)
captureUserWait ( 45 )
captureDispatchPointer( 1982293751000,1982293751000, 0, 542.497681, 1503.217041,0.20784314,0.06666667,0,0.0,0.0,65539,0, 0)
captureUserWait ( 7 )
captureDispatchPointer( 1982293751000,1982301150000, 1, 542.497681, 1503.217041,0.20784314,0.06666667,0,0.0,0.0,65539,0, 0)
captureUserWait ( 61 )
captureDispatchPointer( 1982662423000,1982662423000, 0, 862.201660, 1667.131714,0.20784314,0.06666667,0,0.0,0.0,65539,0, 0)
captureUserWait ( 8 )
captureDispatchPointer( 1982662423000,1982670965000, 2, 862.201660, 1667.131714,0.20784314,0.06666667,0,0.0,0.0,65539,0, 0)
captureUserWait ( 9 )
captureDispatchPointer( 1982662423000,1982680239000, 2, 862.201660, 1667.131714,0.20784314,0.06666667,0,0.0,0.0,65539,0, 0)
captureUserWait ( 9 )
captureDispatchPointer( 1982662423000,1982689545000, 2, 862.201660, 1667.131714,0.20784314,0.06666667,0,0.0,0.0,65539,0, 0)
captureUserWait ( 8 )
captureDispatchPointer( 1982662423000,1982697663000, 1, 862.201660, 1667.131714,0.20784314,0.06666667,0,0.0,0.0,65539,0, 0)
captureUserWait ( 70 )
captureDispatchPointer( 1982968662000,1982968662000, 0, 118.889915, 1472.233154,0.20784314,0.06666667,0,0.0,0.0,65539,0, 0)
captureUserWait ( 28 )
captureDispatchPointer( 1982968662000,1982996819000, 2, 118.889915, 1472.233154,0.20784314,0.06666667,0,0.0,0.0,65539,0, 0)
captureUserWait ( 27 )
captureDispatchPointer( 1982968662000,1983024279000, 2, 117.890839, 1473.232666,0.20784314,0.06666667,0,0.0,0.0,65539,0, 0)
captureUserWait ( 8 )
captureDispatchPointer( 1982968662000,1983032609000, 1, 117.890839, 1473.232666,0.20784314,0.06666667,0,0.0,0.0,65539,0, 0)
captureUserWait ( 87 )
captureDispatchPointer( 1983220149000,1983220149000, 0, 808.251648, 1320.312256,0.20784314,0.06666667,0,0.0,0.0,65539,0, 0)
captureUserWait ( 37 )
captureDispatchPointer( 1983220149000,1983257206000, 2, 809.250671, 1321.311768,0.20784314,0.06666667,0,0.0,0.0,65539,0, 0)
captureUserWait ( 8 )
captureDispatchPointer( 1983220149000,1983265231000, 1, 809.250671, 1321.311768,0.20784314,0.06666667,0,0.0,0.0,65539,0, 0)
captureUserWait ( 23 )
captureDispatchPointer( 1983588834000,1983588834000, 0, 955.115662, 1478.230103,0.20784314,0.06666667,0,0.0,0.0,65539,0, 0)
captureUserWait ( 8 )
captureDispatchPointer( 1983588834000,1983597470000, 2, 955.115662, 1478.230103,0.20784314,0.06666667,0,0.0,0.0,65539,0, 0)
captureUserWait ( 8 )
captureDispatchPointer( 1983588834000,1983605863000, 1, 955.115662, 1478.230103,0.20784314,0.06666667,0,0.0,0.0,65539,0, 0)
captureUserWait ( 17 )
captureDispatchPointer( 1984223795000,1984223795000, 0, 878.186890, 1840.041626,0.20784314,0.06666667,0,0.0,0.0,65539,0, 0)
captureUserWait ( 55 )
captureDispatchPointer( 1984223795000,1984278949000, 2, 878.186890, 1840.041626,0.20784314,0.06666667,0,0.0,0.0,65539,0, 0)
captureUserWait ( 8 )
captureDispatchPointer( 1984223795000,1984287256000, 1, 878.186890, 1840.041626,0.20784314,0.06666667,0,0.0,0.0,65539,0, 0)
captureUserWait ( 70 )
captureDispatchPointer( 1984657918000,1984657918000, 0, 417.613312, 1652.139526,0.20784314,0.06666667,0,0.0,0.0,65539,0, 0)
captureUserWait ( 35 )
captureDispatchPointer( 1984657918000,1984693097000, 1, 417.613312, 1652.139526,0.20784314,0.06666667,0,0.0,0.0,65539,0, 0)
captureUserWait ( 79 )
captureDispatchPointer( 1984973092000,1984973092000, 0, 933.135986, 1306.319580,0.20784314,0.06666667,0,0.0,0.0,65539,0, 0)
captureUserWait ( 10 )
captureDispatchPointer( 1984973092000,1984983093000, 2, 933.135986, 1306.319580,0.20784314,0.06666667,0,0.0,0.0,65539,0, 0)
captureUserWait ( 17 )
captureDispatchPointer( 1984973092000,1985000950000, 2, 933.135986, 1306.319580,0.20784314,0.06666667,0,0.0,0.0,65539,0, 0)
captureUserWait ( 8 )
captureDispatchPointer( 1984973092000,1985009364000, 1, 933.135986, 1306.319580,0.20784314,0.06666667,0,0.0,0.0,65539,0, 0)
captureUserWait ( 28 )
captureDispatchPointer( 1985537838000,1985537838000, 0, 881.184082, 1681.124390,0.20784314,0.06666667,0,0.0,0.0,65539,0, 0)
captureUserWait ( 36 )
captureDispatchPointer( 1985537838000,1985574065000, 2, 881.184082, 1681.124390,0.20784314,0.06666667,0,0.0,0.0,65539,0, 0)
captureUserWait ( 8 )
captureDispatchPointer( 1985537838000,1985582289000, 1, 881.184082, 1681.124390,0.20784314,0.06666667,0,0.0,0.0,65539,0, 0)
captureUserWait ( 84 )
captureDispatchPointer( 1986166787000,1986166787000, 0, 705.346924, 1011.473145,0.20784314,0.06666667,0,0.0,0.0,65539,0, 0)
captureUserWait ( 36 )
captureDispatchPointer( 1986166787000,1986203182000, 2, 705.346924, 1011.473145,0.20784314,0.06666667,0,0.0,0.0,65539,0, 0)
captureUserWait ( 8 )
captureDispatchPointer( 1986166787000,1986211354000, 1, 705.346924, 1011.473145,0.20784314,0.06666667,0,0.0,0.0,65539,0, 0)
captureUserWait ( 46 )
captureDispatchPointer( 1986857402000,1986857402000, 0, 686.364502, 644.664246,0.20784314,0.06666667,0,0.0,0.0,65539,0, 0)
captureUserWait ( 8 )
captureDispatchPointer( 1986857402000,1986865910000, 2, 686.364502, 644.664246,0.20784314,0.06666667,0,0.0,0.0,65539,0, 0)
captureUserWait ( 8 )
captureDispatchPointer( 1986857402000,1986873966000, 1, 686.364502, 644.664246,0.20784314,0.06666667,0,0.0,0.0,65539,0, 0)
captureUserWait ( 513 )

compareScreenshot(2014-10-14_10-33-00.jpg, 0, 0, 1080, 1920, 0, 1.0, 10)
captureDispatchPointer( 1988687869000,1988687869000, 0, 195.818695, 1509.213867,0.20784314,0.06666667,0,0.0,0.0,65539,0, 0)
captureUserWait ( 17 )
captureDispatchPointer( 1988687869000,1988705301000, 2, 195.818695, 1509.213867,0.20784314,0.06666667,0,0.0,0.0,65539,0, 0)
captureUserWait ( 37 )
captureDispatchPointer( 1988687869000,1988742469000, 2, 195.818695, 1509.213867,0.20784314,0.06666667,0,0.0,0.0,65539,0, 0)
captureUserWait ( 9 )
captureDispatchPointer( 1988687869000,1988751767000, 2, 195.818695, 1509.213867,0.20784314,0.06666667,0,0.0,0.0,65539,0, 0)
captureUserWait ( 8 )
captureDispatchPointer( 1988687869000,1988759883000, 1, 195.818695, 1509.213867,0.20784314,0.06666667,0,0.0,0.0,65539,0, 0)
captureUserWait ( 74 )
captureDispatchPointer( 1989434044000,1989434044000, 0, 272.747467, 1354.294556,0.20784314,0.06666667,0,0.0,0.0,65539,0, 0)
captureUserWait ( 26 )
captureDispatchPointer( 1989434044000,1989460975000, 2, 272.747467, 1354.294556,0.20784314,0.06666667,0,0.0,0.0,65539,0, 0)
captureUserWait ( 18 )
captureDispatchPointer( 1989434044000,1989479579000, 2, 272.747467, 1354.294556,0.20784314,0.06666667,0,0.0,0.0,65539,0, 0)
captureUserWait ( 8 )
captureDispatchPointer( 1989434044000,1989487889000, 1, 272.747467, 1354.294556,0.20784314,0.06666667,0,0.0,0.0,65539,0, 0)
captureUserWait ( 61 )
captureDispatchPointer( 1989848959000,1989848959000, 0, 756.299744, 1674.128052,0.20784314,0.06666667,0,0.0,0.0,65539,0, 0)
captureUserWait ( 45 )
captureDispatchPointer( 1989848959000,1989894717000, 2, 756.299744, 1674.128052,0.20784314,0.06666667,0,0.0,0.0,65539,0, 0)
captureUserWait ( 8 )
captureDispatchPointer( 1989848959000,1989902766000, 1, 756.299744, 1674.128052,0.20784314,0.06666667,0,0.0,0.0,65539,0, 0)
captureUserWait ( 78 )
captureDispatchPointer( 1990081086000,1990081086000, 0, 302.719696, 1526.205078,0.20784314,0.06666667,0,0.0,0.0,65539,0, 0)
captureUserWait ( 18 )
captureDispatchPointer( 1990081086000,1990099287000, 2, 302.719696, 1526.205078,0.20784314,0.06666667,0,0.0,0.0,65539,0, 0)
captureUserWait ( 18 )
captureDispatchPointer( 1990081086000,1990117890000, 2, 302.719696, 1525.205566,0.20784314,0.06666667,0,0.0,0.0,65539,0, 0)
captureUserWait ( 9 )
captureDispatchPointer( 1990081086000,1990127218000, 2, 302.719696, 1524.206055,0.20784314,0.06666667,0,0.0,0.0,65539,0, 0)
captureUserWait ( 9 )
captureDispatchPointer( 1990081086000,1990136512000, 2, 302.719696, 1523.206665,0.20784314,0.06666667,0,0.0,0.0,65539,0, 0)
captureUserWait ( 9 )
captureDispatchPointer( 1990081086000,1990145818000, 2, 302.719696, 1523.206665,0.20784314,0.06666667,0,0.0,0.0,65539,0, 0)
captureUserWait ( 9 )
captureDispatchPointer( 1990081086000,1990155085000, 2, 302.719696, 1523.206665,0.20784314,0.06666667,0,0.0,0.0,65539,0, 0)
captureUserWait ( 8 )
captureDispatchPointer( 1990081086000,1990163264000, 1, 302.719696, 1523.206665,0.20784314,0.06666667,0,0.0,0.0,65539,0, 0)
captureUserWait ( 33 )
captureDispatchPointer( 1990496377000,1990496377000, 0, 658.390381, 1821.051514,0.20784314,0.06666667,0,0.0,0.0,65539,0, 0)
captureUserWait ( 64 )
captureDispatchPointer( 1990496377000,1990560991000, 2, 658.390381, 1821.051514,0.20784314,0.06666667,0,0.0,0.0,65539,0, 0)
captureUserWait ( 8 )
captureDispatchPointer( 1990496377000,1990569002000, 1, 658.390381, 1821.051514,0.20784314,0.06666667,0,0.0,0.0,65539,0, 0)
captureUserWait ( 9 )
captureDispatchPointer( 1990976862000,1990976862000, 0, 489.546722, 1329.307617,0.20784314,0.06666667,0,0.0,0.0,65539,0, 0)
captureUserWait ( 36 )
captureDispatchPointer( 1990976862000,1991013673000, 2, 490.545807, 1329.307617,0.20784314,0.06666667,0,0.0,0.0,65539,0, 0)
captureUserWait ( 8 )
captureDispatchPointer( 1990976862000,1991022539000, 2, 491.544861, 1329.307617,0.20784314,0.06666667,0,0.0,0.0,65539,0, 0)
captureUserWait ( 18 )
captureDispatchPointer( 1990976862000,1991041063000, 2, 491.544861, 1329.307617,0.20784314,0.06666667,0,0.0,0.0,65539,0, 0)
captureUserWait ( 8 )
captureDispatchPointer( 1990976862000,1991049135000, 1, 491.544861, 1329.307617,0.20784314,0.06666667,0,0.0,0.0,65539,0, 0)
captureUserWait ( 96 )
captureDispatchPointer( 1991245690000,1991245690000, 0, 906.160950, 1345.299316,0.20784314,0.06666667,0,0.0,0.0,65539,0, 0)
captureUserWait ( 18 )
captureDispatchPointer( 1991245690000,1991264197000, 2, 906.160950, 1345.299316,0.20784314,0.06666667,0,0.0,0.0,65539,0, 0)
captureUserWait ( 27 )
captureDispatchPointer( 1991245690000,1991291217000, 1, 906.160950, 1345.299316,0.20784314,0.06666667,0,0.0,0.0,65539,0, 0)
captureUserWait ( 88 )
captureDispatchPointer( 1991680216000,1991680216000, 0, 681.369080, 1826.048828,0.20784314,0.06666667,0,0.0,0.0,65539,0, 0)
captureUserWait ( 8 )
captureDispatchPointer( 1991680216000,1991688607000, 2, 681.369080, 1827.048340,0.20784314,0.06666667,0,0.0,0.0,65539,0, 0)
captureUserWait ( 9 )
captureDispatchPointer( 1991680216000,1991697898000, 2, 681.369080, 1828.047852,0.20784314,0.06666667,0,0.0,0.0,65539,0, 0)
captureUserWait ( 9 )
captureDispatchPointer( 1991680216000,1991707206000, 2, 681.369080, 1829.047363,0.20784314,0.06666667,0,0.0,0.0,65539,0, 0)
captureUserWait ( 9 )
captureDispatchPointer( 1991680216000,1991716509000, 2, 681.369080, 1831.046265,0.20784314,0.06666667,0,0.0,0.0,65539,0, 0)
captureUserWait ( 9 )
captureDispatchPointer( 1991680216000,1991725796000, 2, 681.369080, 1833.045288,0.20784314,0.06666667,0,0.0,0.0,65539,0, 0)
captureUserWait ( 9 )
captureDispatchPointer( 1991680216000,1991735172000, 2, 681.369080, 1835.044189,0.20784314,0.06666667,0,0.0,0.0,65539,0, 0)
captureUserWait ( 9 )
captureDispatchPointer( 1991680216000,1991744403000, 2, 681.369080, 1836.043701,0.20784314,0.06666667,0,0.0,0.0,65539,0, 0)
captureUserWait ( 9 )
captureDispatchPointer( 1991680216000,1991753705000, 2, 681.369080, 1837.043213,0.20784314,0.06666667,0,0.0,0.0,65539,0, 0)
captureUserWait ( 9 )
captureDispatchPointer( 1991680216000,1991762987000, 2, 681.369080, 1838.042603,0.20784314,0.06666667,0,0.0,0.0,65539,0, 0)
captureUserWait ( 9 )
captureDispatchPointer( 1991680216000,1991771991000, 1, 681.369080, 1838.042603,0.20784314,0.06666667,0,0.0,0.0,65539,0, 0)
captureUserWait ( 41 )
captureDispatchPointer( 1992113782000,1992113782000, 0, 872.192444, 1629.151489,0.20784314,0.06666667,0,0.0,0.0,65539,0, 0)
captureUserWait ( 35 )
captureDispatchPointer( 1992113782000,1992149164000, 1, 872.192444, 1629.151489,0.20784314,0.06666667,0,0.0,0.0,65539,0, 0)
captureUserWait ( 34 )
captureDispatchPointer( 1992383560000,1992383560000, 0, 279.740967, 1334.305054,0.20784314,0.06666667,0,0.0,0.0,65539,0, 0)
captureUserWait ( 36 )
captureDispatchPointer( 1992383560000,1992419977000, 2, 279.740967, 1334.305054,0.20784314,0.06666667,0,0.0,0.0,65539,0, 0)
captureUserWait ( 9 )
captureDispatchPointer( 1992383560000,1992429265000, 2, 279.740967, 1334.305054,0.20784314,0.06666667,0,0.0,0.0,65539,0, 0)
captureUserWait ( 8 )
captureDispatchPointer( 1992383560000,1992437611000, 1, 279.740967, 1334.305054,0.20784314,0.06666667,0,0.0,0.0,65539,0, 0)
captureUserWait ( 69 )
captureDispatchPointer( 1993306849000,1993306849000, 0, 772.284912, 794.586121,0.20784314,0.06666667,0,0.0,0.0,65539,0, 0)
captureUserWait ( 17 )
captureDispatchPointer( 1993306849000,1993324466000, 2, 772.284912, 794.586121,0.20784314,0.06666667,0,0.0,0.0,65539,0, 0)
captureUserWait ( 27 )
captureDispatchPointer( 1993306849000,1993352363000, 2, 772.284912, 794.586121,0.20784314,0.06666667,0,0.0,0.0,65539,0, 0)
captureUserWait ( 9 )
captureDispatchPointer( 1993306849000,1993361679000, 2, 772.284912, 794.586121,0.20784314,0.06666667,0,0.0,0.0,65539,0, 0)
captureUserWait ( 8 )
captureDispatchPointer( 1993306849000,1993369833000, 1, 772.284912, 794.586121,0.20784314,0.06666667,0,0.0,0.0,65539,0, 0)
captureUserWait ( 472 )

compareScreenshot(2014-10-14_10-33-07.jpg, 0, 0, 1080, 1920, 0, 1.0, 10)
captureDispatchPointer( 1995441887000,1995441887000, 0, 813.247009, 1339.302368,0.20784314,0.06666667,0,0.0,0.0,65539,0, 0)
captureUserWait ( 34 )
captureDispatchPointer( 1995441887000,1995476039000, 2, 813.247009, 1339.302368,0.20784314,0.06666667,0,0.0,0.0,65539,0, 0)
captureUserWait ( 8 )
captureDispatchPointer( 1995441887000,1995484354000, 1, 813.247009, 1339.302368,0.20784314,0.06666667,0,0.0,0.0,65539,0, 0)
captureUserWait ( 9 )
captureDispatchPointer( 1996484040000,1996484040000, 0, 89.916748, 1852.035400,0.20784314,0.06666667,0,0.0,0.0,65539,0, 0)
captureUserWait ( 8 )
captureDispatchPointer( 1996484040000,1996492532000, 2, 89.916748, 1852.035400,0.20784314,0.06666667,0,0.0,0.0,65539,0, 0)
captureUserWait ( 9 )
captureDispatchPointer( 1996484040000,1996501764000, 2, 88.917671, 1852.035400,0.20784314,0.06666667,0,0.0,0.0,65539,0, 0)
captureUserWait ( 9 )
captureDispatchPointer( 1996484040000,1996511046000, 2, 87.918594, 1852.035400,0.20784314,0.06666667,0,0.0,0.0,65539,0, 0)
captureUserWait ( 9 )
captureDispatchPointer( 1996484040000,1996520342000, 2, 86.919518, 1852.035400,0.20784314,0.06666667,0,0.0,0.0,65539,0, 0)
captureUserWait ( 36 )
captureDispatchPointer( 1996484040000,1996556602000, 1, 86.919518, 1852.035400,0.20784314,0.06666667,0,0.0,0.0,65539,0, 0)
captureUserWait ( 40 )
captureDispatchPointer( 1997497034000,1997497034000, 0, 442.590210, 1649.140991,0.20784314,0.06666667,0,0.0,0.0,65539,0, 0)
captureUserWait ( 45 )
captureDispatchPointer( 1997497034000,1997542677000, 2, 443.589264, 1649.140991,0.20784314,0.06666667,0,0.0,0.0,65539,0, 0)
captureUserWait ( 8 )
captureDispatchPointer( 1997497034000,1997550799000, 1, 443.589264, 1649.140991,0.20784314,0.06666667,0,0.0,0.0,65539,0, 0)
captureUserWait ( 96 )
captureDispatchPointer( 1997747190000,1997747190000, 0, 88.917671, 1832.045776,0.20784314,0.06666667,0,0.0,0.0,65539,0, 0)
captureUserWait ( 9 )
captureDispatchPointer( 1997747190000,1997756491000, 2, 88.917671, 1832.045776,0.20784314,0.06666667,0,0.0,0.0,65539,0, 0)
captureUserWait ( 18 )
captureDispatchPointer( 1997747190000,1997775075000, 2, 89.916748, 1832.045776,0.20784314,0.06666667,0,0.0,0.0,65539,0, 0)
captureUserWait ( 18 )
captureDispatchPointer( 1997747190000,1997793736000, 2, 89.916748, 1832.045776,0.20784314,0.06666667,0,0.0,0.0,65539,0, 0)
captureUserWait ( 18 )
captureDispatchPointer( 1997747190000,1997812269000, 2, 89.916748, 1833.045288,0.20784314,0.06666667,0,0.0,0.0,65539,0, 0)
captureUserWait ( 9 )
captureDispatchPointer( 1997747190000,1997821576000, 2, 89.916748, 1836.043701,0.20784314,0.06666667,0,0.0,0.0,65539,0, 0)
captureUserWait ( 8 )
captureDispatchPointer( 1997747190000,1997829790000, 1, 89.916748, 1836.043701,0.20784314,0.06666667,0,0.0,0.0,65539,0, 0)
captureUserWait ( 19 )
captureDispatchPointer( 1998349122000,1998349122000, 0, 865.198914, 1682.123901,0.20784314,0.06666667,0,0.0,0.0,65539,0, 0)
captureUserWait ( 45 )
captureDispatchPointer( 1998349122000,1998394931000, 2, 865.198914, 1682.123901,0.20784314,0.06666667,0,0.0,0.0,65539,0, 0)
captureUserWait ( 8 )
captureDispatchPointer( 1998349122000,1998403090000, 1, 865.198914, 1682.123901,0.20784314,0.06666667,0,0.0,0.0,65539,0, 0)
captureUserWait ( 60 )
captureDispatchPointer( 1998763718000,1998763718000, 0, 676.373718, 1834.044678,0.20784314,0.06666667,0,0.0,0.0,65539,0, 0)
captureUserWait ( 18 )
captureDispatchPointer( 1998763718000,1998782214000, 2, 676.373718, 1834.044678,0.20784314,0.06666667,0,0.0,0.0,65539,0, 0)
captureUserWait ( 45 )
captureDispatchPointer( 1998763718000,1998827628000, 1, 676.373718, 1834.044678,0.20784314,0.06666667,0,0.0,0.0,65539,0, 0)
captureUserWait ( 33 )
captureDispatchPointer( 1999160814000,1999160814000, 0, 974.098083, 1520.208130,0.20784314,0.06666667,0,0.0,0.0,65539,0, 0)
captureUserWait ( 17 )
captureDispatchPointer( 1999160814000,1999178631000, 2, 974.098083, 1520.208130,0.20784314,0.06666667,0,0.0,0.0,65539,0, 0)
captureUserWait ( 18 )
captureDispatchPointer( 1999160814000,1999197234000, 2, 974.098083, 1520.208130,0.20784314,0.06666667,0,0.0,0.0,65539,0, 0)
captureUserWait ( 8 )
captureDispatchPointer( 1999160814000,1999205649000, 1, 974.098083, 1520.208130,0.20784314,0.06666667,0,0.0,0.0,65539,0, 0)
captureUserWait ( 29 )
captureDispatchPointer( 1999935064000,1999935064000, 0, 295.726196, 1329.307617,0.20784314,0.06666667,0,0.0,0.0,65539,0, 0)
captureUserWait ( 8 )
captureDispatchPointer( 1999935064000,1999943566000, 2, 295.726196, 1329.307617,0.20784314,0.06666667,0,0.0,0.0,65539,0, 0)
captureUserWait ( 37 )
captureDispatchPointer( 1999935064000,1999980818000, 2, 295.726196, 1329.307617,0.20784314,0.06666667,0,0.0,0.0,65539,0, 0)
captureUserWait ( 17 )
captureDispatchPointer( 1999935064000,1999998199000, 1, 295.726196, 1329.307617,0.20784314,0.06666667,0,0.0,0.0,65539,0, 0)
captureUserWait ( 61 )
captureDispatchPointer( 2000359340000,2000359340000, 0, 118.889915, 1522.207153,0.20784314,0.06666667,0,0.0,0.0,65539,0, 0)
captureUserWait ( 17 )
captureDispatchPointer( 2000359340000,2000377304000, 2, 118.889915, 1522.207153,0.20784314,0.06666667,0,0.0,0.0,65539,0, 0)
captureUserWait ( 9 )
captureDispatchPointer( 2000359340000,2000386563000, 2, 117.890839, 1522.207153,0.20784314,0.06666667,0,0.0,0.0,65539,0, 0)
captureUserWait ( 8 )
captureDispatchPointer( 2000359340000,2000394903000, 1, 117.890839, 1522.207153,0.20784314,0.06666667,0,0.0,0.0,65539,0, 0)
captureUserWait ( 99 )
captureDispatchPointer( 2001094740000,2001094740000, 0, 576.466248, 1660.135254,0.20784314,0.06666667,0,0.0,0.0,65539,0, 0)
captureUserWait ( 54 )
captureDispatchPointer( 2001094740000,2001149732000, 2, 576.466248, 1660.135254,0.20784314,0.06666667,0,0.0,0.0,65539,0, 0)
captureUserWait ( 8 )
captureDispatchPointer( 2001094740000,2001158027000, 1, 576.466248, 1660.135254,0.20784314,0.06666667,0,0.0,0.0,65539,0, 0)
captureUserWait ( 80 )
captureDispatchPointer( 2001438867000,2001438867000, 0, 793.265503, 1339.302368,0.20784314,0.06666667,0,0.0,0.0,65539,0, 0)
captureUserWait ( 45 )
captureDispatchPointer( 2001438867000,2001484607000, 2, 793.265503, 1339.302368,0.20784314,0.06666667,0,0.0,0.0,65539,0, 0)
captureUserWait ( 17 )
captureDispatchPointer( 2001438867000,2001502186000, 1, 793.265503, 1339.302368,0.20784314,0.06666667,0,0.0,0.0,65539,0, 0)
captureUserWait ( 80 )
captureDispatchPointer( 2001782667000,2001782667000, 0, 767.289551, 1668.131104,0.20784314,0.06666667,0,0.0,0.0,65539,0, 0)
captureUserWait ( 9 )
captureDispatchPointer( 2001782667000,2001791687000, 2, 767.289551, 1668.131104,0.20784314,0.06666667,0,0.0,0.0,65539,0, 0)
captureUserWait ( 9 )
captureDispatchPointer( 2001782667000,2001800940000, 2, 767.289551, 1669.130615,0.20784314,0.06666667,0,0.0,0.0,65539,0, 0)
captureUserWait ( 9 )
captureDispatchPointer( 2001782667000,2001810205000, 2, 767.289551, 1670.130127,0.20784314,0.06666667,0,0.0,0.0,65539,0, 0)
captureUserWait ( 9 )
captureDispatchPointer( 2001782667000,2001819585000, 2, 767.289551, 1671.129639,0.20784314,0.06666667,0,0.0,0.0,65539,0, 0)
captureUserWait ( 36 )
captureDispatchPointer( 2001782667000,2001855798000, 1, 767.289551, 1671.129639,0.20784314,0.06666667,0,0.0,0.0,65539,0, 0)
captureUserWait ( 79 )
captureDispatchPointer( 2002235168000,2002235168000, 0, 567.474548, 1499.219116,0.20784314,0.06666667,0,0.0,0.0,65539,0, 0)
captureUserWait ( 18 )
captureDispatchPointer( 2002235168000,2002253341000, 2, 567.474548, 1499.219116,0.20784314,0.06666667,0,0.0,0.0,65539,0, 0)
captureUserWait ( 27 )
captureDispatchPointer( 2002235168000,2002281223000, 2, 567.474548, 1499.219116,0.20784314,0.06666667,0,0.0,0.0,65539,0, 0)
captureUserWait ( 26 )
captureDispatchPointer( 2002235168000,2002308059000, 1, 567.474548, 1499.219116,0.20784314,0.06666667,0,0.0,0.0,65539,0, 0)
captureUserWait ( 70 )
captureDispatchPointer( 2002678283000,2002678283000, 0, 634.412598, 1838.042603,0.20784314,0.06666667,0,0.0,0.0,65539,0, 0)
captureUserWait ( 8 )
captureDispatchPointer( 2002678283000,2002687271000, 2, 634.412598, 1838.042603,0.20784314,0.06666667,0,0.0,0.0,65539,0, 0)
captureUserWait ( 63 )
captureDispatchPointer( 2002678283000,2002750997000, 1, 634.412598, 1838.042603,0.20784314,0.06666667,0,0.0,0.0,65539,0, 0)
captureUserWait ( 43 )
captureDispatchPointer( 2003204954000,2003204954000, 0, 288.732666, 1313.315918,0.20784314,0.06666667,0,0.0,0.0,65539,0, 0)
captureUserWait ( 73 )
captureDispatchPointer( 2003204954000,2003278952000, 2, 288.732666, 1313.315918,0.20784314,0.06666667,0,0.0,0.0,65539,0, 0)
captureUserWait ( 8 )
captureDispatchPointer( 2003204954000,2003287083000, 1, 288.732666, 1313.315918,0.20784314,0.06666667,0,0.0,0.0,65539,0, 0)
captureUserWait ( 25 )
captureDispatchPointer( 2003582933000,2003582933000, 0, 86.919518, 1513.211792,0.20784314,0.06666667,0,0.0,0.0,65539,0, 0)
captureUserWait ( 36 )
captureDispatchPointer( 2003582933000,2003619425000, 2, 86.919518, 1513.211792,0.20784314,0.06666667,0,0.0,0.0,65539,0, 0)
captureUserWait ( 18 )
captureDispatchPointer( 2003582933000,2003638152000, 2, 86.919518, 1513.211792,0.20784314,0.06666667,0,0.0,0.0,65539,0, 0)
captureUserWait ( 7 )
captureDispatchPointer( 2003582933000,2003646109000, 1, 86.919518, 1513.211792,0.20784314,0.06666667,0,0.0,0.0,65539,0, 0)
captureUserWait ( 22 )
captureDispatchPointer( 2003899017000,2003899017000, 0, 374.653107, 1332.306030,0.20784314,0.06666667,0,0.0,0.0,65539,0, 0)
captureUserWait ( 17 )
captureDispatchPointer( 2003899017000,2003916984000, 2, 374.653107, 1332.306030,0.20784314,0.06666667,0,0.0,0.0,65539,0, 0)
captureUserWait ( 9 )
captureDispatchPointer( 2003899017000,2003926381000, 2, 373.654022, 1332.306030,0.20784314,0.06666667,0,0.0,0.0,65539,0, 0)
captureUserWait ( 9 )
captureDispatchPointer( 2003899017000,2003935679000, 2, 372.654938, 1332.306030,0.20784314,0.06666667,0,0.0,0.0,65539,0, 0)
captureUserWait ( 9 )
captureDispatchPointer( 2003899017000,2003945059000, 2, 371.655884, 1331.306519,0.20784314,0.06666667,0,0.0,0.0,65539,0, 0)
captureUserWait ( 9 )
captureDispatchPointer( 2003899017000,2003954262000, 2, 371.655884, 1330.307129,0.20784314,0.06666667,0,0.0,0.0,65539,0, 0)
captureUserWait ( 9 )
captureDispatchPointer( 2003899017000,2003963633000, 2, 371.655884, 1329.307617,0.20784314,0.06666667,0,0.0,0.0,65539,0, 0)
captureUserWait ( 9 )
captureDispatchPointer( 2003899017000,2003972918000, 2, 371.655884, 1328.308105,0.20784314,0.06666667,0,0.0,0.0,65539,0, 0)
captureUserWait ( 9 )
captureDispatchPointer( 2003899017000,2003982153000, 2, 372.654938, 1327.308716,0.20784314,0.06666667,0,0.0,0.0,65539,0, 0)
captureUserWait ( 8 )
captureDispatchPointer( 2003899017000,2003990517000, 1, 372.654938, 1327.308716,0.20784314,0.06666667,0,0.0,0.0,65539,0, 0)
captureUserWait ( 46 )
captureDispatchPointer( 2004397320000,2004397320000, 0, 959.111938, 1485.226440,0.20784314,0.06666667,0,0.0,0.0,65539,0, 0)
captureUserWait ( 28 )
captureDispatchPointer( 2004397320000,2004425733000, 2, 960.111023, 1485.226440,0.20784314,0.06666667,0,0.0,0.0,65539,0, 0)
captureUserWait ( 8 )
captureDispatchPointer( 2004397320000,2004434587000, 2, 961.110107, 1485.226440,0.20784314,0.06666667,0,0.0,0.0,65539,0, 0)
captureUserWait ( 9 )
captureDispatchPointer( 2004397320000,2004443781000, 2, 962.109192, 1485.226440,0.20784314,0.06666667,0,0.0,0.0,65539,0, 0)
captureUserWait ( 9 )
captureDispatchPointer( 2004397320000,2004453085000, 2, 963.108215, 1485.226440,0.20784314,0.06666667,0,0.0,0.0,65539,0, 0)
captureUserWait ( 8 )
captureDispatchPointer( 2004397320000,2004461388000, 1, 963.108215, 1485.226440,0.20784314,0.06666667,0,0.0,0.0,65539,0, 0)
captureUserWait ( 33 )
captureDispatchPointer( 2004794607000,2004794607000, 0, 620.425537, 1318.313354,0.20784314,0.06666667,0,0.0,0.0,65539,0, 0)
captureUserWait ( 8 )
captureDispatchPointer( 2004794607000,2004803125000, 2, 619.426453, 1318.313354,0.20784314,0.06666667,0,0.0,0.0,65539,0, 0)
captureUserWait ( 9 )
captureDispatchPointer( 2004794607000,2004812440000, 2, 618.427368, 1318.313354,0.20784314,0.06666667,0,0.0,0.0,65539,0, 0)
captureUserWait ( 9 )
captureDispatchPointer( 2004794607000,2004821669000, 2, 617.428284, 1318.313354,0.20784314,0.06666667,0,0.0,0.0,65539,0, 0)
captureUserWait ( 9 )
captureDispatchPointer( 2004794607000,2004831135000, 2, 616.429260, 1318.313354,0.20784314,0.06666667,0,0.0,0.0,65539,0, 0)
captureUserWait ( 36 )
captureDispatchPointer( 2004794607000,2004867252000, 1, 616.429260, 1318.313354,0.20784314,0.06666667,0,0.0,0.0,65539,0, 0)
captureUserWait ( 41 )
captureDispatchPointer( 2005349189000,2005349189000, 0, 642.405212, 1877.022339,0.20784314,0.06666667,0,0.0,0.0,65539,0, 0)
captureUserWait ( 8 )
captureDispatchPointer( 2005349189000,2005357997000, 2, 642.405212, 1877.022339,0.20784314,0.06666667,0,0.0,0.0,65539,0, 0)
captureUserWait ( 55 )
captureDispatchPointer( 2005349189000,2005413502000, 2, 642.405212, 1877.022339,0.20784314,0.06666667,0,0.0,0.0,65539,0, 0)
captureUserWait ( 9 )
captureDispatchPointer( 2005349189000,2005422739000, 2, 642.405212, 1877.022339,0.20784314,0.06666667,0,0.0,0.0,65539,0, 0)
captureUserWait ( 8 )
captureDispatchPointer( 2005349189000,2005430926000, 1, 642.405212, 1877.022339,0.20784314,0.06666667,0,0.0,0.0,65539,0, 0)
captureUserWait ( 83 )
captureDispatchPointer( 2006284731000,2006284731000, 0, 491.544861, 1337.303467,0.20784314,0.06666667,0,0.0,0.0,65539,0, 0)
captureUserWait ( 8 )
captureDispatchPointer( 2006284731000,2006293090000, 2, 491.544861, 1337.303467,0.20784314,0.06666667,0,0.0,0.0,65539,0, 0)
captureUserWait ( 27 )
captureDispatchPointer( 2006284731000,2006320920000, 2, 491.544861, 1336.303955,0.20784314,0.06666667,0,0.0,0.0,65539,0, 0)
captureUserWait ( 27 )
captureDispatchPointer( 2006284731000,2006348909000, 2, 491.544861, 1336.303955,0.20784314,0.06666667,0,0.0,0.0,65539,0, 0)
captureUserWait ( 18 )
captureDispatchPointer( 2006284731000,2006367339000, 2, 491.544861, 1336.303955,0.20784314,0.06666667,0,0.0,0.0,65539,0, 0)
captureUserWait ( 8 )
captureDispatchPointer( 2006284731000,2006375531000, 1, 491.544861, 1336.303955,0.20784314,0.06666667,0,0.0,0.0,65539,0, 0)
captureUserWait ( 75 )
captureDispatchPointer( 2006451144000,2006451144000, 0, 904.162842, 1334.305054,0.20784314,0.06666667,0,0.0,0.0,65539,0, 0)
captureUserWait ( 37 )
captureDispatchPointer( 2006451144000,2006488388000, 2, 904.162842, 1334.305054,0.20784314,0.06666667,0,0.0,0.0,65539,0, 0)
captureUserWait ( 17 )
captureDispatchPointer( 2006451144000,2006505972000, 1, 904.162842, 1334.305054,0.20784314,0.06666667,0,0.0,0.0,65539,0, 0)
captureUserWait ( 34 )
captureDispatchPointer( 2006810408000,2006810408000, 0, 313.709534, 1521.207642,0.20784314,0.06666667,0,0.0,0.0,65539,0, 0)
captureUserWait ( 46 )
captureDispatchPointer( 2006810408000,2006857103000, 2, 313.709534, 1521.207642,0.20784314,0.06666667,0,0.0,0.0,65539,0, 0)
captureUserWait ( 9 )
captureDispatchPointer( 2006810408000,2006866154000, 2, 313.709534, 1521.207642,0.20784314,0.06666667,0,0.0,0.0,65539,0, 0)
captureUserWait ( 8 )
captureDispatchPointer( 2006810408000,2006874311000, 1, 313.709534, 1521.207642,0.20784314,0.06666667,0,0.0,0.0,65539,0, 0)
captureUserWait ( 31 )
captureDispatchPointer( 2007226108000,2007226108000, 0, 109.898239, 1491.223267,0.20784314,0.06666667,0,0.0,0.0,65539,0, 0)
captureUserWait ( 8 )
captureDispatchPointer( 2007226108000,2007234887000, 2, 109.898239, 1491.223267,0.20784314,0.06666667,0,0.0,0.0,65539,0, 0)
captureUserWait ( 9 )
captureDispatchPointer( 2007226108000,2007244200000, 2, 109.898239, 1491.223267,0.20784314,0.06666667,0,0.0,0.0,65539,0, 0)
captureUserWait ( 9 )
captureDispatchPointer( 2007226108000,2007253487000, 2, 109.898239, 1492.222778,0.20784314,0.06666667,0,0.0,0.0,65539,0, 0)
captureUserWait ( 9 )
captureDispatchPointer( 2007226108000,2007262788000, 2, 109.898239, 1494.221680,0.20784314,0.06666667,0,0.0,0.0,65539,0, 0)
captureUserWait ( 9 )
captureDispatchPointer( 2007226108000,2007272296000, 2, 109.898239, 1497.220215,0.20784314,0.06666667,0,0.0,0.0,65539,0, 0)
captureUserWait ( 9 )
captureDispatchPointer( 2007226108000,2007281419000, 2, 109.898239, 1500.218628,0.20784314,0.06666667,0,0.0,0.0,65539,0, 0)
captureUserWait ( 9 )
captureDispatchPointer( 2007226108000,2007290692000, 2, 109.898239, 1503.217041,0.20784314,0.06666667,0,0.0,0.0,65539,0, 0)
captureUserWait ( 8 )
captureDispatchPointer( 2007226108000,2007298947000, 1, 109.898239, 1503.217041,0.20784314,0.06666667,0,0.0,0.0,65539,0, 0)
captureUserWait ( 32 )
captureDispatchPointer( 2007641586000,2007641586000, 0, 621.424622, 1332.306030,0.20784314,0.06666667,0,0.0,0.0,65539,0, 0)
captureUserWait ( 17 )
captureDispatchPointer( 2007641586000,2007659213000, 2, 621.424622, 1332.306030,0.20784314,0.06666667,0,0.0,0.0,65539,0, 0)
captureUserWait ( 27 )
captureDispatchPointer( 2007641586000,2007687109000, 2, 621.424622, 1332.306030,0.20784314,0.06666667,0,0.0,0.0,65539,0, 0)
captureUserWait ( 9 )
captureDispatchPointer( 2007641586000,2007696486000, 2, 621.424622, 1332.306030,0.20784314,0.06666667,0,0.0,0.0,65539,0, 0)
captureUserWait ( 8 )
captureDispatchPointer( 2007641586000,2007704594000, 1, 621.424622, 1332.306030,0.20784314,0.06666667,0,0.0,0.0,65539,0, 0)
captureUserWait ( 83 )
captureDispatchPointer( 2008508576000,2008508576000, 0, 657.391296, 1820.052002,0.20784314,0.06666667,0,0.0,0.0,65539,0, 0)
captureUserWait ( 9 )
captureDispatchPointer( 2008508576000,2008517686000, 2, 657.391296, 1821.051514,0.20784314,0.06666667,0,0.0,0.0,65539,0, 0)
captureUserWait ( 8 )
captureDispatchPointer( 2008508576000,2008526605000, 2, 657.391296, 1822.051025,0.20784314,0.06666667,0,0.0,0.0,65539,0, 0)
captureUserWait ( 9 )
captureDispatchPointer( 2008508576000,2008535915000, 2, 657.391296, 1823.050415,0.20784314,0.06666667,0,0.0,0.0,65539,0, 0)
captureUserWait ( 18 )
captureDispatchPointer( 2008508576000,2008554494000, 2, 657.391296, 1823.050415,0.20784314,0.06666667,0,0.0,0.0,65539,0, 0)
captureUserWait ( 17 )
captureDispatchPointer( 2008508576000,2008572075000, 1, 657.391296, 1823.050415,0.20784314,0.06666667,0,0.0,0.0,65539,0, 0)
captureUserWait ( 56 )
captureDispatchPointer( 2009528962000,2009528962000, 0, 111.896393, 1506.215454,0.20784314,0.06666667,0,0.0,0.0,65539,0, 0)
captureUserWait ( 26 )
captureDispatchPointer( 2009528962000,2009555925000, 2, 111.896393, 1506.215454,0.20784314,0.06666667,0,0.0,0.0,65539,0, 0)
captureUserWait ( 18 )
captureDispatchPointer( 2009528962000,2009574543000, 2, 111.896393, 1507.214966,0.20784314,0.06666667,0,0.0,0.0,65539,0, 0)
captureUserWait ( 9 )
captureDispatchPointer( 2009528962000,2009583879000, 2, 111.896393, 1508.214478,0.20784314,0.06666667,0,0.0,0.0,65539,0, 0)
captureUserWait ( 9 )
captureDispatchPointer( 2009528962000,2009593198000, 2, 111.896393, 1509.213867,0.20784314,0.06666667,0,0.0,0.0,65539,0, 0)
captureUserWait ( 9 )
captureDispatchPointer( 2009528962000,2009602511000, 2, 111.896393, 1510.213379,0.20784314,0.06666667,0,0.0,0.0,65539,0, 0)
captureUserWait ( 17 )
captureDispatchPointer( 2009528962000,2009620074000, 1, 111.896393, 1510.213379,0.20784314,0.06666667,0,0.0,0.0,65539,0, 0)
captureUserWait ( 12 )
captureDispatchPointer( 2009742254000,2009742254000, 0, 774.283081, 1687.121216,0.20784314,0.06666667,0,0.0,0.0,65539,0, 0)
captureUserWait ( 54 )
captureDispatchPointer( 2009742254000,2009796842000, 1, 774.283081, 1687.121216,0.20784314,0.06666667,0,0.0,0.0,65539,0, 0)
captureUserWait ( 34 )
captureDispatchPointer( 2010101309000,2010101309000, 0, 303.718781, 1496.220703,0.20784314,0.06666667,0,0.0,0.0,65539,0, 0)
captureUserWait ( 18 )
captureDispatchPointer( 2010101309000,2010119980000, 2, 303.718781, 1496.220703,0.20784314,0.06666667,0,0.0,0.0,65539,0, 0)
captureUserWait ( 18 )
captureDispatchPointer( 2010101309000,2010138456000, 2, 303.718781, 1496.220703,0.20784314,0.06666667,0,0.0,0.0,65539,0, 0)
captureUserWait ( 37 )
captureDispatchPointer( 2010101309000,2010175591000, 2, 303.718781, 1496.220703,0.20784314,0.06666667,0,0.0,0.0,65539,0, 0)
captureUserWait ( 9 )
captureDispatchPointer( 2010101309000,2010184841000, 2, 303.718781, 1496.220703,0.20784314,0.06666667,0,0.0,0.0,65539,0, 0)
captureUserWait ( 8 )
captureDispatchPointer( 2010101309000,2010192989000, 1, 303.718781, 1496.220703,0.20784314,0.06666667,0,0.0,0.0,65539,0, 0)
captureUserWait ( 565 )

compareScreenshot(2014-10-14_10-33-23.jpg, 0, 0, 1080, 1920, 0, 1.0, 10)
captureDispatchPointer( 2011758209000,2011758209000, 0, 663.385742, 1825.049438,0.20784314,0.06666667,0,0.0,0.0,65539,0, 0)
captureUserWait ( 25 )
captureDispatchPointer( 2011758209000,2011783311000, 2, 663.385742, 1826.048828,0.20784314,0.06666667,0,0.0,0.0,65539,0, 0)
captureUserWait ( 27 )
captureDispatchPointer( 2011758209000,2011811172000, 2, 663.385742, 1826.048828,0.20784314,0.06666667,0,0.0,0.0,65539,0, 0)
captureUserWait ( 8 )
captureDispatchPointer( 2011758209000,2011819497000, 1, 663.385742, 1826.048828,0.20784314,0.06666667,0,0.0,0.0,65539,0, 0)
captureUserWait ( 445 )

compareScreenshot(2014-10-14_10-33-27.jpg, 0, 0, 1080, 1920, 0, 1.0, 10)
captureDispatchPointer( 2015064688000,2015064688000, 0, 408.621643, 1338.302979,0.20784314,0.06666667,0,0.0,0.0,65539,0, 0)
captureUserWait ( 8 )
captureDispatchPointer( 2015064688000,2015072801000, 2, 408.621643, 1338.302979,0.20784314,0.06666667,0,0.0,0.0,65539,0, 0)
captureUserWait ( 45 )
captureDispatchPointer( 2015064688000,2015118360000, 1, 408.621643, 1338.302979,0.20784314,0.06666667,0,0.0,0.0,65539,0, 0)
captureUserWait ( 23 )
captureDispatchPointer( 2015441848000,2015441848000, 0, 305.716919, 1335.304443,0.20784314,0.06666667,0,0.0,0.0,65539,0, 0)
captureUserWait ( 45 )
captureDispatchPointer( 2015441848000,2015487583000, 1, 305.716919, 1335.304443,0.20784314,0.06666667,0,0.0,0.0,65539,0, 0)
captureUserWait ( 25 )
captureDispatchPointer( 2015783008000,2015783008000, 0, 97.909348, 1478.230103,0.20784314,0.06666667,0,0.0,0.0,65539,0, 0)
captureUserWait ( 8 )
captureDispatchPointer( 2015783008000,2015791460000, 2, 97.909348, 1478.230103,0.20784314,0.06666667,0,0.0,0.0,65539,0, 0)
captureUserWait ( 18 )
captureDispatchPointer( 2015783008000,2015810114000, 2, 97.909348, 1478.230103,0.20784314,0.06666667,0,0.0,0.0,65539,0, 0)
captureUserWait ( 9 )
captureDispatchPointer( 2015783008000,2015819554000, 2, 97.909348, 1479.229492,0.20784314,0.06666667,0,0.0,0.0,65539,0, 0)
captureUserWait ( 9 )
captureDispatchPointer( 2015783008000,2015828714000, 2, 97.909348, 1480.229004,0.20784314,0.06666667,0,0.0,0.0,65539,0, 0)
captureUserWait ( 9 )
captureDispatchPointer( 2015783008000,2015838025000, 2, 97.909348, 1482.228027,0.20784314,0.06666667,0,0.0,0.0,65539,0, 0)
captureUserWait ( 8 )
captureDispatchPointer( 2015783008000,2015846303000, 1, 97.909348, 1482.228027,0.20784314,0.06666667,0,0.0,0.0,65539,0, 0)
captureUserWait ( 18 )
captureDispatchPointer( 2016464509000,2016464509000, 0, 400.629059, 1685.122314,0.20784314,0.06666667,0,0.0,0.0,65539,0, 0)
captureUserWait ( 8 )
captureDispatchPointer( 2016464509000,2016472986000, 2, 400.629059, 1685.122314,0.20784314,0.06666667,0,0.0,0.0,65539,0, 0)
captureUserWait ( 8 )
captureDispatchPointer( 2016464509000,2016481180000, 1, 400.629059, 1685.122314,0.20784314,0.06666667,0,0.0,0.0,65539,0, 0)
captureUserWait ( 23 )
captureDispatchPointer( 2016724386000,2016724386000, 0, 659.389465, 1515.210815,0.20784314,0.06666667,0,0.0,0.0,65539,0, 0)
captureUserWait ( 46 )
captureDispatchPointer( 2016724386000,2016771117000, 2, 659.389465, 1515.210815,0.20784314,0.06666667,0,0.0,0.0,65539,0, 0)
captureUserWait ( 7 )
captureDispatchPointer( 2016724386000,2016779100000, 1, 659.389465, 1515.210815,0.20784314,0.06666667,0,0.0,0.0,65539,0, 0)
captureUserWait ( 28 )
captureDispatchPointer( 2017059621000,2017059621000, 0, 808.251648, 1348.297729,0.20784314,0.06666667,0,0.0,0.0,65539,0, 0)
captureUserWait ( 63 )
captureDispatchPointer( 2017059621000,2017123246000, 1, 808.251648, 1348.297729,0.20784314,0.06666667,0,0.0,0.0,65539,0, 0)
captureUserWait ( 31 )
captureDispatchPointer( 2017437397000,2017437397000, 0, 765.291382, 1658.136353,0.20784314,0.06666667,0,0.0,0.0,65539,0, 0)
captureUserWait ( 63 )
captureDispatchPointer( 2017437397000,2017501059000, 1, 765.291382, 1658.136353,0.20784314,0.06666667,0,0.0,0.0,65539,0, 0)
captureUserWait ( 31 )
captureDispatchPointer( 2017814876000,2017814876000, 0, 548.492126, 1516.210327,0.20784314,0.06666667,0,0.0,0.0,65539,0, 0)
captureUserWait ( 18 )
captureDispatchPointer( 2017814876000,2017833723000, 2, 548.492126, 1516.210327,0.20784314,0.06666667,0,0.0,0.0,65539,0, 0)
captureUserWait ( 27 )
captureDispatchPointer( 2017814876000,2017861254000, 2, 548.492126, 1516.210327,0.20784314,0.06666667,0,0.0,0.0,65539,0, 0)
captureUserWait ( 18 )
captureDispatchPointer( 2017814876000,2017879850000, 2, 549.491211, 1516.210327,0.20784314,0.06666667,0,0.0,0.0,65539,0, 0)
captureUserWait ( 8 )
captureDispatchPointer( 2017814876000,2017888214000, 1, 549.491211, 1516.210327,0.20784314,0.06666667,0,0.0,0.0,65539,0, 0)
captureUserWait ( 33 )
captureDispatchPointer( 2018220991000,2018220991000, 0, 633.413513, 1833.045288,0.20784314,0.06666667,0,0.0,0.0,65539,0, 0)
captureUserWait ( 46 )
captureDispatchPointer( 2018220991000,2018267063000, 2, 633.413513, 1833.045288,0.20784314,0.06666667,0,0.0,0.0,65539,0, 0)
captureUserWait ( 9 )
captureDispatchPointer( 2018220991000,2018276399000, 2, 633.413513, 1833.045288,0.20784314,0.06666667,0,0.0,0.0,65539,0, 0)
captureUserWait ( 8 )
captureDispatchPointer( 2018220991000,2018284559000, 1, 633.413513, 1833.045288,0.20784314,0.06666667,0,0.0,0.0,65539,0, 0)
captureUserWait ( 531 )

compareScreenshot(2014-10-14_10-33-34.jpg, 0, 0, 1080, 1920, 0, 1.0, 10)
captureDispatchPointer( 2022515678000,2022515678000, 0, 508.529144, 1319.312866,0.20784314,0.06666667,0,0.0,0.0,65539,0, 0)
captureUserWait ( 26 )
captureDispatchPointer( 2022515678000,2022541912000, 2, 509.528229, 1319.312866,0.20784314,0.06666667,0,0.0,0.0,65539,0, 0)
captureUserWait ( 9 )
captureDispatchPointer( 2022515678000,2022551223000, 2, 510.527283, 1319.312866,0.20784314,0.06666667,0,0.0,0.0,65539,0, 0)
captureUserWait ( 9 )
captureDispatchPointer( 2022515678000,2022560483000, 2, 512.525452, 1319.312866,0.20784314,0.06666667,0,0.0,0.0,65539,0, 0)
captureUserWait ( 8 )
captureDispatchPointer( 2022515678000,2022568892000, 1, 512.525452, 1319.312866,0.20784314,0.06666667,0,0.0,0.0,65539,0, 0)
captureUserWait ( 426 )
captureDispatchPointer( 2022995244000,2022995244000, 0, 654.394104, 1520.208130,0.20784314,0.06666667,0,0.0,0.0,65539,0, 0)
captureUserWait ( 54 )
captureDispatchPointer( 2022995244000,2023050148000, 1, 654.394104, 1520.208130,0.20784314,0.06666667,0,0.0,0.0,65539,0, 0)
captureUserWait ( 43 )
captureDispatchPointer( 2023503274000,2023503274000, 0, 270.749298, 1376.283203,0.20784314,0.06666667,0,0.0,0.0,65539,0, 0)
captureUserWait ( 8 )
captureDispatchPointer( 2023503274000,2023511807000, 2, 270.749298, 1376.283203,0.20784314,0.06666667,0,0.0,0.0,65539,0, 0)
captureUserWait ( 46 )
captureDispatchPointer( 2023503274000,2023558342000, 2, 270.749298, 1376.283203,0.20784314,0.06666667,0,0.0,0.0,65539,0, 0)
captureUserWait ( 8 )
captureDispatchPointer( 2023503274000,2023566633000, 1, 270.749298, 1376.283203,0.20784314,0.06666667,0,0.0,0.0,65539,0, 0)
captureUserWait ( 34 )
captureDispatchPointer( 2023880739000,2023880739000, 0, 402.627197, 1386.277954,0.20784314,0.06666667,0,0.0,0.0,65539,0, 0)
captureUserWait ( 36 )
captureDispatchPointer( 2023880739000,2023917482000, 2, 402.627197, 1385.278442,0.20784314,0.06666667,0,0.0,0.0,65539,0, 0)
captureUserWait ( 9 )
captureDispatchPointer( 2023880739000,2023926799000, 2, 402.627197, 1384.278931,0.20784314,0.06666667,0,0.0,0.0,65539,0, 0)
captureUserWait ( 37 )
captureDispatchPointer( 2023880739000,2023963976000, 2, 402.627197, 1384.278931,0.20784314,0.06666667,0,0.0,0.0,65539,0, 0)
captureUserWait ( 8 )
captureDispatchPointer( 2023880739000,2023972169000, 1, 402.627197, 1384.278931,0.20784314,0.06666667,0,0.0,0.0,65539,0, 0)
captureUserWait ( 534 )

compareScreenshot(2014-10-14_10-33-37.jpg, 0, 0, 1080, 1920, 0, 1.0, 10)
captureDispatchPointer( 2025206333000,2025206333000, 0, 263.755798, 1360.291504,0.20784314,0.06666667,0,0.0,0.0,65539,0, 0)
captureUserWait ( 54 )
captureDispatchPointer( 2025206333000,2025261014000, 2, 263.755798, 1360.291504,0.20784314,0.06666667,0,0.0,0.0,65539,0, 0)
captureUserWait ( 9 )
captureDispatchPointer( 2025206333000,2025270319000, 2, 263.755798, 1360.291504,0.20784314,0.06666667,0,0.0,0.0,65539,0, 0)
captureUserWait ( 8 )
captureDispatchPointer( 2025206333000,2025278620000, 1, 263.755798, 1360.291504,0.20784314,0.06666667,0,0.0,0.0,65539,0, 0)
captureUserWait ( 67 )
captureDispatchPointer( 2025896480000,2025896480000, 0, 702.349670, 1838.042603,0.20784314,0.06666667,0,0.0,0.0,65539,0, 0)
captureUserWait ( 8 )
captureDispatchPointer( 2025896480000,2025905020000, 2, 702.349670, 1838.042603,0.20784314,0.06666667,0,0.0,0.0,65539,0, 0)
captureUserWait ( 8 )
captureDispatchPointer( 2025896480000,2025913163000, 1, 702.349670, 1838.042603,0.20784314,0.06666667,0,0.0,0.0,65539,0, 0)
captureUserWait ( 34 )
captureDispatchPointer( 2026227908000,2026227908000, 0, 93.913040, 1494.221680,0.20784314,0.06666667,0,0.0,0.0,65539,0, 0)
captureUserWait ( 36 )
captureDispatchPointer( 2026227908000,2026264328000, 2, 93.913040, 1494.221680,0.20784314,0.06666667,0,0.0,0.0,65539,0, 0)
captureUserWait ( 9 )
captureDispatchPointer( 2026227908000,2026273636000, 2, 93.913040, 1494.221680,0.20784314,0.06666667,0,0.0,0.0,65539,0, 0)
captureUserWait ( 8 )
captureDispatchPointer( 2026227908000,2026281957000, 1, 93.913040, 1494.221680,0.20784314,0.06666667,0,0.0,0.0,65539,0, 0)
captureUserWait ( 38 )
captureDispatchPointer( 2026680254000,2026680254000, 0, 653.395020, 1656.137329,0.20784314,0.06666667,0,0.0,0.0,65539,0, 0)
captureUserWait ( 53 )
captureDispatchPointer( 2026680254000,2026734066000, 1, 653.395020, 1656.137329,0.20784314,0.06666667,0,0.0,0.0,65539,0, 0)
captureUserWait ( 34 )
captureDispatchPointer( 2027048492000,2027048492000, 0, 908.159119, 1333.305542,0.20784314,0.06666667,0,0.0,0.0,65539,0, 0)
captureUserWait ( 55 )
captureDispatchPointer( 2027048492000,2027103615000, 2, 908.159119, 1333.305542,0.20784314,0.06666667,0,0.0,0.0,65539,0, 0)
captureUserWait ( 8 )
captureDispatchPointer( 2027048492000,2027112088000, 1, 908.159119, 1333.305542,0.20784314,0.06666667,0,0.0,0.0,65539,0, 0)
captureUserWait ( 55 )
captureDispatchPointer( 2027668576000,2027668576000, 0, 720.333008, 1334.305054,0.20784314,0.06666667,0,0.0,0.0,65539,0, 0)
captureUserWait ( 8 )
captureDispatchPointer( 2027668576000,2027677123000, 2, 720.333008, 1334.305054,0.20784314,0.06666667,0,0.0,0.0,65539,0, 0)
captureUserWait ( 9 )
captureDispatchPointer( 2027668576000,2027686407000, 2, 720.333008, 1334.305054,0.20784314,0.06666667,0,0.0,0.0,65539,0, 0)
captureUserWait ( 18 )
captureDispatchPointer( 2027668576000,2027704771000, 2, 720.333008, 1334.305054,0.20784314,0.06666667,0,0.0,0.0,65539,0, 0)
captureUserWait ( 8 )
captureDispatchPointer( 2027668576000,2027712932000, 1, 720.333008, 1334.305054,0.20784314,0.06666667,0,0.0,0.0,65539,0, 0)
captureUserWait ( 47 )
captureDispatchPointer( 2028120629000,2028120629000, 0, 500.536530, 1334.305054,0.20784314,0.06666667,0,0.0,0.0,65539,0, 0)
captureUserWait ( 27 )
captureDispatchPointer( 2028120629000,2028147840000, 2, 500.536530, 1334.305054,0.20784314,0.06666667,0,0.0,0.0,65539,0, 0)
captureUserWait ( 8 )
captureDispatchPointer( 2028120629000,2028156068000, 1, 500.536530, 1334.305054,0.20784314,0.06666667,0,0.0,0.0,65539,0, 0)
captureUserWait ( 66 )
captureDispatchPointer( 2028802411000,2028802411000, 0, 598.445862, 1832.045776,0.20784314,0.06666667,0,0.0,0.0,65539,0, 0)
captureUserWait ( 27 )
captureDispatchPointer( 2028802411000,2028829470000, 2, 598.445862, 1832.045776,0.20784314,0.06666667,0,0.0,0.0,65539,0, 0)
captureUserWait ( 27 )
captureDispatchPointer( 2028802411000,2028857312000, 2, 598.445862, 1832.045776,0.20784314,0.06666667,0,0.0,0.0,65539,0, 0)
captureUserWait ( 8 )
captureDispatchPointer( 2028802411000,2028865489000, 1, 598.445862, 1832.045776,0.20784314,0.06666667,0,0.0,0.0,65539,0, 0)
captureUserWait ( 47 )
captureDispatchPointer( 2029273040000,2029273040000, 0, 106.901016, 1863.029663,0.20784314,0.06666667,0,0.0,0.0,65539,0, 0)
captureUserWait ( 8 )
captureDispatchPointer( 2029273040000,2029281712000, 2, 106.901016, 1863.029663,0.20784314,0.06666667,0,0.0,0.0,65539,0, 0)
captureUserWait ( 9 )
captureDispatchPointer( 2029273040000,2029291011000, 2, 106.901016, 1863.029663,0.20784314,0.06666667,0,0.0,0.0,65539,0, 0)
captureUserWait ( 9 )
captureDispatchPointer( 2029273040000,2029300312000, 2, 106.901016, 1863.029663,0.20784314,0.06666667,0,0.0,0.0,65539,0, 0)
captureUserWait ( 9 )
captureDispatchPointer( 2029273040000,2029309647000, 2, 106.901016, 1862.030151,0.20784314,0.06666667,0,0.0,0.0,65539,0, 0)
captureUserWait ( 9 )
captureDispatchPointer( 2029273040000,2029319373000, 2, 106.901016, 1861.030640,0.20784314,0.06666667,0,0.0,0.0,65539,0, 0)
captureUserWait ( 18 )
captureDispatchPointer( 2029273040000,2029337505000, 2, 106.901016, 1861.030640,0.20784314,0.06666667,0,0.0,0.0,65539,0, 0)
captureUserWait ( 8 )
captureDispatchPointer( 2029273040000,2029345697000, 1, 106.901016, 1861.030640,0.20784314,0.06666667,0,0.0,0.0,65539,0, 0)
captureUserWait ( 49 )
captureDispatchPointer( 2030295518000,2030295518000, 0, 603.441284, 1328.308105,0.20784314,0.06666667,0,0.0,0.0,65539,0, 0)
captureUserWait ( 8 )
captureDispatchPointer( 2030295518000,2030303927000, 2, 603.441284, 1328.308105,0.20784314,0.06666667,0,0.0,0.0,65539,0, 0)
captureUserWait ( 18 )
captureDispatchPointer( 2030295518000,2030322459000, 2, 603.441284, 1328.308105,0.20784314,0.06666667,0,0.0,0.0,65539,0, 0)
captureUserWait ( 9 )
captureDispatchPointer( 2030295518000,2030331922000, 2, 603.441284, 1328.308105,0.20784314,0.06666667,0,0.0,0.0,65539,0, 0)
captureUserWait ( 8 )
captureDispatchPointer( 2030295518000,2030339927000, 1, 603.441284, 1328.308105,0.20784314,0.06666667,0,0.0,0.0,65539,0, 0)
captureUserWait ( 21 )
captureDispatchPointer( 2031261730000,2031261730000, 0, 876.188721, 1832.045776,0.20784314,0.06666667,0,0.0,0.0,65539,0, 0)
captureUserWait ( 36 )
captureDispatchPointer( 2031261730000,2031298007000, 2, 876.188721, 1832.045776,0.20784314,0.06666667,0,0.0,0.0,65539,0, 0)
captureUserWait ( 8 )
captureDispatchPointer( 2031261730000,2031306100000, 1, 876.188721, 1832.045776,0.20784314,0.06666667,0,0.0,0.0,65539,0, 0)
captureUserWait ( 2779 )
captureUserWait ( 3000 )

# send
compareScreenshot(2014-10-14_10-33-46.jpg, 0, 0, 1080, 1920, 0, 1.0, 10)
captureDispatchPointer( 2034085870000,2034085870000, 0, 853.210022, 149.921906,0.20784314,0.06666667,0,0.0,0.0,65539,0, 0)
captureUserWait ( 100 )
captureDispatchPointer( 2034085870000,2034186689000, 2, 853.210022, 149.921906,0.20784314,0.06666667,0,0.0,0.0,65539,0, 0)
captureUserWait ( 7 )
captureDispatchPointer( 2034085870000,2034194685000, 1, 853.210022, 149.921906,0.20784314,0.06666667,0,0.0,0.0,65539,0, 0)
captureUserWait ( 10000 )

# press submenu
compareScreenshot(2014-10-14_10-33-57.jpg, 0, 0, 1080, 1920, 0, 1.0, 10)
captureDispatchPointer( 2045099774000,2045099774000, 0, 1009.065674, 180.905777,0.20784314,0.06666667,0,0.0,0.0,65539,0, 0)
captureUserWait ( 17 )
captureDispatchPointer( 2045099774000,2045117091000, 2, 1009.065674, 180.905777,0.20784314,0.06666667,0,0.0,0.0,65539,0, 0)
captureUserWait ( 83 )
captureDispatchPointer( 2045099774000,2045200698000, 2, 1009.065674, 180.905777,0.20784314,0.06666667,0,0.0,0.0,65539,0, 0)
captureUserWait ( 9 )
captureDispatchPointer( 2045099774000,2045209937000, 2, 1009.065674, 180.905777,0.20784314,0.06666667,0,0.0,0.0,65539,0, 0)
captureUserWait ( 8 )
captureDispatchPointer( 2045099774000,2045218156000, 1, 1009.065674, 180.905777,0.20784314,0.06666667,0,0.0,0.0,65539,0, 0)

captureUserWait ( 2000 )

# receive (refresh)
compareScreenshot(2014-10-14_10-33-58.jpg, 0, 0, 1080, 1920, 0, 1.0, 10)
captureDispatchPointer( 2046910680000,2046910680000, 0, 871.193359, 291.847992,0.20784314,0.06666667,0,0.0,0.0,65539,0, 0)
captureUserWait ( 8 )
captureDispatchPointer( 2046910680000,2046918947000, 2, 871.193359, 291.847992,0.20784314,0.06666667,0,0.0,0.0,65539,0, 0)
captureUserWait ( 37 )
captureDispatchPointer( 2046910680000,2046956029000, 2, 871.193359, 291.847992,0.20784314,0.06666667,0,0.0,0.0,65539,0, 0)
captureUserWait ( 65 )
captureDispatchPointer( 2046910680000,2047021435000, 2, 871.193359, 291.847992,0.20784314,0.06666667,0,0.0,0.0,65539,0, 0)
captureUserWait ( 8 )
captureDispatchPointer( 2046910680000,2047029478000, 1, 871.193359, 291.847992,0.20784314,0.06666667,0,0.0,0.0,65539,0, 0)

captureUserWait ( 5000 )

# check
compareScreenshot(2014-10-14_10-34-08.jpg, 0, 0, 1080, 1920, 0, 1.0, 10)
captureDispatchPointer( 2056200782000,2056200782000, 0, 743.311768, 328.828735,0.20784314,0.06666667,0,0.0,0.0,65539,0, 0)
captureUserWait ( 7 )
captureDispatchPointer( 2056200782000,2056208403000, 2, 743.311768, 328.828735,0.20784314,0.06666667,0,0.0,0.0,65539,0, 0)
captureUserWait ( 101 )
captureDispatchPointer( 2056200782000,2056309962000, 1, 743.311768, 328.828735,0.20784314,0.06666667,0,0.0,0.0,65539,0, 0)

captureUserWait ( 8000 )
captureUserWait ( 45000 )

# back to mailbox
compareScreenshot(2014-10-14_10-34-17.jpg, 0, 0, 1080, 1920, 0, 1.0, 10)
captureDispatchKey( 0, 0, 0, 4, 0,0,0,0)
captureUserWait ( 129 )
captureDispatchKey( 0, 0, 1, 4, 0,0,0,0)
captureUserWait ( 1627 )

# back to home sheet
compareScreenshot(2014-10-14_10-34-19.jpg, 0, 0, 1080, 1920, 0, 1.0, 10)
captureDispatchKey( 0, 0, 0, 4, 0,0,0,0)
captureUserWait ( 148 )
captureDispatchKey( 0, 0, 1, 4, 0,0,0,0)
captureUserWait ( 2835 )
