type=raw events 1
count= 1
speed=1.0
start data >>

## send-gmail.txt
RunCmd(am start -n com.google.android.gm/.ConversationListActivityGmail --activity-single-top)
captureUserWait ( 1500 )
compareScreenshot(2014-10-07_04-02-58.jpg, 0, 0, 1080, 1920, 0, 1.0, 10)
captureDispatchPointer( 3954189118000,3954189118000, 0, 657.391296, 175.908371,0.20784314,0.06666667,0,0.0,0.0,65539,0, 0)
captureUserWait ( 99 )
captureDispatchPointer( 3954189118000,3954288602000, 1, 657.391296, 175.908371,0.20784314,0.06666667,0,0.0,0.0,65539,0, 0)
captureUserWait ( 1255 )
compareScreenshot(2014-10-07_04-03-02.jpg, 0, 0, 1080, 1920, 0, 1.0, 10)
captureDispatchPointer( 3957543785000,3957543785000, 0, 365.661438, 1330.307129,0.20784314,0.06666667,0,0.0,0.0,65539,0, 0)
captureUserWait ( 55 )
captureDispatchPointer( 3957543785000,3957599237000, 2, 365.661438, 1330.307129,0.20784314,0.06666667,0,0.0,0.0,65539,0, 0)
captureUserWait ( 9 )
captureDispatchPointer( 3957543785000,3957608609000, 2, 365.661438, 1330.307129,0.20784314,0.06666667,0,0.0,0.0,65539,0, 0)
captureUserWait ( 17 )
captureDispatchPointer( 3957543785000,3957626267000, 1, 365.661438, 1330.307129,0.20784314,0.06666667,0,0.0,0.0,65539,0, 0)
captureUserWait ( 1047 )
compareScreenshot(2014-10-07_04-03-03.jpg, 0, 0, 1080, 1920, 0, 1.0, 10)
captureDispatchPointer( 3958673882000,3958673882000, 0, 75.929695, 1831.046265,0.20784314,0.06666667,0,0.0,0.0,65539,0, 0)
captureUserWait ( 119 )
captureDispatchPointer( 3958673882000,3958793874000, 1, 75.929695, 1831.046265,0.20784314,0.06666667,0,0.0,0.0,65539,0, 0)
captureUserWait ( 645 )
captureDispatchPointer( 3959439045000,3959439045000, 0, 282.738220, 1331.306519,0.20784314,0.06666667,0,0.0,0.0,65539,0, 0)
captureUserWait ( 37 )
captureDispatchPointer( 3959439045000,3959476824000, 2, 282.738220, 1331.306519,0.20784314,0.06666667,0,0.0,0.0,65539,0, 0)
captureUserWait ( 64 )
captureDispatchPointer( 3959439045000,3959541785000, 2, 282.738220, 1331.306519,0.20784314,0.06666667,0,0.0,0.0,65539,0, 0)
captureUserWait ( 7 )
captureDispatchPointer( 3959439045000,3959549771000, 1, 282.738220, 1331.306519,0.20784314,0.06666667,0,0.0,0.0,65539,0, 0)
captureUserWait ( 528 )
captureDispatchPointer( 3960078380000,3960078380000, 0, 65.938950, 1817.053589,0.20784314,0.06666667,0,0.0,0.0,65539,0, 0)
captureUserWait ( 100 )
captureDispatchPointer( 3960078380000,3960178996000, 1, 65.938950, 1817.053589,0.20784314,0.06666667,0,0.0,0.0,65539,0, 0)
captureUserWait ( 1136 )
compareScreenshot(2014-10-07_04-03-06.jpg, 0, 0, 1080, 1920, 0, 1.0, 10)
captureDispatchPointer( 3961315315000,3961315315000, 0, 756.299744, 1497.220215,0.20784314,0.06666667,0,0.0,0.0,65539,0, 0)
captureUserWait ( 26 )
captureDispatchPointer( 3961315315000,3961341929000, 2, 756.299744, 1498.219604,0.20784314,0.06666667,0,0.0,0.0,65539,0, 0)
captureUserWait ( 9 )
captureDispatchPointer( 3961315315000,3961351348000, 2, 756.299744, 1499.219116,0.20784314,0.06666667,0,0.0,0.0,65539,0, 0)
captureUserWait ( 9 )
captureDispatchPointer( 3961315315000,3961360548000, 2, 756.299744, 1499.219116,0.20784314,0.06666667,0,0.0,0.0,65539,0, 0)
captureUserWait ( 9 )
captureDispatchPointer( 3961315315000,3961369828000, 2, 756.299744, 1499.219116,0.20784314,0.06666667,0,0.0,0.0,65539,0, 0)
captureUserWait ( 9 )
captureDispatchPointer( 3961315315000,3961379123000, 2, 756.299744, 1499.219116,0.20784314,0.06666667,0,0.0,0.0,65539,0, 0)
captureUserWait ( 9 )
captureDispatchPointer( 3961315315000,3961388466000, 2, 756.299744, 1499.219116,0.20784314,0.06666667,0,0.0,0.0,65539,0, 0)
captureUserWait ( 17 )
captureDispatchPointer( 3961315315000,3961406207000, 1, 756.299744, 1499.219116,0.20784314,0.06666667,0,0.0,0.0,65539,0, 0)
captureUserWait ( 509 )
captureDispatchPointer( 3961915509000,3961915509000, 0, 62.941719, 1834.044678,0.20784314,0.06666667,0,0.0,0.0,65539,0, 0)
captureUserWait ( 64 )
captureDispatchPointer( 3961915509000,3961980488000, 2, 61.942646, 1834.044678,0.20784314,0.06666667,0,0.0,0.0,65539,0, 0)
captureUserWait ( 8 )
captureDispatchPointer( 3961915509000,3961988870000, 1, 61.942646, 1834.044678,0.20784314,0.06666667,0,0.0,0.0,65539,0, 0)
captureUserWait ( 1017 )
compareScreenshot(2014-10-07_04-03-07.jpg, 0, 0, 1080, 1920, 0, 1.0, 10)
captureDispatchPointer( 3963006254000,3963006254000, 0, 496.540253, 1332.306030,0.20784314,0.06666667,0,0.0,0.0,65539,0, 0)
captureUserWait ( 51 )
captureDispatchPointer( 3963006254000,3963058236000, 1, 496.540253, 1332.306030,0.20784314,0.06666667,0,0.0,0.0,65539,0, 0)
captureUserWait ( 518 )
captureDispatchPointer( 3963577061000,3963577061000, 0, 257.761322, 1324.310181,0.20784314,0.06666667,0,0.0,0.0,65539,0, 0)
captureUserWait ( 27 )
captureDispatchPointer( 3963577061000,3963604761000, 2, 257.761322, 1324.310181,0.20784314,0.06666667,0,0.0,0.0,65539,0, 0)
captureUserWait ( 9 )
captureDispatchPointer( 3963577061000,3963614111000, 2, 257.761322, 1324.310181,0.20784314,0.06666667,0,0.0,0.0,65539,0, 0)
captureUserWait ( 9 )
captureDispatchPointer( 3963577061000,3963623314000, 2, 257.761322, 1324.310181,0.20784314,0.06666667,0,0.0,0.0,65539,0, 0)
captureUserWait ( 9 )
captureDispatchPointer( 3963577061000,3963632618000, 2, 257.761322, 1325.309692,0.20784314,0.06666667,0,0.0,0.0,65539,0, 0)
captureUserWait ( 9 )
captureDispatchPointer( 3963577061000,3963641834000, 2, 256.762268, 1326.309204,0.20784314,0.06666667,0,0.0,0.0,65539,0, 0)
captureUserWait ( 9 )
captureDispatchPointer( 3963577061000,3963651136000, 2, 255.763184, 1327.308716,0.20784314,0.06666667,0,0.0,0.0,65539,0, 0)
captureUserWait ( 8 )
captureDispatchPointer( 3963577061000,3963659301000, 1, 255.763184, 1327.308716,0.20784314,0.06666667,0,0.0,0.0,65539,0, 0)
captureUserWait ( 767 )
captureDispatchPointer( 3964426682000,3964426682000, 0, 826.234985, 1337.303467,0.20784314,0.06666667,0,0.0,0.0,65539,0, 0)
captureUserWait ( 8 )
captureDispatchPointer( 3964426682000,3964435247000, 2, 826.234985, 1337.303467,0.20784314,0.06666667,0,0.0,0.0,65539,0, 0)
captureUserWait ( 64 )
captureDispatchPointer( 3964426682000,3964499483000, 1, 826.234985, 1337.303467,0.20784314,0.06666667,0,0.0,0.0,65539,0, 0)
captureUserWait ( 537 )
captureDispatchPointer( 3965037311000,3965037311000, 0, 878.186890, 1849.036865,0.20784314,0.06666667,0,0.0,0.0,65539,0, 0)
captureUserWait ( 73 )
captureDispatchPointer( 3965037311000,3965110941000, 2, 878.186890, 1849.036865,0.20784314,0.06666667,0,0.0,0.0,65539,0, 0)
captureUserWait ( 9 )
captureDispatchPointer( 3965037311000,3965120164000, 2, 878.186890, 1849.036865,0.20784314,0.06666667,0,0.0,0.0,65539,0, 0)
captureUserWait ( 8 )
captureDispatchPointer( 3965037311000,3965128383000, 1, 878.186890, 1849.036865,0.20784314,0.06666667,0,0.0,0.0,65539,0, 0)
captureUserWait ( 407 )
captureDispatchPointer( 3965535587000,3965535587000, 0, 1013.062012, 1337.303467,0.20784314,0.06666667,0,0.0,0.0,65539,0, 0)
captureUserWait ( 83 )
captureDispatchPointer( 3965535587000,3965619103000, 2, 1013.062012, 1337.303467,0.20784314,0.06666667,0,0.0,0.0,65539,0, 0)
captureUserWait ( 8 )
captureDispatchPointer( 3965535587000,3965627551000, 1, 1013.062012, 1337.303467,0.20784314,0.06666667,0,0.0,0.0,65539,0, 0)
captureUserWait ( 205 )
captureDispatchPointer( 3965833161000,3965833161000, 0, 1017.058289, 1325.309692,0.20784314,0.06666667,0,0.0,0.0,65539,0, 0)
captureUserWait ( 9 )
captureDispatchPointer( 3965833161000,3965842419000, 2, 1017.058289, 1325.309692,0.20784314,0.06666667,0,0.0,0.0,65539,0, 0)
captureUserWait ( 37 )
captureDispatchPointer( 3965833161000,3965879686000, 2, 1017.058289, 1325.309692,0.20784314,0.06666667,0,0.0,0.0,65539,0, 0)
captureUserWait ( 9 )
captureDispatchPointer( 3965833161000,3965889000000, 2, 1017.058289, 1325.309692,0.20784314,0.06666667,0,0.0,0.0,65539,0, 0)
captureUserWait ( 18 )
captureDispatchPointer( 3965833161000,3965907860000, 2, 1018.057373, 1325.309692,0.20784314,0.06666667,0,0.0,0.0,65539,0, 0)
captureUserWait ( 8 )
captureDispatchPointer( 3965833161000,3965915973000, 1, 1018.057373, 1325.309692,0.20784314,0.06666667,0,0.0,0.0,65539,0, 0)
captureUserWait ( 575 )
captureDispatchPointer( 3966491023000,3966491023000, 0, 42.960220, 1343.300293,0.20784314,0.06666667,0,0.0,0.0,65539,0, 0)
captureUserWait ( 8 )
captureDispatchPointer( 3966491023000,3966499491000, 2, 42.960220, 1343.300293,0.20784314,0.06666667,0,0.0,0.0,65539,0, 0)
captureUserWait ( 73 )
captureDispatchPointer( 3966491023000,3966572996000, 1, 42.960220, 1343.300293,0.20784314,0.06666667,0,0.0,0.0,65539,0, 0)
captureUserWait ( 1159 )
compareScreenshot(2014-10-07_04-03-12.jpg, 0, 0, 1080, 1920, 0, 1.0, 10)
captureDispatchPointer( 3967732143000,3967732143000, 0, 86.919518, 1513.211792,0.20784314,0.06666667,0,0.0,0.0,65539,0, 0)
captureUserWait ( 128 )
captureDispatchPointer( 3967732143000,3967860832000, 1, 86.919518, 1513.211792,0.20784314,0.06666667,0,0.0,0.0,65539,0, 0)
captureUserWait ( 2918 )
compareScreenshot(2014-10-07_04-03-15.jpg, 0, 0, 1080, 1920, 0, 1.0, 10)
captureDispatchPointer( 3970779619000,3970779619000, 0, 78.926918, 1802.061401,0.20784314,0.06666667,0,0.0,0.0,65539,0, 0)
captureUserWait ( 16 )
captureDispatchPointer( 3970779619000,3970796527000, 2, 78.926918, 1802.061401,0.20784314,0.06666667,0,0.0,0.0,65539,0, 0)
captureUserWait ( 74 )
captureDispatchPointer( 3970779619000,3970871004000, 2, 78.926918, 1802.061401,0.20784314,0.06666667,0,0.0,0.0,65539,0, 0)
captureUserWait ( 17 )
captureDispatchPointer( 3970779619000,3970888518000, 1, 78.926918, 1802.061401,0.20784314,0.06666667,0,0.0,0.0,65539,0, 0)
captureUserWait ( 2858 )
compareScreenshot(2014-10-07_04-03-18.jpg, 0, 0, 1080, 1920, 0, 1.0, 10)
captureDispatchPointer( 3973746801000,3973746801000, 0, 1033.043457, 1661.134766,0.20784314,0.06666667,0,0.0,0.0,65539,0, 0)
captureUserWait ( 26 )
captureDispatchPointer( 3973746801000,3973773118000, 2, 1033.043457, 1662.134277,0.20784314,0.06666667,0,0.0,0.0,65539,0, 0)
captureUserWait ( 18 )
captureDispatchPointer( 3973746801000,3973791763000, 2, 1033.043457, 1663.133789,0.20784314,0.06666667,0,0.0,0.0,65539,0, 0)
captureUserWait ( 27 )
captureDispatchPointer( 3973746801000,3973819594000, 2, 1033.043457, 1663.133789,0.20784314,0.06666667,0,0.0,0.0,65539,0, 0)
captureUserWait ( 17 )
captureDispatchPointer( 3973746801000,3973837328000, 1, 1033.043457, 1663.133789,0.20784314,0.06666667,0,0.0,0.0,65539,0, 0)
captureUserWait ( 398 )
captureDispatchPointer( 3974235495000,3974235495000, 0, 1031.045288, 1668.131104,0.20784314,0.06666667,0,0.0,0.0,65539,0, 0)
captureUserWait ( 83 )
captureDispatchPointer( 3974235495000,3974318561000, 2, 1032.044434, 1668.131104,0.20784314,0.06666667,0,0.0,0.0,65539,0, 0)
captureUserWait ( 9 )
captureDispatchPointer( 3974235495000,3974327883000, 2, 1033.043457, 1668.131104,0.20784314,0.06666667,0,0.0,0.0,65539,0, 0)
captureUserWait ( 8 )
captureDispatchPointer( 3974235495000,3974336387000, 1, 1033.043457, 1668.131104,0.20784314,0.06666667,0,0.0,0.0,65539,0, 0)
captureUserWait ( 912 )
captureDispatchPointer( 3975248831000,3975248831000, 0, 54.949120, 1810.057251,0.20784314,0.06666667,0,0.0,0.0,65539,0, 0)
captureUserWait ( 8 )
captureDispatchPointer( 3975248831000,3975257561000, 2, 54.949120, 1810.057251,0.20784314,0.06666667,0,0.0,0.0,65539,0, 0)
captureUserWait ( 27 )
captureDispatchPointer( 3975248831000,3975285033000, 2, 54.949120, 1811.056641,0.20784314,0.06666667,0,0.0,0.0,65539,0, 0)
captureUserWait ( 27 )
captureDispatchPointer( 3975248831000,3975312927000, 2, 54.949120, 1811.056641,0.20784314,0.06666667,0,0.0,0.0,65539,0, 0)
captureUserWait ( 18 )
captureDispatchPointer( 3975248831000,3975331530000, 2, 54.949120, 1811.056641,0.20784314,0.06666667,0,0.0,0.0,65539,0, 0)
captureUserWait ( 8 )
captureDispatchPointer( 3975248831000,3975339992000, 1, 54.949120, 1811.056641,0.20784314,0.06666667,0,0.0,0.0,65539,0, 0)
captureUserWait ( 1013 )
compareScreenshot(2014-10-07_04-03-21.jpg, 0, 0, 1080, 1920, 0, 1.0, 10)
captureDispatchPointer( 3976353105000,3976353105000, 0, 175.837189, 1343.300293,0.20784314,0.06666667,0,0.0,0.0,65539,0, 0)
captureUserWait ( 27 )
captureDispatchPointer( 3976353105000,3976380386000, 2, 175.837189, 1343.300293,0.20784314,0.06666667,0,0.0,0.0,65539,0, 0)
captureUserWait ( 36 )
captureDispatchPointer( 3976353105000,3976417276000, 2, 175.837189, 1343.300293,0.20784314,0.06666667,0,0.0,0.0,65539,0, 0)
captureUserWait ( 17 )
captureDispatchPointer( 3976353105000,3976434763000, 1, 175.837189, 1343.300293,0.20784314,0.06666667,0,0.0,0.0,65539,0, 0)
captureUserWait ( 1795 )
compareScreenshot(2014-10-07_04-03-23.jpg, 0, 0, 1080, 1920, 0, 1.0, 10)
captureDispatchPointer( 3978230449000,3978230449000, 0, 121.887146, 1477.230591,0.20784314,0.06666667,0,0.0,0.0,65539,0, 0)
captureUserWait ( 72 )
captureDispatchPointer( 3978230449000,3978303271000, 2, 120.888069, 1477.230591,0.20784314,0.06666667,0,0.0,0.0,65539,0, 0)
captureUserWait ( 9 )
captureDispatchPointer( 3978230449000,3978312609000, 2, 119.888992, 1478.230103,0.20784314,0.06666667,0,0.0,0.0,65539,0, 0)
captureUserWait ( 8 )
captureDispatchPointer( 3978230449000,3978320932000, 1, 119.888992, 1478.230103,0.20784314,0.06666667,0,0.0,0.0,65539,0, 0)
captureUserWait ( 1150 )
compareScreenshot(2014-10-07_04-03-24.jpg, 0, 0, 1080, 1920, 0, 1.0, 10)
captureDispatchPointer( 3979471440000,3979471440000, 0, 61.942646, 1829.047363,0.20784314,0.06666667,0,0.0,0.0,65539,0, 0)
captureUserWait ( 26 )
captureDispatchPointer( 3979471440000,3979498322000, 2, 61.942646, 1829.047363,0.20784314,0.06666667,0,0.0,0.0,65539,0, 0)
captureUserWait ( 27 )
captureDispatchPointer( 3979471440000,3979526247000, 2, 61.942646, 1830.046753,0.20784314,0.06666667,0,0.0,0.0,65539,0, 0)
captureUserWait ( 9 )
captureDispatchPointer( 3979471440000,3979535587000, 2, 61.942646, 1831.046265,0.20784314,0.06666667,0,0.0,0.0,65539,0, 0)
captureUserWait ( 46 )
captureDispatchPointer( 3979471440000,3979582005000, 2, 61.942646, 1831.046265,0.20784314,0.06666667,0,0.0,0.0,65539,0, 0)
captureUserWait ( 8 )
captureDispatchPointer( 3979471440000,3979590220000, 1, 61.942646, 1831.046265,0.20784314,0.06666667,0,0.0,0.0,65539,0, 0)
captureUserWait ( 683 )
captureDispatchPointer( 3980273674000,3980273674000, 0, 551.489380, 1503.217041,0.20784314,0.06666667,0,0.0,0.0,65539,0, 0)
captureUserWait ( 44 )
captureDispatchPointer( 3980273674000,3980318410000, 1, 551.489380, 1503.217041,0.20784314,0.06666667,0,0.0,0.0,65539,0, 0)
captureUserWait ( 682 )
captureDispatchPointer( 3981001008000,3981001008000, 0, 862.201660, 1672.129028,0.20784314,0.06666667,0,0.0,0.0,65539,0, 0)
captureUserWait ( 8 )
captureDispatchPointer( 3981001008000,3981009976000, 2, 862.201660, 1672.129028,0.20784314,0.06666667,0,0.0,0.0,65539,0, 0)
captureUserWait ( 27 )
captureDispatchPointer( 3981001008000,3981037886000, 2, 862.201660, 1672.129028,0.20784314,0.06666667,0,0.0,0.0,65539,0, 0)
captureUserWait ( 8 )
captureDispatchPointer( 3981001008000,3981046311000, 1, 862.201660, 1672.129028,0.20784314,0.06666667,0,0.0,0.0,65539,0, 0)
captureUserWait ( 618 )
captureDispatchPointer( 3981665140000,3981665140000, 0, 98.908417, 1507.214966,0.20784314,0.06666667,0,0.0,0.0,65539,0, 0)
captureUserWait ( 62 )
captureDispatchPointer( 3981665140000,3981727630000, 1, 98.908417, 1507.214966,0.20784314,0.06666667,0,0.0,0.0,65539,0, 0)
captureUserWait ( 333 )
captureDispatchPointer( 3982060958000,3982060958000, 0, 801.258118, 1318.313354,0.20784314,0.06666667,0,0.0,0.0,65539,0, 0)
captureUserWait ( 36 )
captureDispatchPointer( 3982060958000,3982097373000, 2, 801.258118, 1318.313354,0.20784314,0.06666667,0,0.0,0.0,65539,0, 0)
captureUserWait ( 10 )
captureDispatchPointer( 3982060958000,3982107481000, 2, 801.258118, 1318.313354,0.20784314,0.06666667,0,0.0,0.0,65539,0, 0)
captureUserWait ( 8 )
captureDispatchPointer( 3982060958000,3982115919000, 2, 801.258118, 1319.312866,0.20784314,0.06666667,0,0.0,0.0,65539,0, 0)
captureUserWait ( 8 )
captureDispatchPointer( 3982060958000,3982124298000, 1, 801.258118, 1319.312866,0.20784314,0.06666667,0,0.0,0.0,65539,0, 0)
captureUserWait ( 370 )
captureDispatchPointer( 3982494634000,3982494634000, 0, 975.097168, 1494.221680,0.20784314,0.06666667,0,0.0,0.0,65539,0, 0)
captureUserWait ( 18 )
captureDispatchPointer( 3982494634000,3982513508000, 2, 975.097168, 1494.221680,0.20784314,0.06666667,0,0.0,0.0,65539,0, 0)
captureUserWait ( 36 )
captureDispatchPointer( 3982494634000,3982549577000, 2, 975.097168, 1494.221680,0.20784314,0.06666667,0,0.0,0.0,65539,0, 0)
captureUserWait ( 8 )
captureDispatchPointer( 3982494634000,3982558006000, 1, 975.097168, 1494.221680,0.20784314,0.06666667,0,0.0,0.0,65539,0, 0)
captureUserWait ( 618 )
captureDispatchPointer( 3983176295000,3983176295000, 0, 871.193359, 1825.049438,0.20784314,0.06666667,0,0.0,0.0,65539,0, 0)
captureUserWait ( 45 )
captureDispatchPointer( 3983176295000,3983222026000, 2, 871.193359, 1825.049438,0.20784314,0.06666667,0,0.0,0.0,65539,0, 0)
captureUserWait ( 9 )
captureDispatchPointer( 3983176295000,3983231337000, 2, 871.193359, 1825.049438,0.20784314,0.06666667,0,0.0,0.0,65539,0, 0)
captureUserWait ( 8 )
captureDispatchPointer( 3983176295000,3983239462000, 1, 871.193359, 1825.049438,0.20784314,0.06666667,0,0.0,0.0,65539,0, 0)
captureUserWait ( 529 )
captureDispatchPointer( 3983769224000,3983769224000, 0, 421.609619, 1676.126953,0.20784314,0.06666667,0,0.0,0.0,65539,0, 0)
captureUserWait ( 17 )
captureDispatchPointer( 3983769224000,3983786280000, 2, 421.609619, 1676.126953,0.20784314,0.06666667,0,0.0,0.0,65539,0, 0)
captureUserWait ( 17 )
captureDispatchPointer( 3983769224000,3983803840000, 1, 421.609619, 1676.126953,0.20784314,0.06666667,0,0.0,0.0,65539,0, 0)
captureUserWait ( 416 )
captureDispatchPointer( 3984220766000,3984220766000, 0, 919.148926, 1334.305054,0.20784314,0.06666667,0,0.0,0.0,65539,0, 0)
captureUserWait ( 8 )
captureDispatchPointer( 3984220766000,3984229228000, 2, 919.148926, 1334.305054,0.20784314,0.06666667,0,0.0,0.0,65539,0, 0)
captureUserWait ( 9 )
captureDispatchPointer( 3984220766000,3984238532000, 2, 919.148926, 1334.305054,0.20784314,0.06666667,0,0.0,0.0,65539,0, 0)
captureUserWait ( 9 )
captureDispatchPointer( 3984220766000,3984247814000, 2, 919.148926, 1334.305054,0.20784314,0.06666667,0,0.0,0.0,65539,0, 0)
captureUserWait ( 8 )
captureDispatchPointer( 3984220766000,3984256239000, 1, 919.148926, 1334.305054,0.20784314,0.06666667,0,0.0,0.0,65539,0, 0)
captureUserWait ( 519 )
captureDispatchPointer( 3984775600000,3984775600000, 0, 875.189636, 1691.119141,0.20784314,0.06666667,0,0.0,0.0,65539,0, 0)
captureUserWait ( 45 )
captureDispatchPointer( 3984775600000,3984821134000, 2, 875.189636, 1691.119141,0.20784314,0.06666667,0,0.0,0.0,65539,0, 0)
captureUserWait ( 8 )
captureDispatchPointer( 3984775600000,3984829333000, 1, 875.189636, 1691.119141,0.20784314,0.06666667,0,0.0,0.0,65539,0, 0)
captureUserWait ( 1139 )
compareScreenshot(2014-10-07_04-03-30.jpg, 0, 0, 1080, 1920, 0, 1.0, 10)
captureDispatchPointer( 3985968437000,3985968437000, 0, 762.294189, 1067.443970,0.20784314,0.06666667,0,0.0,0.0,65539,0, 0)
captureUserWait ( 54 )
captureDispatchPointer( 3985968437000,3986023390000, 2, 762.294189, 1067.443970,0.20784314,0.06666667,0,0.0,0.0,65539,0, 0)
captureUserWait ( 9 )
captureDispatchPointer( 3985968437000,3986032749000, 2, 762.294189, 1067.443970,0.20784314,0.06666667,0,0.0,0.0,65539,0, 0)
captureUserWait ( 8 )
captureDispatchPointer( 3985968437000,3986040951000, 1, 762.294189, 1067.443970,0.20784314,0.06666667,0,0.0,0.0,65539,0, 0)
captureUserWait ( 1038 )
compareScreenshot(2014-10-07_04-03-31.jpg, 0, 0, 1080, 1920, 0, 1.0, 10)
captureDispatchPointer( 3987079661000,3987079661000, 0, 322.701202, 620.676697,0.20784314,0.06666667,0,0.0,0.0,65539,0, 0)
captureUserWait ( 71 )
captureDispatchPointer( 3987079661000,3987151397000, 1, 322.701202, 620.676697,0.20784314,0.06666667,0,0.0,0.0,65539,0, 0)
captureUserWait ( 1309 )
compareScreenshot(2014-10-07_04-03-33.jpg, 0, 0, 1080, 1920, 0, 1.0, 10)
captureDispatchPointer( 3988461153000,3988461153000, 0, 325.698425, 1483.227417,0.20784314,0.06666667,0,0.0,0.0,65539,0, 0)
captureUserWait ( 26 )
captureDispatchPointer( 3988461153000,3988488025000, 2, 325.698425, 1483.227417,0.20784314,0.06666667,0,0.0,0.0,65539,0, 0)
captureUserWait ( 18 )
captureDispatchPointer( 3988461153000,3988506523000, 2, 325.698425, 1483.227417,0.20784314,0.06666667,0,0.0,0.0,65539,0, 0)
captureUserWait ( 18 )
captureDispatchPointer( 3988461153000,3988525133000, 2, 325.698425, 1483.227417,0.20784314,0.06666667,0,0.0,0.0,65539,0, 0)
captureUserWait ( 26 )
captureDispatchPointer( 3988461153000,3988552094000, 1, 325.698425, 1483.227417,0.20784314,0.06666667,0,0.0,0.0,65539,0, 0)
captureUserWait ( 397 )
captureDispatchPointer( 3988949751000,3988949751000, 0, 911.156372, 1331.306519,0.20784314,0.06666667,0,0.0,0.0,65539,0, 0)
captureUserWait ( 65 )
captureDispatchPointer( 3988949751000,3989014810000, 2, 911.156372, 1331.306519,0.20784314,0.06666667,0,0.0,0.0,65539,0, 0)
captureUserWait ( 8 )
captureDispatchPointer( 3988949751000,3989023218000, 1, 911.156372, 1331.306519,0.20784314,0.06666667,0,0.0,0.0,65539,0, 0)
captureUserWait ( 565 )
captureDispatchPointer( 3989589016000,3989589016000, 0, 769.287720, 1676.126953,0.20784314,0.06666667,0,0.0,0.0,65539,0, 0)
captureUserWait ( 8 )
captureDispatchPointer( 3989589016000,3989597454000, 2, 769.287720, 1676.126953,0.20784314,0.06666667,0,0.0,0.0,65539,0, 0)
captureUserWait ( 9 )
captureDispatchPointer( 3989589016000,3989606742000, 2, 769.287720, 1677.126465,0.20784314,0.06666667,0,0.0,0.0,65539,0, 0)
captureUserWait ( 9 )
captureDispatchPointer( 3989589016000,3989616090000, 2, 769.287720, 1678.125977,0.20784314,0.06666667,0,0.0,0.0,65539,0, 0)
captureUserWait ( 9 )
captureDispatchPointer( 3989589016000,3989625376000, 2, 769.287720, 1679.125366,0.20784314,0.06666667,0,0.0,0.0,65539,0, 0)
captureUserWait ( 9 )
captureDispatchPointer( 3989589016000,3989634716000, 2, 769.287720, 1680.124878,0.20784314,0.06666667,0,0.0,0.0,65539,0, 0)
captureUserWait ( 54 )
captureDispatchPointer( 3989589016000,3989689414000, 1, 769.287720, 1680.124878,0.20784314,0.06666667,0,0.0,0.0,65539,0, 0)
captureUserWait ( 1381 )
compareScreenshot(2014-10-07_04-03-35.jpg, 0, 0, 1080, 1920, 0, 1.0, 10)
captureDispatchPointer( 3991071384000,3991071384000, 0, 81.924149, 1842.040527,0.20784314,0.06666667,0,0.0,0.0,65539,0, 0)
captureUserWait ( 90 )
captureDispatchPointer( 3991071384000,3991161946000, 1, 81.924149, 1842.040527,0.20784314,0.06666667,0,0.0,0.0,65539,0, 0)
captureUserWait ( 748 )
captureDispatchPointer( 3991910625000,3991910625000, 0, 439.592957, 1657.136841,0.20784314,0.06666667,0,0.0,0.0,65539,0, 0)
captureUserWait ( 36 )
captureDispatchPointer( 3991910625000,3991946804000, 2, 439.592957, 1657.136841,0.20784314,0.06666667,0,0.0,0.0,65539,0, 0)
captureUserWait ( 36 )
captureDispatchPointer( 3991910625000,3991983099000, 1, 439.592957, 1657.136841,0.20784314,0.06666667,0,0.0,0.0,65539,0, 0)
captureUserWait ( 444 )
captureDispatchPointer( 3992427528000,3992427528000, 0, 61.942646, 1822.051025,0.20784314,0.06666667,0,0.0,0.0,65539,0, 0)
captureUserWait ( 91 )
captureDispatchPointer( 3992427528000,3992519259000, 1, 61.942646, 1822.051025,0.20784314,0.06666667,0,0.0,0.0,65539,0, 0)
captureUserWait ( 618 )
captureDispatchPointer( 3993137776000,3993137776000, 0, 491.544861, 1361.291016,0.20784314,0.06666667,0,0.0,0.0,65539,0, 0)
captureUserWait ( 16 )
captureDispatchPointer( 3993137776000,3993154487000, 1, 491.544861, 1361.291016,0.20784314,0.06666667,0,0.0,0.0,65539,0, 0)
captureUserWait ( 959 )
captureDispatchPointer( 3994113609000,3994113609000, 0, 651.396851, 1838.042603,0.20784314,0.06666667,0,0.0,0.0,65539,0, 0)
captureUserWait ( 8 )
captureDispatchPointer( 3994113609000,3994122174000, 2, 651.396851, 1838.042603,0.20784314,0.06666667,0,0.0,0.0,65539,0, 0)
captureUserWait ( 37 )
captureDispatchPointer( 3994113609000,3994159305000, 2, 651.396851, 1839.042114,0.20784314,0.06666667,0,0.0,0.0,65539,0, 0)
captureUserWait ( 36 )
captureDispatchPointer( 3994113609000,3994195596000, 1, 651.396851, 1839.042114,0.20784314,0.06666667,0,0.0,0.0,65539,0, 0)
captureUserWait ( 351 )
captureDispatchPointer( 3994547347000,3994547347000, 0, 671.378357, 1671.129639,0.20784314,0.06666667,0,0.0,0.0,65539,0, 0)
captureUserWait ( 36 )
captureDispatchPointer( 3994547347000,3994583741000, 2, 671.378357, 1671.129639,0.20784314,0.06666667,0,0.0,0.0,65539,0, 0)
captureUserWait ( 9 )
captureDispatchPointer( 3994547347000,3994593066000, 2, 671.378357, 1671.129639,0.20784314,0.06666667,0,0.0,0.0,65539,0, 0)
captureUserWait ( 8 )
captureDispatchPointer( 3994547347000,3994601248000, 1, 671.378357, 1671.129639,0.20784314,0.06666667,0,0.0,0.0,65539,0, 0)
captureUserWait ( 370 )
captureDispatchPointer( 3994971935000,3994971935000, 0, 263.755798, 1320.312256,0.20784314,0.06666667,0,0.0,0.0,65539,0, 0)
captureUserWait ( 8 )
captureDispatchPointer( 3994971935000,3994980555000, 2, 263.755798, 1320.312256,0.20784314,0.06666667,0,0.0,0.0,65539,0, 0)
captureUserWait ( 83 )
captureDispatchPointer( 3994971935000,3995064089000, 2, 263.755798, 1320.312256,0.20784314,0.06666667,0,0.0,0.0,65539,0, 0)
captureUserWait ( 8 )
captureDispatchPointer( 3994971935000,3995072295000, 1, 263.755798, 1320.312256,0.20784314,0.06666667,0,0.0,0.0,65539,0, 0)
captureUserWait ( 646 )
captureDispatchPointer( 3995718775000,3995718775000, 0, 667.382080, 1866.028076,0.20784314,0.06666667,0,0.0,0.0,65539,0, 0)
captureUserWait ( 36 )
captureDispatchPointer( 3995718775000,3995755114000, 2, 667.382080, 1867.027588,0.20784314,0.06666667,0,0.0,0.0,65539,0, 0)
captureUserWait ( 9 )
captureDispatchPointer( 3995718775000,3995764414000, 2, 667.382080, 1868.026978,0.20784314,0.06666667,0,0.0,0.0,65539,0, 0)
captureUserWait ( 9 )
captureDispatchPointer( 3995718775000,3995773910000, 2, 667.382080, 1869.026489,0.20784314,0.06666667,0,0.0,0.0,65539,0, 0)
captureUserWait ( 9 )
captureDispatchPointer( 3995718775000,3995783126000, 2, 667.382080, 1870.026001,0.20784314,0.06666667,0,0.0,0.0,65539,0, 0)
captureUserWait ( 8 )
captureDispatchPointer( 3995718775000,3995791474000, 1, 667.382080, 1870.026001,0.20784314,0.06666667,0,0.0,0.0,65539,0, 0)
captureUserWait ( 519 )
captureDispatchPointer( 3996310825000,3996310825000, 0, 972.099915, 1487.225342,0.20784314,0.06666667,0,0.0,0.0,65539,0, 0)
captureUserWait ( 8 )
captureDispatchPointer( 3996310825000,3996319328000, 2, 972.099915, 1487.225342,0.20784314,0.06666667,0,0.0,0.0,65539,0, 0)
captureUserWait ( 9 )
captureDispatchPointer( 3996310825000,3996328622000, 2, 972.099915, 1487.225342,0.20784314,0.06666667,0,0.0,0.0,65539,0, 0)
captureUserWait ( 8 )
captureDispatchPointer( 3996310825000,3996337121000, 1, 972.099915, 1487.225342,0.20784314,0.06666667,0,0.0,0.0,65539,0, 0)
captureUserWait ( 323 )
captureDispatchPointer( 3996660202000,3996660202000, 0, 101.905640, 1493.222290,0.20784314,0.06666667,0,0.0,0.0,65539,0, 0)
captureUserWait ( 9 )
captureDispatchPointer( 3996660202000,3996669425000, 2, 101.905640, 1493.222290,0.20784314,0.06666667,0,0.0,0.0,65539,0, 0)
captureUserWait ( 9 )
captureDispatchPointer( 3996660202000,3996679059000, 2, 101.905640, 1493.222290,0.20784314,0.06666667,0,0.0,0.0,65539,0, 0)
captureUserWait ( 8 )
captureDispatchPointer( 3996660202000,3996688056000, 2, 101.905640, 1493.222290,0.20784314,0.06666667,0,0.0,0.0,65539,0, 0)
captureUserWait ( 9 )
captureDispatchPointer( 3996660202000,3996697337000, 2, 101.905640, 1493.222290,0.20784314,0.06666667,0,0.0,0.0,65539,0, 0)
captureUserWait ( 9 )
captureDispatchPointer( 3996660202000,3996706644000, 2, 101.905640, 1493.222290,0.20784314,0.06666667,0,0.0,0.0,65539,0, 0)
captureUserWait ( 9 )
captureDispatchPointer( 3996660202000,3996715944000, 2, 101.905640, 1493.222290,0.20784314,0.06666667,0,0.0,0.0,65539,0, 0)
captureUserWait ( 9 )
captureDispatchPointer( 3996660202000,3996725241000, 2, 101.905640, 1493.222290,0.20784314,0.06666667,0,0.0,0.0,65539,0, 0)
captureUserWait ( 9 )
captureDispatchPointer( 3996660202000,3996734558000, 2, 101.905640, 1493.222290,0.20784314,0.06666667,0,0.0,0.0,65539,0, 0)
captureUserWait ( 8 )
captureDispatchPointer( 3996660202000,3996742860000, 1, 101.905640, 1493.222290,0.20784314,0.06666667,0,0.0,0.0,65539,0, 0)
captureUserWait ( 528 )
captureDispatchPointer( 3997270941000,3997270941000, 0, 501.535614, 1345.299316,0.20784314,0.06666667,0,0.0,0.0,65539,0, 0)
captureUserWait ( 9 )
captureDispatchPointer( 3997270941000,3997280111000, 2, 501.535614, 1345.299316,0.20784314,0.06666667,0,0.0,0.0,65539,0, 0)
captureUserWait ( 73 )
captureDispatchPointer( 3997270941000,3997353548000, 1, 501.535614, 1345.299316,0.20784314,0.06666667,0,0.0,0.0,65539,0, 0)
captureUserWait ( 491 )
captureDispatchPointer( 3997844991000,3997844991000, 0, 252.765961, 1346.298828,0.20784314,0.06666667,0,0.0,0.0,65539,0, 0)
captureUserWait ( 8 )
captureDispatchPointer( 3997844991000,3997853494000, 2, 252.765961, 1346.298828,0.20784314,0.06666667,0,0.0,0.0,65539,0, 0)
captureUserWait ( 9 )
captureDispatchPointer( 3997844991000,3997862760000, 2, 252.765961, 1346.298828,0.20784314,0.06666667,0,0.0,0.0,65539,0, 0)
captureUserWait ( 9 )
captureDispatchPointer( 3997844991000,3997872122000, 2, 252.765961, 1346.298828,0.20784314,0.06666667,0,0.0,0.0,65539,0, 0)
captureUserWait ( 37 )
captureDispatchPointer( 3997844991000,3997909240000, 2, 252.765961, 1346.298828,0.20784314,0.06666667,0,0.0,0.0,65539,0, 0)
captureUserWait ( 17 )
captureDispatchPointer( 3997844991000,3997926989000, 1, 252.765961, 1346.298828,0.20784314,0.06666667,0,0.0,0.0,65539,0, 0)
captureUserWait ( 1264 )
compareScreenshot(2014-10-07_04-03-43.jpg, 0, 0, 1080, 1920, 0, 1.0, 10)
captureDispatchPointer( 3999191025000,3999191025000, 0, 876.188721, 1844.039551,0.20784314,0.06666667,0,0.0,0.0,65539,0, 0)
captureUserWait ( 45 )
captureDispatchPointer( 3999191025000,3999236184000, 2, 876.188721, 1844.039551,0.20784314,0.06666667,0,0.0,0.0,65539,0, 0)
captureUserWait ( 8 )
captureDispatchPointer( 3999191025000,3999244451000, 1, 876.188721, 1844.039551,0.20784314,0.06666667,0,0.0,0.0,65539,0, 0)
captureUserWait ( 1167 )
compareScreenshot(2014-10-07_04-03-45.jpg, 0, 0, 1080, 1920, 0, 1.0, 10)
captureDispatchPointer( 4000411495000,4000411495000, 0, 712.340454, 788.589233,0.20784314,0.06666667,0,0.0,0.0,65539,0, 0)
captureUserWait ( 53 )
captureDispatchPointer( 4000411495000,4000465449000, 2, 712.340454, 788.589233,0.20784314,0.06666667,0,0.0,0.0,65539,0, 0)
captureUserWait ( 8 )
captureDispatchPointer( 4000411495000,4000473960000, 1, 712.340454, 788.589233,0.20784314,0.06666667,0,0.0,0.0,65539,0, 0)
captureUserWait ( 1005 )
compareScreenshot(2014-10-07_04-03-46.jpg, 0, 0, 1080, 1920, 0, 1.0, 10)
captureDispatchPointer( 4001479618000,4001479618000, 0, 864.199829, 1676.126953,0.20784314,0.06666667,0,0.0,0.0,65539,0, 0)
captureUserWait ( 27 )
captureDispatchPointer( 4001479618000,4001506645000, 2, 864.199829, 1676.126953,0.20784314,0.06666667,0,0.0,0.0,65539,0, 0)
captureUserWait ( 27 )
captureDispatchPointer( 4001479618000,4001534501000, 2, 865.198914, 1676.126953,0.20784314,0.06666667,0,0.0,0.0,65539,0, 0)
captureUserWait ( 17 )
captureDispatchPointer( 4001479618000,4001552111000, 1, 865.198914, 1676.126953,0.20784314,0.06666667,0,0.0,0.0,65539,0, 0)
captureUserWait ( 417 )
captureDispatchPointer( 4001969157000,4001969157000, 0, 913.154480, 1346.298828,0.20784314,0.06666667,0,0.0,0.0,65539,0, 0)
captureUserWait ( 44 )
captureDispatchPointer( 4001969157000,4002013940000, 1, 913.154480, 1346.298828,0.20784314,0.06666667,0,0.0,0.0,65539,0, 0)
captureUserWait ( 546 )
captureDispatchPointer( 4002560274000,4002560274000, 0, 386.641998, 1352.295654,0.20784314,0.06666667,0,0.0,0.0,65539,0, 0)
captureUserWait ( 92 )
captureDispatchPointer( 4002560274000,4002652505000, 1, 386.641998, 1352.295654,0.20784314,0.06666667,0,0.0,0.0,65539,0, 0)
captureUserWait ( 832 )
captureDispatchPointer( 4003484509000,4003484509000, 0, 762.294189, 1684.122803,0.20784314,0.06666667,0,0.0,0.0,65539,0, 0)
captureUserWait ( 54 )
captureDispatchPointer( 4003484509000,4003539474000, 2, 762.294189, 1684.122803,0.20784314,0.06666667,0,0.0,0.0,65539,0, 0)
captureUserWait ( 8 )
captureDispatchPointer( 4003484509000,4003547921000, 1, 762.294189, 1684.122803,0.20784314,0.06666667,0,0.0,0.0,65539,0, 0)
captureUserWait ( 1348 )
compareScreenshot(2014-10-07_04-03-49.jpg, 0, 0, 1080, 1920, 0, 1.0, 10)
captureDispatchPointer( 4004896868000,4004896868000, 0, 810.249756, 1326.309204,0.20784314,0.06666667,0,0.0,0.0,65539,0, 0)
captureUserWait ( 9 )
captureDispatchPointer( 4004896868000,4004905898000, 2, 810.249756, 1326.309204,0.20784314,0.06666667,0,0.0,0.0,65539,0, 0)
captureUserWait ( 73 )
captureDispatchPointer( 4004896868000,4004979715000, 2, 810.249756, 1326.309204,0.20784314,0.06666667,0,0.0,0.0,65539,0, 0)
captureUserWait ( 8 )
captureDispatchPointer( 4004896868000,4004988024000, 1, 810.249756, 1326.309204,0.20784314,0.06666667,0,0.0,0.0,65539,0, 0)
captureUserWait ( 490 )
captureDispatchPointer( 4005478635000,4005478635000, 0, 784.273804, 1695.117065,0.20784314,0.06666667,0,0.0,0.0,65539,0, 0)
captureUserWait ( 82 )
captureDispatchPointer( 4005478635000,4005561432000, 1, 784.273804, 1695.117065,0.20784314,0.06666667,0,0.0,0.0,65539,0, 0)
captureUserWait ( 555 )
captureDispatchPointer( 4006117294000,4006117294000, 0, 561.480103, 1480.229004,0.20784314,0.06666667,0,0.0,0.0,65539,0, 0)
captureUserWait ( 18 )
captureDispatchPointer( 4006117294000,4006135874000, 2, 561.480103, 1480.229004,0.20784314,0.06666667,0,0.0,0.0,65539,0, 0)
captureUserWait ( 18 )
captureDispatchPointer( 4006117294000,4006154449000, 2, 561.480103, 1480.229004,0.20784314,0.06666667,0,0.0,0.0,65539,0, 0)
captureUserWait ( 27 )
captureDispatchPointer( 4006117294000,4006182304000, 2, 561.480103, 1480.229004,0.20784314,0.06666667,0,0.0,0.0,65539,0, 0)
captureUserWait ( 8 )
captureDispatchPointer( 4006117294000,4006190731000, 1, 561.480103, 1480.229004,0.20784314,0.06666667,0,0.0,0.0,65539,0, 0)
captureUserWait ( 1056 )
compareScreenshot(2014-10-07_04-03-52.jpg, 0, 0, 1080, 1920, 0, 1.0, 10)
captureDispatchPointer( 4007247080000,4007247080000, 0, 893.172974, 1839.042114,0.20784314,0.06666667,0,0.0,0.0,65539,0, 0)
captureUserWait ( 36 )
captureDispatchPointer( 4007247080000,4007283595000, 2, 893.172974, 1840.041626,0.20784314,0.06666667,0,0.0,0.0,65539,0, 0)
captureUserWait ( 8 )
captureDispatchPointer( 4007247080000,4007291908000, 1, 893.172974, 1840.041626,0.20784314,0.06666667,0,0.0,0.0,65539,0, 0)
captureUserWait ( 453 )
captureDispatchPointer( 4007745466000,4007745466000, 0, 680.370056, 1833.045288,0.20784314,0.06666667,0,0.0,0.0,65539,0, 0)
captureUserWait ( 54 )
captureDispatchPointer( 4007745466000,4007800217000, 1, 680.370056, 1833.045288,0.20784314,0.06666667,0,0.0,0.0,65539,0, 0)
captureUserWait ( 767 )
captureDispatchPointer( 4008567571000,4008567571000, 0, 347.678070, 1501.218018,0.20784314,0.06666667,0,0.0,0.0,65539,0, 0)
captureUserWait ( 8 )
captureDispatchPointer( 4008567571000,4008576266000, 2, 347.678070, 1501.218018,0.20784314,0.06666667,0,0.0,0.0,65539,0, 0)
captureUserWait ( 8 )
captureDispatchPointer( 4008567571000,4008584366000, 1, 347.678070, 1501.218018,0.20784314,0.06666667,0,0.0,0.0,65539,0, 0)
captureUserWait ( 491 )
captureDispatchPointer( 4009075389000,4009075389000, 0, 926.142456, 1329.307617,0.20784314,0.06666667,0,0.0,0.0,65539,0, 0)
captureUserWait ( 64 )
captureDispatchPointer( 4009075389000,4009139960000, 1, 926.142456, 1329.307617,0.20784314,0.06666667,0,0.0,0.0,65539,0, 0)
captureUserWait ( 499 )
captureDispatchPointer( 4009638977000,4009638977000, 0, 773.283997, 1682.123901,0.20784314,0.06666667,0,0.0,0.0,65539,0, 0)
captureUserWait ( 73 )
captureDispatchPointer( 4009638977000,4009712578000, 1, 773.283997, 1682.123901,0.20784314,0.06666667,0,0.0,0.0,65539,0, 0)
captureUserWait ( 799 )
captureDispatchPointer( 4010512560000,4010512560000, 0, 68.936172, 1833.045288,0.20784314,0.06666667,0,0.0,0.0,65539,0, 0)
captureUserWait ( 8 )
captureDispatchPointer( 4010512560000,4010521104000, 2, 68.936172, 1833.045288,0.20784314,0.06666667,0,0.0,0.0,65539,0, 0)
captureUserWait ( 64 )
captureDispatchPointer( 4010512560000,4010585203000, 1, 68.936172, 1833.045288,0.20784314,0.06666667,0,0.0,0.0,65539,0, 0)
captureUserWait ( 1492 )
compareScreenshot(2014-10-07_04-03-56.jpg, 0, 0, 1080, 1920, 0, 1.0, 10)
captureDispatchPointer( 4012077935000,4012077935000, 0, 470.564301, 1670.130127,0.20784314,0.06666667,0,0.0,0.0,65539,0, 0)
captureUserWait ( 8 )
captureDispatchPointer( 4012077935000,4012086158000, 2, 470.564301, 1670.130127,0.20784314,0.06666667,0,0.0,0.0,65539,0, 0)
captureUserWait ( 17 )
captureDispatchPointer( 4012077935000,4012104133000, 2, 470.564301, 1671.129639,0.20784314,0.06666667,0,0.0,0.0,65539,0, 0)
captureUserWait ( 9 )
captureDispatchPointer( 4012077935000,4012113488000, 2, 470.564301, 1672.129028,0.20784314,0.06666667,0,0.0,0.0,65539,0, 0)
captureUserWait ( 46 )
captureDispatchPointer( 4012077935000,4012159968000, 2, 470.564301, 1672.129028,0.20784314,0.06666667,0,0.0,0.0,65539,0, 0)
captureUserWait ( 9 )
captureDispatchPointer( 4012077935000,4012169287000, 2, 470.564301, 1672.129028,0.20784314,0.06666667,0,0.0,0.0,65539,0, 0)
captureUserWait ( 8 )
captureDispatchPointer( 4012077935000,4012177664000, 1, 470.564301, 1672.129028,0.20784314,0.06666667,0,0.0,0.0,65539,0, 0)
captureUserWait ( 304 )
captureDispatchPointer( 4012482654000,4012482654000, 0, 56.947273, 1809.057739,0.20784314,0.06666667,0,0.0,0.0,65539,0, 0)
captureUserWait ( 8 )
captureDispatchPointer( 4012482654000,4012491466000, 2, 56.947273, 1809.057739,0.20784314,0.06666667,0,0.0,0.0,65539,0, 0)
captureUserWait ( 37 )
captureDispatchPointer( 4012482654000,4012528827000, 2, 56.947273, 1810.057251,0.20784314,0.06666667,0,0.0,0.0,65539,0, 0)
captureUserWait ( 18 )
captureDispatchPointer( 4012482654000,4012547198000, 2, 56.947273, 1810.057251,0.20784314,0.06666667,0,0.0,0.0,65539,0, 0)
captureUserWait ( 9 )
captureDispatchPointer( 4012482654000,4012556536000, 2, 56.947273, 1811.056641,0.20784314,0.06666667,0,0.0,0.0,65539,0, 0)
captureUserWait ( 27 )
captureDispatchPointer( 4012482654000,4012584445000, 2, 56.947273, 1811.056641,0.20784314,0.06666667,0,0.0,0.0,65539,0, 0)
captureUserWait ( 27 )
captureDispatchPointer( 4012482654000,4012611589000, 1, 56.947273, 1811.056641,0.20784314,0.06666667,0,0.0,0.0,65539,0, 0)
captureUserWait ( 636 )
captureDispatchPointer( 4013248583000,4013248583000, 0, 495.541168, 1319.312866,0.20784314,0.06666667,0,0.0,0.0,65539,0, 0)
captureUserWait ( 8 )
captureDispatchPointer( 4013248583000,4013257037000, 2, 495.541168, 1319.312866,0.20784314,0.06666667,0,0.0,0.0,65539,0, 0)
captureUserWait ( 27 )
captureDispatchPointer( 4013248583000,4013284807000, 2, 495.541168, 1319.312866,0.20784314,0.06666667,0,0.0,0.0,65539,0, 0)
captureUserWait ( 9 )
captureDispatchPointer( 4013248583000,4013294043000, 2, 495.541168, 1319.312866,0.20784314,0.06666667,0,0.0,0.0,65539,0, 0)
captureUserWait ( 9 )
captureDispatchPointer( 4013248583000,4013303127000, 1, 495.541168, 1319.312866,0.20784314,0.06666667,0,0.0,0.0,65539,0, 0)
captureUserWait ( 617 )
captureDispatchPointer( 4013920715000,4013920715000, 0, 627.419067, 1848.037476,0.20784314,0.06666667,0,0.0,0.0,65539,0, 0)
captureUserWait ( 17 )
captureDispatchPointer( 4013920715000,4013938565000, 2, 627.419067, 1848.037476,0.20784314,0.06666667,0,0.0,0.0,65539,0, 0)
captureUserWait ( 9 )
captureDispatchPointer( 4013920715000,4013947843000, 2, 627.419067, 1848.037476,0.20784314,0.06666667,0,0.0,0.0,65539,0, 0)
captureUserWait ( 27 )
captureDispatchPointer( 4013920715000,4013975734000, 2, 627.419067, 1848.037476,0.20784314,0.06666667,0,0.0,0.0,65539,0, 0)
captureUserWait ( 8 )
captureDispatchPointer( 4013920715000,4013984034000, 1, 627.419067, 1848.037476,0.20784314,0.06666667,0,0.0,0.0,65539,0, 0)
captureUserWait ( 481 )
captureDispatchPointer( 4014465780000,4014465780000, 0, 668.381104, 1672.129028,0.20784314,0.06666667,0,0.0,0.0,65539,0, 0)
captureUserWait ( 64 )
captureDispatchPointer( 4014465780000,4014530553000, 2, 668.381104, 1672.129028,0.20784314,0.06666667,0,0.0,0.0,65539,0, 0)
captureUserWait ( 8 )
captureDispatchPointer( 4014465780000,4014539267000, 1, 668.381104, 1672.129028,0.20784314,0.06666667,0,0.0,0.0,65539,0, 0)
captureUserWait ( 360 )
captureDispatchPointer( 4014899667000,4014899667000, 0, 279.740967, 1342.300903,0.20784314,0.06666667,0,0.0,0.0,65539,0, 0)
captureUserWait ( 8 )
captureDispatchPointer( 4014899667000,4014908578000, 2, 279.740967, 1342.300903,0.20784314,0.06666667,0,0.0,0.0,65539,0, 0)
captureUserWait ( 65 )
captureDispatchPointer( 4014899667000,4014973683000, 2, 279.740967, 1342.300903,0.20784314,0.06666667,0,0.0,0.0,65539,0, 0)
captureUserWait ( 9 )
captureDispatchPointer( 4014899667000,4014983006000, 2, 279.740967, 1342.300903,0.20784314,0.06666667,0,0.0,0.0,65539,0, 0)
captureUserWait ( 8 )
captureDispatchPointer( 4014899667000,4014991536000, 1, 279.740967, 1342.300903,0.20784314,0.06666667,0,0.0,0.0,65539,0, 0)
captureUserWait ( 967 )
captureDispatchPointer( 4015959470000,4015959470000, 0, 699.352478, 1847.037964,0.20784314,0.06666667,0,0.0,0.0,65539,0, 0)
captureUserWait ( 27 )
captureDispatchPointer( 4015959470000,4015986523000, 2, 699.352478, 1847.037964,0.20784314,0.06666667,0,0.0,0.0,65539,0, 0)
captureUserWait ( 26 )
captureDispatchPointer( 4015959470000,4016013506000, 1, 699.352478, 1847.037964,0.20784314,0.06666667,0,0.0,0.0,65539,0, 0)
captureUserWait ( 491 )
captureDispatchPointer( 4016505080000,4016505080000, 0, 974.098083, 1488.224854,0.20784314,0.06666667,0,0.0,0.0,65539,0, 0)
captureUserWait ( 26 )
captureDispatchPointer( 4016505080000,4016532077000, 2, 974.098083, 1489.224365,0.20784314,0.06666667,0,0.0,0.0,65539,0, 0)
captureUserWait ( 8 )
captureDispatchPointer( 4016505080000,4016540438000, 1, 974.098083, 1489.224365,0.20784314,0.06666667,0,0.0,0.0,65539,0, 0)
captureUserWait ( 350 )
captureDispatchPointer( 4016891409000,4016891409000, 0, 102.904716, 1505.215942,0.20784314,0.06666667,0,0.0,0.0,65539,0, 0)
captureUserWait ( 9 )
captureDispatchPointer( 4016891409000,4016900833000, 2, 102.904716, 1505.215942,0.20784314,0.06666667,0,0.0,0.0,65539,0, 0)
captureUserWait ( 83 )
captureDispatchPointer( 4016891409000,4016984362000, 2, 102.904716, 1505.215942,0.20784314,0.06666667,0,0.0,0.0,65539,0, 0)
captureUserWait ( 8 )
captureDispatchPointer( 4016891409000,4016992997000, 1, 102.904716, 1505.215942,0.20784314,0.06666667,0,0.0,0.0,65539,0, 0)
captureUserWait ( 481 )
captureDispatchPointer( 4017474102000,4017474102000, 0, 484.551331, 1335.304443,0.20784314,0.06666667,0,0.0,0.0,65539,0, 0)
captureUserWait ( 19 )
captureDispatchPointer( 4017474102000,4017493472000, 2, 484.551331, 1335.304443,0.20784314,0.06666667,0,0.0,0.0,65539,0, 0)
captureUserWait ( 8 )
captureDispatchPointer( 4017474102000,4017502246000, 2, 484.551331, 1335.304443,0.20784314,0.06666667,0,0.0,0.0,65539,0, 0)
captureUserWait ( 37 )
captureDispatchPointer( 4017474102000,4017540107000, 2, 484.551331, 1335.304443,0.20784314,0.06666667,0,0.0,0.0,65539,0, 0)
captureUserWait ( 7 )
captureDispatchPointer( 4017474102000,4017547649000, 1, 484.551331, 1335.304443,0.20784314,0.06666667,0,0.0,0.0,65539,0, 0)
captureUserWait ( 351 )
captureDispatchPointer( 4017898874000,4017898874000, 0, 288.732666, 1312.316528,0.20784314,0.06666667,0,0.0,0.0,65539,0, 0)
captureUserWait ( 46 )
captureDispatchPointer( 4017898874000,4017945207000, 2, 288.732666, 1312.316528,0.20784314,0.06666667,0,0.0,0.0,65539,0, 0)
captureUserWait ( 9 )
captureDispatchPointer( 4017898874000,4017954504000, 2, 288.732666, 1313.315918,0.20784314,0.06666667,0,0.0,0.0,65539,0, 0)
captureUserWait ( 18 )
captureDispatchPointer( 4017898874000,4017973081000, 2, 288.732666, 1313.315918,0.20784314,0.06666667,0,0.0,0.0,65539,0, 0)
captureUserWait ( 9 )
captureDispatchPointer( 4017898874000,4017982400000, 2, 288.732666, 1314.315430,0.20784314,0.06666667,0,0.0,0.0,65539,0, 0)
captureUserWait ( 8 )
captureDispatchPointer( 4017898874000,4017990490000, 1, 288.732666, 1314.315430,0.20784314,0.06666667,0,0.0,0.0,65539,0, 0)
captureUserWait ( 940 )
captureDispatchPointer( 4018930649000,4018930649000, 0, 632.414429, 1840.041626,0.20784314,0.06666667,0,0.0,0.0,65539,0, 0)
captureUserWait ( 17 )
captureDispatchPointer( 4018930649000,4018948433000, 2, 632.414429, 1841.041138,0.20784314,0.06666667,0,0.0,0.0,65539,0, 0)
captureUserWait ( 9 )
captureDispatchPointer( 4018930649000,4018957752000, 2, 632.414429, 1842.040527,0.20784314,0.06666667,0,0.0,0.0,65539,0, 0)
captureUserWait ( 19 )
captureDispatchPointer( 4018930649000,4018976772000, 2, 632.414429, 1842.040527,0.20784314,0.06666667,0,0.0,0.0,65539,0, 0)
captureUserWait ( 7 )
captureDispatchPointer( 4018930649000,4018984518000, 1, 632.414429, 1842.040527,0.20784314,0.06666667,0,0.0,0.0,65539,0, 0)
captureUserWait ( 939 )
captureDispatchPointer( 4019924139000,4019924139000, 0, 504.532837, 1344.299805,0.20784314,0.06666667,0,0.0,0.0,65539,0, 0)
captureUserWait ( 17 )
captureDispatchPointer( 4019924139000,4019942003000, 2, 504.532837, 1344.299805,0.20784314,0.06666667,0,0.0,0.0,65539,0, 0)
captureUserWait ( 18 )
captureDispatchPointer( 4019924139000,4019960554000, 2, 504.532837, 1344.299805,0.20784314,0.06666667,0,0.0,0.0,65539,0, 0)
captureUserWait ( 9 )
captureDispatchPointer( 4019924139000,4019969827000, 2, 504.532837, 1344.299805,0.20784314,0.06666667,0,0.0,0.0,65539,0, 0)
captureUserWait ( 46 )
captureDispatchPointer( 4019924139000,4020016449000, 2, 503.533752, 1344.299805,0.20784314,0.06666667,0,0.0,0.0,65539,0, 0)
captureUserWait ( 8 )
captureDispatchPointer( 4019924139000,4020024722000, 1, 503.533752, 1344.299805,0.20784314,0.06666667,0,0.0,0.0,65539,0, 0)
captureUserWait ( 407 )
captureDispatchPointer( 4020432340000,4020432340000, 0, 904.162842, 1356.293579,0.20784314,0.06666667,0,0.0,0.0,65539,0, 0)
captureUserWait ( 72 )
captureDispatchPointer( 4020432340000,4020505072000, 1, 904.162842, 1356.293579,0.20784314,0.06666667,0,0.0,0.0,65539,0, 0)
captureUserWait ( 1362 )
compareScreenshot(2014-10-07_04-04-06.jpg, 0, 0, 1080, 1920, 0, 1.0, 10)
captureDispatchPointer( 4021867694000,4021867694000, 0, 997.076782, 1666.132202,0.20784314,0.06666667,0,0.0,0.0,65539,0, 0)
captureUserWait ( 72 )
captureDispatchPointer( 4021867694000,4021940346000, 1, 997.076782, 1666.132202,0.20784314,0.06666667,0,0.0,0.0,65539,0, 0)
captureUserWait ( 233 )
captureDispatchPointer( 4022173891000,4022173891000, 0, 1005.069397, 1666.132202,0.20784314,0.06666667,0,0.0,0.0,65539,0, 0)
captureUserWait ( 37 )
captureDispatchPointer( 4022173891000,4022211030000, 2, 1005.069397, 1667.131714,0.20784314,0.06666667,0,0.0,0.0,65539,0, 0)
captureUserWait ( 9 )
captureDispatchPointer( 4022173891000,4022220385000, 2, 1005.069397, 1668.131104,0.20784314,0.06666667,0,0.0,0.0,65539,0, 0)
captureUserWait ( 9 )
captureDispatchPointer( 4022173891000,4022229710000, 2, 1005.069397, 1668.131104,0.20784314,0.06666667,0,0.0,0.0,65539,0, 0)
captureUserWait ( 9 )
captureDispatchPointer( 4022173891000,4022238975000, 2, 1005.069397, 1668.131104,0.20784314,0.06666667,0,0.0,0.0,65539,0, 0)
captureUserWait ( 17 )
captureDispatchPointer( 4022173891000,4022256559000, 1, 1005.069397, 1668.131104,0.20784314,0.06666667,0,0.0,0.0,65539,0, 0)
captureUserWait ( 968 )
captureDispatchPointer( 4023225134000,4023225134000, 0, 421.609619, 1504.216553,0.20784314,0.06666667,0,0.0,0.0,65539,0, 0)
captureUserWait ( 100 )
captureDispatchPointer( 4023225134000,4023325858000, 1, 421.609619, 1504.216553,0.20784314,0.06666667,0,0.0,0.0,65539,0, 0)
captureUserWait ( 444 )
captureDispatchPointer( 4023770623000,4023770623000, 0, 912.155396, 1335.304443,0.20784314,0.06666667,0,0.0,0.0,65539,0, 0)
captureUserWait ( 17 )
captureDispatchPointer( 4023770623000,4023788394000, 2, 912.155396, 1335.304443,0.20784314,0.06666667,0,0.0,0.0,65539,0, 0)
captureUserWait ( 18 )
captureDispatchPointer( 4023770623000,4023807054000, 2, 912.155396, 1335.304443,0.20784314,0.06666667,0,0.0,0.0,65539,0, 0)
captureUserWait ( 8 )
captureDispatchPointer( 4023770623000,4023815369000, 1, 912.155396, 1335.304443,0.20784314,0.06666667,0,0.0,0.0,65539,0, 0)
captureUserWait ( 454 )
captureDispatchPointer( 4024269584000,4024269584000, 0, 362.664215, 1337.303467,0.20784314,0.06666667,0,0.0,0.0,65539,0, 0)
captureUserWait ( 36 )
captureDispatchPointer( 4024269584000,4024305980000, 2, 362.664215, 1337.303467,0.20784314,0.06666667,0,0.0,0.0,65539,0, 0)
captureUserWait ( 9 )
captureDispatchPointer( 4024269584000,4024315270000, 2, 362.664215, 1337.303467,0.20784314,0.06666667,0,0.0,0.0,65539,0, 0)
captureUserWait ( 9 )
captureDispatchPointer( 4024269584000,4024324662000, 2, 362.664215, 1337.303467,0.20784314,0.06666667,0,0.0,0.0,65539,0, 0)
captureUserWait ( 36 )
captureDispatchPointer( 4024269584000,4024360875000, 1, 362.664215, 1337.303467,0.20784314,0.06666667,0,0.0,0.0,65539,0, 0)
captureUserWait ( 912 )
captureDispatchPointer( 4025272879000,4025272879000, 0, 689.361694, 1851.035889,0.20784314,0.06666667,0,0.0,0.0,65539,0, 0)
captureUserWait ( 45 )
captureDispatchPointer( 4025272879000,4025318557000, 2, 690.360779, 1851.035889,0.20784314,0.06666667,0,0.0,0.0,65539,0, 0)
captureUserWait ( 9 )
captureDispatchPointer( 4025272879000,4025327877000, 2, 691.359863, 1851.035889,0.20784314,0.06666667,0,0.0,0.0,65539,0, 0)
captureUserWait ( 8 )
captureDispatchPointer( 4025272879000,4025336145000, 1, 691.359863, 1851.035889,0.20784314,0.06666667,0,0.0,0.0,65539,0, 0)
captureUserWait ( 711 )
captureDispatchPointer( 4026047536000,4026047536000, 0, 496.540253, 1336.303955,0.20784314,0.06666667,0,0.0,0.0,65539,0, 0)
captureUserWait ( 82 )
captureDispatchPointer( 4026047536000,4026130364000, 2, 496.540253, 1336.303955,0.20784314,0.06666667,0,0.0,0.0,65539,0, 0)
captureUserWait ( 8 )
captureDispatchPointer( 4026047536000,4026138754000, 1, 496.540253, 1336.303955,0.20784314,0.06666667,0,0.0,0.0,65539,0, 0)
captureUserWait ( 416 )
captureDispatchPointer( 4026554887000,4026554887000, 0, 914.153564, 1340.301880,0.20784314,0.06666667,0,0.0,0.0,65539,0, 0)
captureUserWait ( 82 )
captureDispatchPointer( 4026554887000,4026637419000, 1, 914.153564, 1340.301880,0.20784314,0.06666667,0,0.0,0.0,65539,0, 0)
captureUserWait ( 417 )
captureDispatchPointer( 4027054680000,4027054680000, 0, 310.712311, 1500.218628,0.20784314,0.06666667,0,0.0,0.0,65539,0, 0)
captureUserWait ( 55 )
captureDispatchPointer( 4027054680000,4027109786000, 2, 310.712311, 1500.218628,0.20784314,0.06666667,0,0.0,0.0,65539,0, 0)
captureUserWait ( 55 )
captureDispatchPointer( 4027054680000,4027165579000, 2, 310.712311, 1500.218628,0.20784314,0.06666667,0,0.0,0.0,65539,0, 0)
captureUserWait ( 8 )
captureDispatchPointer( 4027054680000,4027173826000, 1, 310.712311, 1500.218628,0.20784314,0.06666667,0,0.0,0.0,65539,0, 0)
captureUserWait ( 370 )
captureDispatchPointer( 4027544349000,4027544349000, 0, 114.893616, 1512.212402,0.20784314,0.06666667,0,0.0,0.0,65539,0, 0)
captureUserWait ( 100 )
captureDispatchPointer( 4027544349000,4027644914000, 1, 114.893616, 1512.212402,0.20784314,0.06666667,0,0.0,0.0,65539,0, 0)
captureUserWait ( 435 )
captureDispatchPointer( 4028080073000,4028080073000, 0, 607.437561, 1338.302979,0.20784314,0.06666667,0,0.0,0.0,65539,0, 0)
captureUserWait ( 27 )
captureDispatchPointer( 4028080073000,4028107931000, 2, 607.437561, 1338.302979,0.20784314,0.06666667,0,0.0,0.0,65539,0, 0)
captureUserWait ( 55 )
captureDispatchPointer( 4028080073000,4028163551000, 2, 607.437561, 1338.302979,0.20784314,0.06666667,0,0.0,0.0,65539,0, 0)
captureUserWait ( 8 )
captureDispatchPointer( 4028080073000,4028171911000, 1, 607.437561, 1338.302979,0.20784314,0.06666667,0,0.0,0.0,65539,0, 0)
captureUserWait ( 1817 )
compareScreenshot(2014-10-07_04-04-14.jpg, 0, 0, 1080, 1920, 0, 1.0, 10)
captureDispatchPointer( 4029989738000,4029989738000, 0, 54.949120, 1826.048828,0.20784314,0.06666667,0,0.0,0.0,65539,0, 0)
captureUserWait ( 26 )
captureDispatchPointer( 4029989738000,4030016089000, 2, 54.949120, 1826.048828,0.20784314,0.06666667,0,0.0,0.0,65539,0, 0)
captureUserWait ( 46 )
captureDispatchPointer( 4029989738000,4030062626000, 2, 54.949120, 1826.048828,0.20784314,0.06666667,0,0.0,0.0,65539,0, 0)
captureUserWait ( 9 )
captureDispatchPointer( 4029989738000,4030071945000, 2, 54.949120, 1826.048828,0.20784314,0.06666667,0,0.0,0.0,65539,0, 0)
captureUserWait ( 9 )
captureDispatchPointer( 4029989738000,4030081256000, 2, 54.949120, 1826.048828,0.20784314,0.06666667,0,0.0,0.0,65539,0, 0)
captureUserWait ( 9 )
captureDispatchPointer( 4029989738000,4030090544000, 2, 54.949120, 1826.048828,0.20784314,0.06666667,0,0.0,0.0,65539,0, 0)
captureUserWait ( 18 )
captureDispatchPointer( 4029989738000,4030109085000, 2, 54.949120, 1826.048828,0.20784314,0.06666667,0,0.0,0.0,65539,0, 0)
captureUserWait ( 8 )
captureDispatchPointer( 4029989738000,4030117522000, 1, 54.949120, 1826.048828,0.20784314,0.06666667,0,0.0,0.0,65539,0, 0)
captureUserWait ( 930 )
captureDispatchPointer( 4031048489000,4031048489000, 0, 454.579102, 1667.131714,0.20784314,0.06666667,0,0.0,0.0,65539,0, 0)
captureUserWait ( 45 )
captureDispatchPointer( 4031048489000,4031094141000, 2, 454.579102, 1667.131714,0.20784314,0.06666667,0,0.0,0.0,65539,0, 0)
captureUserWait ( 8 )
captureDispatchPointer( 4031048489000,4031102565000, 1, 454.579102, 1667.131714,0.20784314,0.06666667,0,0.0,0.0,65539,0, 0)
captureUserWait ( 313 )
captureDispatchPointer( 4031416338000,4031416338000, 0, 52.950974, 1795.065063,0.20784314,0.06666667,0,0.0,0.0,65539,0, 0)
captureUserWait ( 9 )
captureDispatchPointer( 4031416338000,4031425936000, 2, 52.950974, 1795.065063,0.20784314,0.06666667,0,0.0,0.0,65539,0, 0)
captureUserWait ( 8 )
captureDispatchPointer( 4031416338000,4031434924000, 2, 52.950974, 1795.065063,0.20784314,0.06666667,0,0.0,0.0,65539,0, 0)
captureUserWait ( 73 )
captureDispatchPointer( 4031416338000,4031508474000, 1, 52.950974, 1795.065063,0.20784314,0.06666667,0,0.0,0.0,65539,0, 0)
captureUserWait ( 675 )
captureDispatchPointer( 4032183818000,4032183818000, 0, 207.807587, 1519.208740,0.20784314,0.06666667,0,0.0,0.0,65539,0, 0)
captureUserWait ( 16 )
captureDispatchPointer( 4032183818000,4032200266000, 2, 207.807587, 1519.208740,0.20784314,0.06666667,0,0.0,0.0,65539,0, 0)
captureUserWait ( 37 )
captureDispatchPointer( 4032183818000,4032237559000, 2, 207.807587, 1519.208740,0.20784314,0.06666667,0,0.0,0.0,65539,0, 0)
captureUserWait ( 8 )
captureDispatchPointer( 4032183818000,4032245930000, 1, 207.807587, 1519.208740,0.20784314,0.06666667,0,0.0,0.0,65539,0, 0)
captureUserWait ( 673 )
captureDispatchPointer( 4032919811000,4032919811000, 0, 718.334900, 1841.041138,0.20784314,0.06666667,0,0.0,0.0,65539,0, 0)
captureUserWait ( 55 )
captureDispatchPointer( 4032919811000,4032974829000, 2, 718.334900, 1841.041138,0.20784314,0.06666667,0,0.0,0.0,65539,0, 0)
captureUserWait ( 8 )
captureDispatchPointer( 4032919811000,4032983237000, 1, 718.334900, 1841.041138,0.20784314,0.06666667,0,0.0,0.0,65539,0, 0)
captureUserWait ( 618 )
captureDispatchPointer( 4033601420000,4033601420000, 0, 559.481934, 1517.209717,0.20784314,0.06666667,0,0.0,0.0,65539,0, 0)
captureUserWait ( 17 )
captureDispatchPointer( 4033601420000,4033619039000, 2, 559.481934, 1517.209717,0.20784314,0.06666667,0,0.0,0.0,65539,0, 0)
captureUserWait ( 17 )
captureDispatchPointer( 4033601420000,4033636748000, 1, 559.481934, 1517.209717,0.20784314,0.06666667,0,0.0,0.0,65539,0, 0)
captureUserWait ( 397 )
captureDispatchPointer( 4034034719000,4034034719000, 0, 97.909348, 1479.229492,0.20784314,0.06666667,0,0.0,0.0,65539,0, 0)
captureUserWait ( 8 )
captureDispatchPointer( 4034034719000,4034043649000, 2, 97.909348, 1479.229492,0.20784314,0.06666667,0,0.0,0.0,65539,0, 0)
captureUserWait ( 27 )
captureDispatchPointer( 4034034719000,4034071641000, 2, 97.909348, 1479.229492,0.20784314,0.06666667,0,0.0,0.0,65539,0, 0)
captureUserWait ( 9 )
captureDispatchPointer( 4034034719000,4034080929000, 2, 96.910271, 1479.229492,0.20784314,0.06666667,0,0.0,0.0,65539,0, 0)
captureUserWait ( 19 )
captureDispatchPointer( 4034034719000,4034099986000, 2, 95.911194, 1480.229004,0.20784314,0.06666667,0,0.0,0.0,65539,0, 0)
captureUserWait ( 8 )
captureDispatchPointer( 4034034719000,4034108842000, 2, 95.911194, 1481.228516,0.20784314,0.06666667,0,0.0,0.0,65539,0, 0)
captureUserWait ( 9 )
captureDispatchPointer( 4034034719000,4034118107000, 2, 94.912117, 1482.228027,0.20784314,0.06666667,0,0.0,0.0,65539,0, 0)
captureUserWait ( 9 )
captureDispatchPointer( 4034034719000,4034127430000, 2, 94.912117, 1483.227417,0.20784314,0.06666667,0,0.0,0.0,65539,0, 0)
captureUserWait ( 8 )
captureDispatchPointer( 4034034719000,4034135599000, 1, 94.912117, 1483.227417,0.20784314,0.06666667,0,0.0,0.0,65539,0, 0)
captureUserWait ( 417 )
captureDispatchPointer( 4034552898000,4034552898000, 0, 494.542084, 1328.308105,0.20784314,0.06666667,0,0.0,0.0,65539,0, 0)
captureUserWait ( 101 )
captureDispatchPointer( 4034552898000,4034654380000, 2, 494.542084, 1328.308105,0.20784314,0.06666667,0,0.0,0.0,65539,0, 0)
captureUserWait ( 8 )
captureDispatchPointer( 4034552898000,4034662490000, 1, 494.542084, 1328.308105,0.20784314,0.06666667,0,0.0,0.0,65539,0, 0)
captureUserWait ( 416 )
captureDispatchPointer( 4035078985000,4035078985000, 0, 669.380188, 1523.206665,0.20784314,0.06666667,0,0.0,0.0,65539,0, 0)
captureUserWait ( 18 )
captureDispatchPointer( 4035078985000,4035097614000, 2, 669.380188, 1523.206665,0.20784314,0.06666667,0,0.0,0.0,65539,0, 0)
captureUserWait ( 54 )
captureDispatchPointer( 4035078985000,4035152376000, 1, 669.380188, 1523.206665,0.20784314,0.06666667,0,0.0,0.0,65539,0, 0)
captureUserWait ( 397 )
captureDispatchPointer( 4035550144000,4035550144000, 0, 281.739136, 1336.303955,0.20784314,0.06666667,0,0.0,0.0,65539,0, 0)
captureUserWait ( 83 )
captureDispatchPointer( 4035550144000,4035633673000, 2, 281.739136, 1336.303955,0.20784314,0.06666667,0,0.0,0.0,65539,0, 0)
captureUserWait ( 27 )
captureDispatchPointer( 4035550144000,4035661567000, 2, 281.739136, 1336.303955,0.20784314,0.06666667,0,0.0,0.0,65539,0, 0)
captureUserWait ( 8 )
captureDispatchPointer( 4035550144000,4035669888000, 1, 281.739136, 1336.303955,0.20784314,0.06666667,0,0.0,0.0,65539,0, 0)
captureUserWait ( 341 )
captureDispatchPointer( 4036011711000,4036011711000, 0, 374.653107, 1330.307129,0.20784314,0.06666667,0,0.0,0.0,65539,0, 0)
captureUserWait ( 28 )
captureDispatchPointer( 4036011711000,4036039865000, 2, 374.653107, 1331.306519,0.20784314,0.06666667,0,0.0,0.0,65539,0, 0)
captureUserWait ( 8 )
captureDispatchPointer( 4036011711000,4036048842000, 2, 374.653107, 1332.306030,0.20784314,0.06666667,0,0.0,0.0,65539,0, 0)
captureUserWait ( 9 )
captureDispatchPointer( 4036011711000,4036058115000, 2, 374.653107, 1333.305542,0.20784314,0.06666667,0,0.0,0.0,65539,0, 0)
captureUserWait ( 37 )
captureDispatchPointer( 4036011711000,4036095335000, 2, 374.653107, 1333.305542,0.20784314,0.06666667,0,0.0,0.0,65539,0, 0)
captureUserWait ( 9 )
captureDispatchPointer( 4036011711000,4036104777000, 2, 374.653107, 1334.305054,0.20784314,0.06666667,0,0.0,0.0,65539,0, 0)
captureUserWait ( 9 )
captureDispatchPointer( 4036011711000,4036114150000, 2, 374.653107, 1334.305054,0.20784314,0.06666667,0,0.0,0.0,65539,0, 0)
captureUserWait ( 8 )
captureDispatchPointer( 4036011711000,4036122179000, 1, 374.653107, 1334.305054,0.20784314,0.06666667,0,0.0,0.0,65539,0, 0)
captureUserWait ( 417 )
captureDispatchPointer( 4036539483000,4036539483000, 0, 817.243286, 1335.304443,0.20784314,0.06666667,0,0.0,0.0,65539,0, 0)
captureUserWait ( 55 )
captureDispatchPointer( 4036539483000,4036594567000, 2, 817.243286, 1336.303955,0.20784314,0.06666667,0,0.0,0.0,65539,0, 0)
captureUserWait ( 8 )
captureDispatchPointer( 4036539483000,4036603166000, 1, 817.243286, 1336.303955,0.20784314,0.06666667,0,0.0,0.0,65539,0, 0)
captureUserWait ( 397 )
captureDispatchPointer( 4037000916000,4037000916000, 0, 768.288635, 1665.132690,0.20784314,0.06666667,0,0.0,0.0,65539,0, 0)
captureUserWait ( 55 )
captureDispatchPointer( 4037000916000,4037056166000, 2, 768.288635, 1666.132202,0.20784314,0.06666667,0,0.0,0.0,65539,0, 0)
captureUserWait ( 9 )
captureDispatchPointer( 4037000916000,4037065403000, 2, 769.287720, 1667.131714,0.20784314,0.06666667,0,0.0,0.0,65539,0, 0)
captureUserWait ( 9 )
captureDispatchPointer( 4037000916000,4037074694000, 2, 770.286804, 1667.131714,0.20784314,0.06666667,0,0.0,0.0,65539,0, 0)
captureUserWait ( 8 )
captureDispatchPointer( 4037000916000,4037083066000, 1, 770.286804, 1667.131714,0.20784314,0.06666667,0,0.0,0.0,65539,0, 0)
captureUserWait ( 389 )
captureDispatchPointer( 4037472066000,4037472066000, 0, 508.529144, 1476.231079,0.20784314,0.06666667,0,0.0,0.0,65539,0, 0)
captureUserWait ( 83 )
captureDispatchPointer( 4037472066000,4037555463000, 2, 508.529144, 1476.231079,0.20784314,0.06666667,0,0.0,0.0,65539,0, 0)
captureUserWait ( 7 )
captureDispatchPointer( 4037472066000,4037563452000, 1, 508.529144, 1476.231079,0.20784314,0.06666667,0,0.0,0.0,65539,0, 0)
captureUserWait ( 1610 )
compareScreenshot(2014-10-07_04-04-23.jpg, 0, 0, 1080, 1920, 0, 1.0, 10)
captureDispatchPointer( 4039173576000,4039173576000, 0, 891.174866, 1836.043701,0.20784314,0.06666667,0,0.0,0.0,65539,0, 0)
captureUserWait ( 16 )
captureDispatchPointer( 4039173576000,4039190541000, 2, 891.174866, 1837.043213,0.20784314,0.06666667,0,0.0,0.0,65539,0, 0)
captureUserWait ( 9 )
captureDispatchPointer( 4039173576000,4039199764000, 2, 891.174866, 1837.043213,0.20784314,0.06666667,0,0.0,0.0,65539,0, 0)
captureUserWait ( 18 )
captureDispatchPointer( 4039173576000,4039218239000, 2, 891.174866, 1837.043213,0.20784314,0.06666667,0,0.0,0.0,65539,0, 0)
captureUserWait ( 8 )
captureDispatchPointer( 4039173576000,4039226797000, 1, 891.174866, 1837.043213,0.20784314,0.06666667,0,0.0,0.0,65539,0, 0)
captureUserWait ( 2367 )
compareScreenshot(2014-10-07_04-04-26.jpg, 0, 0, 1080, 1920, 0, 1.0, 10)
captureDispatchPointer( 4041594179000,4041594179000, 0, 853.210022, 157.917740,0.20784314,0.06666667,0,0.0,0.0,65539,0, 0)
captureUserWait ( 7 )
captureDispatchPointer( 4041594179000,4041601952000, 2, 853.210022, 157.917740,0.20784314,0.06666667,0,0.0,0.0,65539,0, 0)
captureUserWait ( 37 )
captureDispatchPointer( 4041594179000,4041639675000, 2, 853.210022, 157.917740,0.20784314,0.06666667,0,0.0,0.0,65539,0, 0)
captureUserWait ( 18 )
captureDispatchPointer( 4041594179000,4041657689000, 2, 853.210022, 157.917740,0.20784314,0.06666667,0,0.0,0.0,65539,0, 0)
captureUserWait ( 18 )
captureDispatchPointer( 4041594179000,4041676245000, 2, 853.210022, 157.917740,0.20784314,0.06666667,0,0.0,0.0,65539,0, 0)
captureUserWait ( 8 )
captureDispatchPointer( 4041594179000,4041684442000, 1, 853.210022, 157.917740,0.20784314,0.06666667,0,0.0,0.0,65539,0, 0)
captureUserWait ( 1895 )
compareScreenshot(2014-10-07_04-04-43.jpg, 0, 0, 1080, 1920, 0, 1.0, 10)
captureDispatchKey( 0, 0, 0, 3, 0,0,0,0)
captureUserWait ( 72 )
captureDispatchKey( 0, 0, 1, 3, 0,0,0,0)
captureUserWait ( 3647 )
compareScreenshot(2014-10-07_04-04-47.jpg, 0, 0, 1080, 1920, 0, 1.0, 10)
captureUserWait ( 1500 )
