type=raw events 1
count= 1
speed=1.0
start data >>

## set-time.txt

RunCmd(am start -n com.android.settings/.Settings --activity-single-top)
captureUserWait ( 4500 )

# scroll
compareScreenshot(2014-11-05_09-33-12.jpg, 0, 0, 1080, 1920, 0, 1.0, 10)
captureDispatchPointer( 133718502000,133718502000, 0, 615.430176, 1623.154541,0.20784314,0.06666667,0,0.0,0.0,65539,0, 0)
captureUserWait ( 44 )
captureDispatchPointer( 133718502000,133763284000, 2, 615.430176, 1623.154541,0.20784314,0.06666667,0,0.0,0.0,65539,0, 0)
captureUserWait ( 9 )
captureDispatchPointer( 133718502000,133772664000, 2, 615.430176, 1622.155029,0.20784314,0.06666667,0,0.0,0.0,65539,0, 0)
captureUserWait ( 9 )
captureDispatchPointer( 133718502000,133781936000, 2, 615.430176, 1621.155640,0.20784314,0.06666667,0,0.0,0.0,65539,0, 0)
captureUserWait ( 9 )
captureDispatchPointer( 133718502000,133791272000, 2, 616.429260, 1617.157715,0.20784314,0.06666667,0,0.0,0.0,65539,0, 0)
captureUserWait ( 9 )
captureDispatchPointer( 133718502000,133800590000, 2, 618.427368, 1611.160767,0.20784314,0.06666667,0,0.0,0.0,65539,0, 0)
captureUserWait ( 9 )
captureDispatchPointer( 133718502000,133809969000, 2, 621.424622, 1600.166504,0.20784314,0.06666667,0,0.0,0.0,65539,0, 0)
captureUserWait ( 9 )
captureDispatchPointer( 133718502000,133819279000, 2, 623.422729, 1589.172241,0.20784314,0.06666667,0,0.0,0.0,65539,0, 0)
captureUserWait ( 9 )
captureDispatchPointer( 133718502000,133828509000, 2, 624.421814, 1578.177979,0.20784314,0.06666667,0,0.0,0.0,65539,0, 0)
captureUserWait ( 9 )
captureDispatchPointer( 133718502000,133837883000, 2, 625.420898, 1568.183228,0.20784314,0.06666667,0,0.0,0.0,65539,0, 0)
captureUserWait ( 9 )
captureDispatchPointer( 133718502000,133847699000, 2, 626.419983, 1559.187866,0.20784314,0.06666667,0,0.0,0.0,65539,0, 0)
captureUserWait ( 8 )
captureDispatchPointer( 133718502000,133856444000, 2, 627.419067, 1550.192627,0.20784314,0.06666667,0,0.0,0.0,65539,0, 0)
captureUserWait ( 9 )
captureDispatchPointer( 133718502000,133865844000, 2, 629.417236, 1538.198853,0.20784314,0.06666667,0,0.0,0.0,65539,0, 0)
captureUserWait ( 9 )
captureDispatchPointer( 133718502000,133875171000, 2, 631.415344, 1523.206665,0.20784314,0.06666667,0,0.0,0.0,65539,0, 0)
captureUserWait ( 9 )
captureDispatchPointer( 133718502000,133884475000, 2, 633.413513, 1507.214966,0.20784314,0.06666667,0,0.0,0.0,65539,0, 0)
captureUserWait ( 9 )
captureDispatchPointer( 133718502000,133893808000, 2, 636.410706, 1492.222778,0.20784314,0.06666667,0,0.0,0.0,65539,0, 0)
captureUserWait ( 9 )
captureDispatchPointer( 133718502000,133903096000, 2, 639.407959, 1478.230103,0.20784314,0.06666667,0,0.0,0.0,65539,0, 0)
captureUserWait ( 9 )
captureDispatchPointer( 133718502000,133912424000, 2, 642.405212, 1466.236328,0.20784314,0.06666667,0,0.0,0.0,65539,0, 0)
captureUserWait ( 9 )
captureDispatchPointer( 133718502000,133921744000, 2, 645.402405, 1450.244629,0.20784314,0.06666667,0,0.0,0.0,65539,0, 0)
captureUserWait ( 9 )
captureDispatchPointer( 133718502000,133931089000, 2, 648.399658, 1435.252441,0.20784314,0.06666667,0,0.0,0.0,65539,0, 0)
captureUserWait ( 9 )
captureDispatchPointer( 133718502000,133940357000, 2, 652.395935, 1420.260254,0.20784314,0.06666667,0,0.0,0.0,65539,0, 0)
captureUserWait ( 9 )
captureDispatchPointer( 133718502000,133949660000, 2, 656.392212, 1405.268066,0.20784314,0.06666667,0,0.0,0.0,65539,0, 0)
captureUserWait ( 9 )
captureDispatchPointer( 133718502000,133958992000, 2, 659.389465, 1388.276855,0.20784314,0.06666667,0,0.0,0.0,65539,0, 0)
captureUserWait ( 9 )
captureDispatchPointer( 133718502000,133968287000, 2, 662.386658, 1368.287354,0.20784314,0.06666667,0,0.0,0.0,65539,0, 0)
captureUserWait ( 9 )
captureDispatchPointer( 133718502000,133977639000, 2, 666.382996, 1349.297241,0.20784314,0.06666667,0,0.0,0.0,65539,0, 0)
captureUserWait ( 9 )
captureDispatchPointer( 133718502000,133986912000, 2, 670.379272, 1331.306519,0.20784314,0.06666667,0,0.0,0.0,65539,0, 0)
captureUserWait ( 9 )
captureDispatchPointer( 133718502000,133996150000, 2, 673.376526, 1314.315430,0.20784314,0.06666667,0,0.0,0.0,65539,0, 0)
captureUserWait ( 9 )
captureDispatchPointer( 133718502000,134005516000, 2, 675.374634, 1295.325317,0.20784314,0.06666667,0,0.0,0.0,65539,0, 0)
captureUserWait ( 9 )
captureDispatchPointer( 133718502000,134014846000, 2, 677.372803, 1278.334229,0.20784314,0.06666667,0,0.0,0.0,65539,0, 0)
captureUserWait ( 9 )
captureDispatchPointer( 133718502000,134024092000, 2, 679.370972, 1262.342529,0.20784314,0.06666667,0,0.0,0.0,65539,0, 0)
captureUserWait ( 9 )
captureDispatchPointer( 133718502000,134033400000, 2, 680.370056, 1247.350342,0.20784314,0.06666667,0,0.0,0.0,65539,0, 0)
captureUserWait ( 9 )
captureDispatchPointer( 133718502000,134042702000, 2, 682.368164, 1233.357544,0.20784314,0.06666667,0,0.0,0.0,65539,0, 0)
captureUserWait ( 9 )
captureDispatchPointer( 133718502000,134052088000, 2, 683.367249, 1215.366943,0.20784314,0.06666667,0,0.0,0.0,65539,0, 0)
captureUserWait ( 9 )
captureDispatchPointer( 133718502000,134061337000, 2, 685.365417, 1198.375854,0.20784314,0.06666667,0,0.0,0.0,65539,0, 0)
captureUserWait ( 9 )
captureDispatchPointer( 133718502000,134070689000, 2, 686.364502, 1181.384644,0.20784314,0.06666667,0,0.0,0.0,65539,0, 0)
captureUserWait ( 9 )
captureDispatchPointer( 133718502000,134079954000, 2, 688.362610, 1165.392944,0.20784314,0.06666667,0,0.0,0.0,65539,0, 0)
captureUserWait ( 9 )
captureDispatchPointer( 133718502000,134089278000, 2, 690.360779, 1148.401855,0.20784314,0.06666667,0,0.0,0.0,65539,0, 0)
captureUserWait ( 9 )
captureDispatchPointer( 133718502000,134098630000, 2, 692.358948, 1128.412231,0.20784314,0.06666667,0,0.0,0.0,65539,0, 0)
captureUserWait ( 9 )
captureDispatchPointer( 133718502000,134107910000, 2, 694.357056, 1111.421143,0.20784314,0.06666667,0,0.0,0.0,65539,0, 0)
captureUserWait ( 9 )
captureDispatchPointer( 133718502000,134117233000, 2, 695.356140, 1096.428955,0.20784314,0.06666667,0,0.0,0.0,65539,0, 0)
captureUserWait ( 9 )
captureDispatchPointer( 133718502000,134126597000, 2, 696.355225, 1082.436157,0.20784314,0.06666667,0,0.0,0.0,65539,0, 0)
captureUserWait ( 9 )
captureDispatchPointer( 133718502000,134135867000, 2, 697.354309, 1068.443481,0.20784314,0.06666667,0,0.0,0.0,65539,0, 0)
captureUserWait ( 9 )
captureDispatchPointer( 133718502000,134145199000, 2, 698.353394, 1050.452881,0.20784314,0.06666667,0,0.0,0.0,65539,0, 0)
captureUserWait ( 9 )
captureDispatchPointer( 133718502000,134154467000, 2, 700.351501, 1035.460693,0.20784314,0.06666667,0,0.0,0.0,65539,0, 0)
captureUserWait ( 9 )
captureDispatchPointer( 133718502000,134163770000, 2, 701.350586, 1021.467957,0.20784314,0.06666667,0,0.0,0.0,65539,0, 0)
captureUserWait ( 9 )
captureDispatchPointer( 133718502000,134173078000, 2, 702.349670, 1007.475220,0.20784314,0.06666667,0,0.0,0.0,65539,0, 0)
captureUserWait ( 9 )
captureDispatchPointer( 133718502000,134182476000, 2, 705.346924, 993.482544,0.20784314,0.06666667,0,0.0,0.0,65539,0, 0)
captureUserWait ( 9 )
captureDispatchPointer( 133718502000,134191797000, 2, 708.344116, 977.490845,0.20784314,0.06666667,0,0.0,0.0,65539,0, 0)
captureUserWait ( 9 )
captureDispatchPointer( 133718502000,134201117000, 2, 710.342285, 961.499207,0.20784314,0.06666667,0,0.0,0.0,65539,0, 0)
captureUserWait ( 9 )
captureDispatchPointer( 133718502000,134210444000, 2, 713.339478, 943.508545,0.20784314,0.06666667,0,0.0,0.0,65539,0, 0)
captureUserWait ( 9 )
captureDispatchPointer( 133718502000,134219727000, 2, 716.336731, 929.515869,0.20784314,0.06666667,0,0.0,0.0,65539,0, 0)
captureUserWait ( 9 )
captureDispatchPointer( 133718502000,134229032000, 2, 719.333984, 915.523132,0.20784314,0.06666667,0,0.0,0.0,65539,0, 0)
captureUserWait ( 9 )
captureDispatchPointer( 133718502000,134238356000, 2, 721.332092, 902.529907,0.20784314,0.06666667,0,0.0,0.0,65539,0, 0)
captureUserWait ( 9 )
captureDispatchPointer( 133718502000,134247670000, 2, 723.330261, 889.536682,0.20784314,0.06666667,0,0.0,0.0,65539,0, 0)
captureUserWait ( 9 )
captureDispatchPointer( 133718502000,134256996000, 2, 725.328430, 875.543945,0.20784314,0.06666667,0,0.0,0.0,65539,0, 0)
captureUserWait ( 9 )
captureDispatchPointer( 133718502000,134266325000, 2, 727.326538, 862.550720,0.20784314,0.06666667,0,0.0,0.0,65539,0, 0)
captureUserWait ( 9 )
captureDispatchPointer( 133718502000,134275608000, 2, 729.324707, 850.557007,0.20784314,0.06666667,0,0.0,0.0,65539,0, 0)
captureUserWait ( 9 )
captureDispatchPointer( 133718502000,134284907000, 2, 731.322876, 838.563232,0.20784314,0.06666667,0,0.0,0.0,65539,0, 0)
captureUserWait ( 9 )
captureDispatchPointer( 133718502000,134294220000, 2, 732.321899, 827.568970,0.20784314,0.06666667,0,0.0,0.0,65539,0, 0)
captureUserWait ( 9 )
captureDispatchPointer( 133718502000,134303568000, 2, 733.320984, 816.574707,0.20784314,0.06666667,0,0.0,0.0,65539,0, 0)
captureUserWait ( 9 )
captureDispatchPointer( 133718502000,134312901000, 2, 735.319153, 805.580383,0.20784314,0.06666667,0,0.0,0.0,65539,0, 0)
captureUserWait ( 9 )
captureDispatchPointer( 133718502000,134322202000, 2, 737.317322, 795.585632,0.20784314,0.06666667,0,0.0,0.0,65539,0, 0)
captureUserWait ( 9 )
captureDispatchPointer( 133718502000,134331557000, 2, 738.316406, 786.590271,0.20784314,0.06666667,0,0.0,0.0,65539,0, 0)
captureUserWait ( 9 )
captureDispatchPointer( 133718502000,134340787000, 2, 739.315430, 777.594971,0.20784314,0.06666667,0,0.0,0.0,65539,0, 0)
captureUserWait ( 9 )
captureDispatchPointer( 133718502000,134350134000, 2, 740.314514, 769.599121,0.20784314,0.06666667,0,0.0,0.0,65539,0, 0)
captureUserWait ( 9 )
captureDispatchPointer( 133718502000,134359405000, 2, 741.313599, 761.603333,0.20784314,0.06666667,0,0.0,0.0,65539,0, 0)
captureUserWait ( 9 )
captureDispatchPointer( 133718502000,134368709000, 2, 742.312683, 753.607483,0.20784314,0.06666667,0,0.0,0.0,65539,0, 0)
captureUserWait ( 9 )
captureDispatchPointer( 133718502000,134378036000, 2, 743.311768, 745.611633,0.20784314,0.06666667,0,0.0,0.0,65539,0, 0)
captureUserWait ( 9 )
captureDispatchPointer( 133718502000,134387703000, 2, 745.309875, 736.616333,0.20784314,0.06666667,0,0.0,0.0,65539,0, 0)
captureUserWait ( 8 )
captureDispatchPointer( 133718502000,134396689000, 2, 747.308044, 727.621033,0.20784314,0.06666667,0,0.0,0.0,65539,0, 0)
captureUserWait ( 9 )
captureDispatchPointer( 133718502000,134406026000, 2, 749.306213, 719.625183,0.20784314,0.06666667,0,0.0,0.0,65539,0, 0)
captureUserWait ( 9 )
captureDispatchPointer( 133718502000,134415305000, 2, 750.305298, 712.628845,0.20784314,0.06666667,0,0.0,0.0,65539,0, 0)
captureUserWait ( 9 )
captureDispatchPointer( 133718502000,134424555000, 2, 751.304321, 705.632446,0.20784314,0.06666667,0,0.0,0.0,65539,0, 0)
captureUserWait ( 9 )
captureDispatchPointer( 133718502000,134434101000, 2, 752.303406, 700.635071,0.20784314,0.06666667,0,0.0,0.0,65539,0, 0)
captureUserWait ( 9 )
captureDispatchPointer( 133718502000,134443250000, 2, 753.302490, 695.637695,0.20784314,0.06666667,0,0.0,0.0,65539,0, 0)
captureUserWait ( 9 )
captureDispatchPointer( 133718502000,134452636000, 2, 754.301575, 690.640259,0.20784314,0.06666667,0,0.0,0.0,65539,0, 0)
captureUserWait ( 9 )
captureDispatchPointer( 133718502000,134461912000, 2, 755.300659, 686.642334,0.20784314,0.06666667,0,0.0,0.0,65539,0, 0)
captureUserWait ( 9 )
captureDispatchPointer( 133718502000,134471154000, 2, 755.300659, 681.644958,0.20784314,0.06666667,0,0.0,0.0,65539,0, 0)
captureUserWait ( 9 )
captureDispatchPointer( 133718502000,134480442000, 2, 755.300659, 677.647034,0.20784314,0.06666667,0,0.0,0.0,65539,0, 0)
captureUserWait ( 9 )
captureDispatchPointer( 133718502000,134489791000, 2, 755.300659, 672.649658,0.20784314,0.06666667,0,0.0,0.0,65539,0, 0)
captureUserWait ( 9 )
captureDispatchPointer( 133718502000,134499182000, 2, 755.300659, 667.652222,0.20784314,0.06666667,0,0.0,0.0,65539,0, 0)
captureUserWait ( 9 )
captureDispatchPointer( 133718502000,134508392000, 2, 756.299744, 661.655396,0.20784314,0.06666667,0,0.0,0.0,65539,0, 0)
captureUserWait ( 9 )
captureDispatchPointer( 133718502000,134517696000, 2, 757.298828, 656.657959,0.20784314,0.06666667,0,0.0,0.0,65539,0, 0)
captureUserWait ( 9 )
captureDispatchPointer( 133718502000,134527006000, 2, 757.298828, 651.660583,0.20784314,0.06666667,0,0.0,0.0,65539,0, 0)
captureUserWait ( 9 )
captureDispatchPointer( 133718502000,134536520000, 2, 757.298828, 647.662659,0.20784314,0.06666667,0,0.0,0.0,65539,0, 0)
captureUserWait ( 9 )
captureDispatchPointer( 133718502000,134545841000, 2, 758.297852, 642.665283,0.20784314,0.06666667,0,0.0,0.0,65539,0, 0)
captureUserWait ( 9 )
captureDispatchPointer( 133718502000,134554975000, 2, 758.297852, 637.667847,0.20784314,0.06666667,0,0.0,0.0,65539,0, 0)
captureUserWait ( 9 )
captureDispatchPointer( 133718502000,134564317000, 2, 758.297852, 632.670471,0.20784314,0.06666667,0,0.0,0.0,65539,0, 0)
captureUserWait ( 9 )
captureDispatchPointer( 133718502000,134573588000, 2, 759.296936, 627.673096,0.20784314,0.06666667,0,0.0,0.0,65539,0, 0)
captureUserWait ( 9 )
captureDispatchPointer( 133718502000,134582975000, 2, 760.296021, 622.675659,0.20784314,0.06666667,0,0.0,0.0,65539,0, 0)
captureUserWait ( 9 )
captureDispatchPointer( 133718502000,134592246000, 2, 761.295105, 617.678284,0.20784314,0.06666667,0,0.0,0.0,65539,0, 0)
captureUserWait ( 9 )
captureDispatchPointer( 133718502000,134601570000, 2, 761.295105, 613.680359,0.20784314,0.06666667,0,0.0,0.0,65539,0, 0)
captureUserWait ( 9 )
captureDispatchPointer( 133718502000,134610838000, 2, 762.294189, 609.682434,0.20784314,0.06666667,0,0.0,0.0,65539,0, 0)
captureUserWait ( 9 )
captureDispatchPointer( 133718502000,134620161000, 2, 762.294189, 605.684509,0.20784314,0.06666667,0,0.0,0.0,65539,0, 0)
captureUserWait ( 9 )
captureDispatchPointer( 133718502000,134629477000, 2, 762.294189, 601.686584,0.20784314,0.06666667,0,0.0,0.0,65539,0, 0)
captureUserWait ( 9 )
captureDispatchPointer( 133718502000,134638764000, 2, 762.294189, 598.688171,0.20784314,0.06666667,0,0.0,0.0,65539,0, 0)
captureUserWait ( 9 )
captureDispatchPointer( 133718502000,134648077000, 2, 762.294189, 595.689758,0.20784314,0.06666667,0,0.0,0.0,65539,0, 0)
captureUserWait ( 9 )
captureDispatchPointer( 133718502000,134657403000, 2, 762.294189, 592.691284,0.20784314,0.06666667,0,0.0,0.0,65539,0, 0)
captureUserWait ( 9 )
captureDispatchPointer( 133718502000,134666752000, 2, 762.294189, 589.692871,0.20784314,0.06666667,0,0.0,0.0,65539,0, 0)
captureUserWait ( 9 )
captureDispatchPointer( 133718502000,134676073000, 2, 762.294189, 585.694946,0.20784314,0.06666667,0,0.0,0.0,65539,0, 0)
captureUserWait ( 9 )
captureDispatchPointer( 133718502000,134685482000, 2, 763.293274, 581.697021,0.20784314,0.06666667,0,0.0,0.0,65539,0, 0)
captureUserWait ( 9 )
captureDispatchPointer( 133718502000,134694653000, 2, 764.292297, 578.698608,0.20784314,0.06666667,0,0.0,0.0,65539,0, 0)
captureUserWait ( 9 )
captureDispatchPointer( 133718502000,134703956000, 2, 765.291382, 575.700134,0.20784314,0.06666667,0,0.0,0.0,65539,0, 0)
captureUserWait ( 9 )
captureDispatchPointer( 133718502000,134713282000, 2, 766.290466, 573.701172,0.20784314,0.06666667,0,0.0,0.0,65539,0, 0)
captureUserWait ( 9 )
captureDispatchPointer( 133718502000,134722586000, 2, 767.289551, 571.702209,0.20784314,0.06666667,0,0.0,0.0,65539,0, 0)
captureUserWait ( 9 )
captureDispatchPointer( 133718502000,134732051000, 2, 768.288635, 569.703247,0.20784314,0.06666667,0,0.0,0.0,65539,0, 0)
captureUserWait ( 9 )
captureDispatchPointer( 133718502000,134741207000, 2, 768.288635, 568.703796,0.20784314,0.06666667,0,0.0,0.0,65539,0, 0)
captureUserWait ( 9 )
captureDispatchPointer( 133718502000,134750522000, 2, 768.288635, 567.704285,0.20784314,0.06666667,0,0.0,0.0,65539,0, 0)
captureUserWait ( 9 )
captureDispatchPointer( 133718502000,134759831000, 2, 768.288635, 566.704834,0.20784314,0.06666667,0,0.0,0.0,65539,0, 0)
captureUserWait ( 9 )
captureDispatchPointer( 133718502000,134769125000, 2, 768.288635, 565.705322,0.20784314,0.06666667,0,0.0,0.0,65539,0, 0)
captureUserWait ( 27 )
captureDispatchPointer( 133718502000,134797115000, 2, 769.287720, 565.705322,0.20784314,0.06666667,0,0.0,0.0,65539,0, 0)
captureUserWait ( 8 )
captureDispatchPointer( 133718502000,134805238000, 1, 769.287720, 565.705322,0.20784314,0.06666667,0,0.0,0.0,65539,0, 0)
captureUserWait ( 646 )
captureDispatchPointer( 135452105000,135452105000, 0, 608.436646, 1682.123901,0.20784314,0.06666667,0,0.0,0.0,65539,0, 0)
captureUserWait ( 8 )
captureDispatchPointer( 135452105000,135460814000, 2, 608.436646, 1682.123901,0.20784314,0.06666667,0,0.0,0.0,65539,0, 0)
captureUserWait ( 27 )
captureDispatchPointer( 135452105000,135488470000, 2, 608.436646, 1682.123901,0.20784314,0.06666667,0,0.0,0.0,65539,0, 0)
captureUserWait ( 9 )
captureDispatchPointer( 135452105000,135498040000, 2, 608.436646, 1681.124390,0.20784314,0.06666667,0,0.0,0.0,65539,0, 0)
captureUserWait ( 9 )
captureDispatchPointer( 135452105000,135507098000, 2, 609.435730, 1679.125366,0.20784314,0.06666667,0,0.0,0.0,65539,0, 0)
captureUserWait ( 9 )
captureDispatchPointer( 135452105000,135516395000, 2, 611.433838, 1673.128540,0.20784314,0.06666667,0,0.0,0.0,65539,0, 0)
captureUserWait ( 9 )
captureDispatchPointer( 135452105000,135525719000, 2, 614.431091, 1661.134766,0.20784314,0.06666667,0,0.0,0.0,65539,0, 0)
captureUserWait ( 9 )
captureDispatchPointer( 135452105000,135535029000, 2, 617.428284, 1647.142090,0.20784314,0.06666667,0,0.0,0.0,65539,0, 0)
captureUserWait ( 9 )
captureDispatchPointer( 135452105000,135544406000, 2, 620.425537, 1632.149902,0.20784314,0.06666667,0,0.0,0.0,65539,0, 0)
captureUserWait ( 9 )
captureDispatchPointer( 135452105000,135553749000, 2, 623.422729, 1617.157715,0.20784314,0.06666667,0,0.0,0.0,65539,0, 0)
captureUserWait ( 9 )
captureDispatchPointer( 135452105000,135562988000, 2, 626.419983, 1597.168091,0.20784314,0.06666667,0,0.0,0.0,65539,0, 0)
captureUserWait ( 9 )
captureDispatchPointer( 135452105000,135572319000, 2, 628.418152, 1578.177979,0.20784314,0.06666667,0,0.0,0.0,65539,0, 0)
captureUserWait ( 9 )
captureDispatchPointer( 135452105000,135581636000, 2, 630.416260, 1559.187866,0.20784314,0.06666667,0,0.0,0.0,65539,0, 0)
captureUserWait ( 9 )
captureDispatchPointer( 135452105000,135591170000, 2, 633.413513, 1538.198853,0.20784314,0.06666667,0,0.0,0.0,65539,0, 0)
captureUserWait ( 9 )
captureDispatchPointer( 135452105000,135600360000, 2, 637.409790, 1515.210815,0.20784314,0.06666667,0,0.0,0.0,65539,0, 0)
captureUserWait ( 9 )
captureDispatchPointer( 135452105000,135609611000, 2, 641.406128, 1491.223267,0.20784314,0.06666667,0,0.0,0.0,65539,0, 0)
captureUserWait ( 9 )
captureDispatchPointer( 135452105000,135618951000, 2, 646.401489, 1469.234741,0.20784314,0.06666667,0,0.0,0.0,65539,0, 0)
captureUserWait ( 9 )
captureDispatchPointer( 135452105000,135628221000, 2, 650.397766, 1447.246216,0.20784314,0.06666667,0,0.0,0.0,65539,0, 0)
captureUserWait ( 9 )
captureDispatchPointer( 135452105000,135637630000, 2, 655.393188, 1423.258667,0.20784314,0.06666667,0,0.0,0.0,65539,0, 0)
captureUserWait ( 9 )
captureDispatchPointer( 135452105000,135646923000, 2, 659.389465, 1400.270630,0.20784314,0.06666667,0,0.0,0.0,65539,0, 0)
captureUserWait ( 9 )
captureDispatchPointer( 135452105000,135656212000, 2, 662.386658, 1378.282104,0.20784314,0.06666667,0,0.0,0.0,65539,0, 0)
captureUserWait ( 9 )
captureDispatchPointer( 135452105000,135665531000, 2, 666.382996, 1353.295166,0.20784314,0.06666667,0,0.0,0.0,65539,0, 0)
captureUserWait ( 9 )
captureDispatchPointer( 135452105000,135674810000, 2, 670.379272, 1330.307129,0.20784314,0.06666667,0,0.0,0.0,65539,0, 0)
captureUserWait ( 9 )
captureDispatchPointer( 135452105000,135684068000, 2, 673.376526, 1308.318604,0.20784314,0.06666667,0,0.0,0.0,65539,0, 0)
captureUserWait ( 9 )
captureDispatchPointer( 135452105000,135693392000, 2, 677.372803, 1283.331543,0.20784314,0.06666667,0,0.0,0.0,65539,0, 0)
captureUserWait ( 9 )
captureDispatchPointer( 135452105000,135702657000, 2, 681.369080, 1260.343506,0.20784314,0.06666667,0,0.0,0.0,65539,0, 0)
captureUserWait ( 9 )
captureDispatchPointer( 135452105000,135711959000, 2, 684.366333, 1240.354004,0.20784314,0.06666667,0,0.0,0.0,65539,0, 0)
captureUserWait ( 9 )
captureDispatchPointer( 135452105000,135721295000, 2, 687.363525, 1223.362793,0.20784314,0.06666667,0,0.0,0.0,65539,0, 0)
captureUserWait ( 9 )
captureDispatchPointer( 135452105000,135730580000, 2, 690.360779, 1202.373779,0.20784314,0.06666667,0,0.0,0.0,65539,0, 0)
captureUserWait ( 9 )
captureDispatchPointer( 135452105000,135739938000, 2, 693.358032, 1184.383057,0.20784314,0.06666667,0,0.0,0.0,65539,0, 0)
captureUserWait ( 9 )
captureDispatchPointer( 135452105000,135749325000, 2, 696.355225, 1167.391968,0.20784314,0.06666667,0,0.0,0.0,65539,0, 0)
captureUserWait ( 9 )
captureDispatchPointer( 135452105000,135758518000, 2, 698.353394, 1151.400269,0.20784314,0.06666667,0,0.0,0.0,65539,0, 0)
captureUserWait ( 9 )
captureDispatchPointer( 135452105000,135767822000, 2, 701.350586, 1132.410156,0.20784314,0.06666667,0,0.0,0.0,65539,0, 0)
captureUserWait ( 9 )
captureDispatchPointer( 135452105000,135777132000, 2, 704.347839, 1113.420044,0.20784314,0.06666667,0,0.0,0.0,65539,0, 0)
captureUserWait ( 9 )
captureDispatchPointer( 135452105000,135786492000, 2, 706.346008, 1095.429443,0.20784314,0.06666667,0,0.0,0.0,65539,0, 0)
captureUserWait ( 9 )
captureDispatchPointer( 135452105000,135795952000, 2, 709.343201, 1078.438232,0.20784314,0.06666667,0,0.0,0.0,65539,0, 0)
captureUserWait ( 9 )
captureDispatchPointer( 135452105000,135805220000, 2, 712.340454, 1062.446655,0.20784314,0.06666667,0,0.0,0.0,65539,0, 0)
captureUserWait ( 9 )
captureDispatchPointer( 135452105000,135814458000, 2, 714.338562, 1045.455444,0.20784314,0.06666667,0,0.0,0.0,65539,0, 0)
captureUserWait ( 9 )
captureDispatchPointer( 135452105000,135823904000, 2, 717.335815, 1028.464355,0.20784314,0.06666667,0,0.0,0.0,65539,0, 0)
captureUserWait ( 9 )
captureDispatchPointer( 135452105000,135833165000, 2, 719.333984, 1014.471619,0.20784314,0.06666667,0,0.0,0.0,65539,0, 0)
captureUserWait ( 9 )
captureDispatchPointer( 135452105000,135842407000, 2, 721.332092, 1002.477844,0.20784314,0.06666667,0,0.0,0.0,65539,0, 0)
captureUserWait ( 9 )
captureDispatchPointer( 135452105000,135851758000, 2, 723.330261, 990.484070,0.20784314,0.06666667,0,0.0,0.0,65539,0, 0)
captureUserWait ( 9 )
captureDispatchPointer( 135452105000,135861027000, 2, 724.329346, 979.489807,0.20784314,0.06666667,0,0.0,0.0,65539,0, 0)
captureUserWait ( 9 )
captureDispatchPointer( 135452105000,135870345000, 2, 726.327454, 967.496094,0.20784314,0.06666667,0,0.0,0.0,65539,0, 0)
captureUserWait ( 9 )
captureDispatchPointer( 135452105000,135879641000, 2, 728.325623, 952.503906,0.20784314,0.06666667,0,0.0,0.0,65539,0, 0)
captureUserWait ( 9 )
captureDispatchPointer( 135452105000,135889007000, 2, 730.323792, 939.510620,0.20784314,0.06666667,0,0.0,0.0,65539,0, 0)
captureUserWait ( 9 )
captureDispatchPointer( 135452105000,135898338000, 2, 732.321899, 927.516907,0.20784314,0.06666667,0,0.0,0.0,65539,0, 0)
captureUserWait ( 9 )
captureDispatchPointer( 135452105000,135907713000, 2, 733.320984, 917.522095,0.20784314,0.06666667,0,0.0,0.0,65539,0, 0)
captureUserWait ( 9 )
captureDispatchPointer( 135452105000,135917025000, 2, 735.319153, 908.526794,0.20784314,0.06666667,0,0.0,0.0,65539,0, 0)
captureUserWait ( 9 )
captureDispatchPointer( 135452105000,135926244000, 2, 736.318237, 900.530945,0.20784314,0.06666667,0,0.0,0.0,65539,0, 0)
captureUserWait ( 9 )
captureDispatchPointer( 135452105000,135935572000, 2, 737.317322, 892.535095,0.20784314,0.06666667,0,0.0,0.0,65539,0, 0)
captureUserWait ( 9 )
captureDispatchPointer( 135452105000,135944748000, 2, 738.316406, 883.539795,0.20784314,0.06666667,0,0.0,0.0,65539,0, 0)
captureUserWait ( 9 )
captureDispatchPointer( 135452105000,135954069000, 2, 740.314514, 874.544495,0.20784314,0.06666667,0,0.0,0.0,65539,0, 0)
captureUserWait ( 9 )
captureDispatchPointer( 135452105000,135963376000, 2, 741.313599, 864.549683,0.20784314,0.06666667,0,0.0,0.0,65539,0, 0)
captureUserWait ( 9 )
captureDispatchPointer( 135452105000,135972696000, 2, 742.312683, 853.555420,0.20784314,0.06666667,0,0.0,0.0,65539,0, 0)
captureUserWait ( 9 )
captureDispatchPointer( 135452105000,135982042000, 2, 744.310852, 842.561157,0.20784314,0.06666667,0,0.0,0.0,65539,0, 0)
captureUserWait ( 9 )
captureDispatchPointer( 135452105000,135991436000, 2, 745.309875, 831.566895,0.20784314,0.06666667,0,0.0,0.0,65539,0, 0)
captureUserWait ( 9 )
captureDispatchPointer( 135452105000,136000672000, 2, 747.308044, 819.573120,0.20784314,0.06666667,0,0.0,0.0,65539,0, 0)
captureUserWait ( 9 )
captureDispatchPointer( 135452105000,136009982000, 2, 749.306213, 808.578857,0.20784314,0.06666667,0,0.0,0.0,65539,0, 0)
captureUserWait ( 9 )
captureDispatchPointer( 135452105000,136019283000, 2, 751.304321, 797.584595,0.20784314,0.06666667,0,0.0,0.0,65539,0, 0)
captureUserWait ( 9 )
captureDispatchPointer( 135452105000,136028491000, 2, 753.302490, 787.589783,0.20784314,0.06666667,0,0.0,0.0,65539,0, 0)
captureUserWait ( 9 )
captureDispatchPointer( 135452105000,136037805000, 2, 754.301575, 778.594482,0.20784314,0.06666667,0,0.0,0.0,65539,0, 0)
captureUserWait ( 9 )
captureDispatchPointer( 135452105000,136047193000, 2, 755.300659, 770.598633,0.20784314,0.06666667,0,0.0,0.0,65539,0, 0)
captureUserWait ( 9 )
captureDispatchPointer( 135452105000,136056430000, 2, 757.298828, 762.602783,0.20784314,0.06666667,0,0.0,0.0,65539,0, 0)
captureUserWait ( 9 )
captureDispatchPointer( 135452105000,136065767000, 2, 758.297852, 755.606445,0.20784314,0.06666667,0,0.0,0.0,65539,0, 0)
captureUserWait ( 9 )
captureDispatchPointer( 135452105000,136075061000, 2, 759.296936, 744.612183,0.20784314,0.06666667,0,0.0,0.0,65539,0, 0)
captureUserWait ( 9 )
captureDispatchPointer( 135452105000,136084408000, 2, 760.296021, 734.617371,0.20784314,0.06666667,0,0.0,0.0,65539,0, 0)
captureUserWait ( 9 )
captureDispatchPointer( 135452105000,136093886000, 2, 761.295105, 723.623108,0.20784314,0.06666667,0,0.0,0.0,65539,0, 0)
captureUserWait ( 9 )
captureDispatchPointer( 135452105000,136102992000, 2, 763.293274, 712.628845,0.20784314,0.06666667,0,0.0,0.0,65539,0, 0)
captureUserWait ( 9 )
captureDispatchPointer( 135452105000,136112344000, 2, 764.292297, 702.634033,0.20784314,0.06666667,0,0.0,0.0,65539,0, 0)
captureUserWait ( 9 )
captureDispatchPointer( 135452105000,136121678000, 2, 765.291382, 693.638733,0.20784314,0.06666667,0,0.0,0.0,65539,0, 0)
captureUserWait ( 9 )
captureDispatchPointer( 135452105000,136131002000, 2, 766.290466, 686.642334,0.20784314,0.06666667,0,0.0,0.0,65539,0, 0)
captureUserWait ( 9 )
captureDispatchPointer( 135452105000,136140362000, 2, 767.289551, 679.645996,0.20784314,0.06666667,0,0.0,0.0,65539,0, 0)
captureUserWait ( 9 )
captureDispatchPointer( 135452105000,136149608000, 2, 768.288635, 672.649658,0.20784314,0.06666667,0,0.0,0.0,65539,0, 0)
captureUserWait ( 9 )
captureDispatchPointer( 135452105000,136158934000, 2, 770.286804, 663.654358,0.20784314,0.06666667,0,0.0,0.0,65539,0, 0)
captureUserWait ( 9 )
captureDispatchPointer( 135452105000,136168308000, 2, 772.284912, 655.658508,0.20784314,0.06666667,0,0.0,0.0,65539,0, 0)
captureUserWait ( 9 )
captureDispatchPointer( 135452105000,136177558000, 2, 773.283997, 648.662109,0.20784314,0.06666667,0,0.0,0.0,65539,0, 0)
captureUserWait ( 9 )
captureDispatchPointer( 135452105000,136186866000, 2, 774.283081, 641.665771,0.20784314,0.06666667,0,0.0,0.0,65539,0, 0)
captureUserWait ( 9 )
captureDispatchPointer( 135452105000,136196337000, 2, 775.282166, 634.669434,0.20784314,0.06666667,0,0.0,0.0,65539,0, 0)
captureUserWait ( 9 )
captureDispatchPointer( 135452105000,136205465000, 2, 776.281250, 627.673096,0.20784314,0.06666667,0,0.0,0.0,65539,0, 0)
captureUserWait ( 9 )
captureDispatchPointer( 135452105000,136214808000, 2, 777.280273, 620.676697,0.20784314,0.06666667,0,0.0,0.0,65539,0, 0)
captureUserWait ( 9 )
captureDispatchPointer( 135452105000,136224183000, 2, 779.278442, 613.680359,0.20784314,0.06666667,0,0.0,0.0,65539,0, 0)
captureUserWait ( 9 )
captureDispatchPointer( 135452105000,136233549000, 2, 780.277527, 606.684021,0.20784314,0.06666667,0,0.0,0.0,65539,0, 0)
captureUserWait ( 9 )
captureDispatchPointer( 135452105000,136243493000, 2, 781.276611, 599.687622,0.20784314,0.06666667,0,0.0,0.0,65539,0, 0)
captureUserWait ( 8 )
captureDispatchPointer( 135452105000,136252213000, 2, 783.274780, 592.691284,0.20784314,0.06666667,0,0.0,0.0,65539,0, 0)
captureUserWait ( 9 )
captureDispatchPointer( 135452105000,136261420000, 2, 784.273804, 584.695435,0.20784314,0.06666667,0,0.0,0.0,65539,0, 0)
captureUserWait ( 9 )
captureDispatchPointer( 135452105000,136270773000, 2, 785.272888, 576.699646,0.20784314,0.06666667,0,0.0,0.0,65539,0, 0)
captureUserWait ( 9 )
captureDispatchPointer( 135452105000,136280153000, 2, 786.271973, 568.703796,0.20784314,0.06666667,0,0.0,0.0,65539,0, 0)
captureUserWait ( 9 )
captureDispatchPointer( 135452105000,136289342000, 2, 788.270142, 560.707947,0.20784314,0.06666667,0,0.0,0.0,65539,0, 0)
captureUserWait ( 9 )
captureDispatchPointer( 135452105000,136298652000, 2, 790.268250, 552.712097,0.20784314,0.06666667,0,0.0,0.0,65539,0, 0)
captureUserWait ( 9 )
captureDispatchPointer( 135452105000,136307972000, 2, 791.267334, 545.715759,0.20784314,0.06666667,0,0.0,0.0,65539,0, 0)
captureUserWait ( 9 )
captureDispatchPointer( 135452105000,136317363000, 2, 792.266418, 538.719421,0.20784314,0.06666667,0,0.0,0.0,65539,0, 0)
captureUserWait ( 9 )
captureDispatchPointer( 135452105000,136326593000, 2, 793.265503, 532.722534,0.20784314,0.06666667,0,0.0,0.0,65539,0, 0)
captureUserWait ( 9 )
captureDispatchPointer( 135452105000,136335926000, 2, 793.265503, 527.725159,0.20784314,0.06666667,0,0.0,0.0,65539,0, 0)
captureUserWait ( 9 )
captureDispatchPointer( 135452105000,136345258000, 2, 794.264587, 521.728271,0.20784314,0.06666667,0,0.0,0.0,65539,0, 0)
captureUserWait ( 9 )
captureDispatchPointer( 135452105000,136354525000, 2, 795.263672, 516.730835,0.20784314,0.06666667,0,0.0,0.0,65539,0, 0)
captureUserWait ( 9 )
captureDispatchPointer( 135452105000,136363851000, 2, 795.263672, 511.733459,0.20784314,0.06666667,0,0.0,0.0,65539,0, 0)
captureUserWait ( 9 )
captureDispatchPointer( 135452105000,136373146000, 2, 795.263672, 505.736572,0.20784314,0.06666667,0,0.0,0.0,65539,0, 0)
captureUserWait ( 9 )
captureDispatchPointer( 135452105000,136382470000, 2, 795.263672, 499.739716,0.20784314,0.06666667,0,0.0,0.0,65539,0, 0)
captureUserWait ( 9 )
captureDispatchPointer( 135452105000,136391811000, 2, 795.263672, 493.742828,0.20784314,0.06666667,0,0.0,0.0,65539,0, 0)
captureUserWait ( 9 )
captureDispatchPointer( 135452105000,136401245000, 2, 795.263672, 486.746460,0.20784314,0.06666667,0,0.0,0.0,65539,0, 0)
captureUserWait ( 9 )
captureDispatchPointer( 135452105000,136410415000, 2, 796.262695, 479.750122,0.20784314,0.06666667,0,0.0,0.0,65539,0, 0)
captureUserWait ( 9 )
captureDispatchPointer( 135452105000,136419822000, 2, 797.261780, 473.753235,0.20784314,0.06666667,0,0.0,0.0,65539,0, 0)
captureUserWait ( 9 )
captureDispatchPointer( 135452105000,136429018000, 2, 798.260864, 468.755859,0.20784314,0.06666667,0,0.0,0.0,65539,0, 0)
captureUserWait ( 9 )
captureDispatchPointer( 135452105000,136438337000, 2, 799.259949, 463.758453,0.20784314,0.06666667,0,0.0,0.0,65539,0, 0)
captureUserWait ( 9 )
captureDispatchPointer( 135452105000,136447746000, 2, 799.259949, 459.760529,0.20784314,0.06666667,0,0.0,0.0,65539,0, 0)
captureUserWait ( 9 )
captureDispatchPointer( 135452105000,136456955000, 2, 799.259949, 455.762604,0.20784314,0.06666667,0,0.0,0.0,65539,0, 0)
captureUserWait ( 9 )
captureDispatchPointer( 135452105000,136466248000, 2, 799.259949, 451.764709,0.20784314,0.06666667,0,0.0,0.0,65539,0, 0)
captureUserWait ( 9 )
captureDispatchPointer( 135452105000,136475577000, 2, 799.259949, 447.766785,0.20784314,0.06666667,0,0.0,0.0,65539,0, 0)
captureUserWait ( 9 )
captureDispatchPointer( 135452105000,136484895000, 2, 799.259949, 444.768341,0.20784314,0.06666667,0,0.0,0.0,65539,0, 0)
captureUserWait ( 9 )
captureDispatchPointer( 135452105000,136494233000, 2, 799.259949, 442.769379,0.20784314,0.06666667,0,0.0,0.0,65539,0, 0)
captureUserWait ( 9 )
captureDispatchPointer( 135452105000,136503511000, 2, 799.259949, 440.770416,0.20784314,0.06666667,0,0.0,0.0,65539,0, 0)
captureUserWait ( 9 )
captureDispatchPointer( 135452105000,136512826000, 2, 799.259949, 438.771454,0.20784314,0.06666667,0,0.0,0.0,65539,0, 0)
captureUserWait ( 9 )
captureDispatchPointer( 135452105000,136522221000, 2, 799.259949, 437.771973,0.20784314,0.06666667,0,0.0,0.0,65539,0, 0)
captureUserWait ( 9 )
captureDispatchPointer( 135452105000,136531484000, 2, 799.259949, 436.772491,0.20784314,0.06666667,0,0.0,0.0,65539,0, 0)
captureUserWait ( 9 )
captureDispatchPointer( 135452105000,136540903000, 2, 799.259949, 435.773010,0.20784314,0.06666667,0,0.0,0.0,65539,0, 0)
captureUserWait ( 9 )
captureDispatchPointer( 135452105000,136550099000, 2, 799.259949, 434.773560,0.20784314,0.06666667,0,0.0,0.0,65539,0, 0)
captureUserWait ( 9 )
captureDispatchPointer( 135452105000,136559375000, 2, 799.259949, 433.774078,0.20784314,0.06666667,0,0.0,0.0,65539,0, 0)
captureUserWait ( 9 )
captureDispatchPointer( 135452105000,136568686000, 2, 799.259949, 432.774597,0.20784314,0.06666667,0,0.0,0.0,65539,0, 0)
captureUserWait ( 9 )
captureDispatchPointer( 135452105000,136577995000, 2, 800.259033, 431.775116,0.20784314,0.06666667,0,0.0,0.0,65539,0, 0)
captureUserWait ( 9 )
captureDispatchPointer( 135452105000,136587317000, 2, 801.258118, 430.775635,0.20784314,0.06666667,0,0.0,0.0,65539,0, 0)
captureUserWait ( 9 )
captureDispatchPointer( 135452105000,136596721000, 2, 801.258118, 429.776154,0.20784314,0.06666667,0,0.0,0.0,65539,0, 0)
captureUserWait ( 9 )
captureDispatchPointer( 135452105000,136605996000, 2, 802.257202, 429.776154,0.20784314,0.06666667,0,0.0,0.0,65539,0, 0)
captureUserWait ( 9 )
captureDispatchPointer( 135452105000,136615087000, 2, 802.257202, 429.776154,0.20784314,0.06666667,0,0.0,0.0,65539,0, 0)
captureUserWait ( 8 )
captureDispatchPointer( 135452105000,136623280000, 1, 802.257202, 429.776154,0.20784314,0.06666667,0,0.0,0.0,65539,0, 0)
captureUserWait ( 892 )
captureDispatchPointer( 137515687000,137515687000, 0, 684.366333, 1718.105103,0.20784314,0.06666667,0,0.0,0.0,65539,0, 0)
captureUserWait ( 8 )
captureDispatchPointer( 137515687000,137524146000, 2, 684.366333, 1718.105103,0.20784314,0.06666667,0,0.0,0.0,65539,0, 0)
captureUserWait ( 9 )
captureDispatchPointer( 137515687000,137533403000, 2, 684.366333, 1717.105591,0.20784314,0.06666667,0,0.0,0.0,65539,0, 0)
captureUserWait ( 9 )
captureDispatchPointer( 137515687000,137542724000, 2, 684.366333, 1716.106201,0.20784314,0.06666667,0,0.0,0.0,65539,0, 0)
captureUserWait ( 9 )
captureDispatchPointer( 137515687000,137552058000, 2, 684.366333, 1715.106689,0.20784314,0.06666667,0,0.0,0.0,65539,0, 0)
captureUserWait ( 9 )
captureDispatchPointer( 137515687000,137561342000, 2, 684.366333, 1714.107178,0.20784314,0.06666667,0,0.0,0.0,65539,0, 0)
captureUserWait ( 9 )
captureDispatchPointer( 137515687000,137570660000, 2, 684.366333, 1713.107666,0.20784314,0.06666667,0,0.0,0.0,65539,0, 0)
captureUserWait ( 9 )
captureDispatchPointer( 137515687000,137579936000, 2, 684.366333, 1712.108276,0.20784314,0.06666667,0,0.0,0.0,65539,0, 0)
captureUserWait ( 9 )
captureDispatchPointer( 137515687000,137589248000, 2, 684.366333, 1710.109253,0.20784314,0.06666667,0,0.0,0.0,65539,0, 0)
captureUserWait ( 9 )
captureDispatchPointer( 137515687000,137598549000, 2, 684.366333, 1706.111328,0.20784314,0.06666667,0,0.0,0.0,65539,0, 0)
captureUserWait ( 9 )
captureDispatchPointer( 137515687000,137607874000, 2, 683.367249, 1701.114014,0.20784314,0.06666667,0,0.0,0.0,65539,0, 0)
captureUserWait ( 9 )
captureDispatchPointer( 137515687000,137617173000, 2, 683.367249, 1695.117065,0.20784314,0.06666667,0,0.0,0.0,65539,0, 0)
captureUserWait ( 9 )
captureDispatchPointer( 137515687000,137626660000, 2, 683.367249, 1686.121826,0.20784314,0.06666667,0,0.0,0.0,65539,0, 0)
captureUserWait ( 9 )
captureDispatchPointer( 137515687000,137635833000, 2, 683.367249, 1673.128540,0.20784314,0.06666667,0,0.0,0.0,65539,0, 0)
captureUserWait ( 9 )
captureDispatchPointer( 137515687000,137645195000, 2, 684.366333, 1659.135864,0.20784314,0.06666667,0,0.0,0.0,65539,0, 0)
captureUserWait ( 9 )
captureDispatchPointer( 137515687000,137654440000, 2, 685.365417, 1646.142578,0.20784314,0.06666667,0,0.0,0.0,65539,0, 0)
captureUserWait ( 9 )
captureDispatchPointer( 137515687000,137663780000, 2, 686.364502, 1633.149414,0.20784314,0.06666667,0,0.0,0.0,65539,0, 0)
captureUserWait ( 9 )
captureDispatchPointer( 137515687000,137673053000, 2, 687.363525, 1620.156128,0.20784314,0.06666667,0,0.0,0.0,65539,0, 0)
captureUserWait ( 9 )
captureDispatchPointer( 137515687000,137682380000, 2, 688.362610, 1606.163452,0.20784314,0.06666667,0,0.0,0.0,65539,0, 0)
captureUserWait ( 9 )
captureDispatchPointer( 137515687000,137691682000, 2, 689.361694, 1587.173340,0.20784314,0.06666667,0,0.0,0.0,65539,0, 0)
captureUserWait ( 9 )
captureDispatchPointer( 137515687000,137701137000, 2, 691.359863, 1568.183228,0.20784314,0.06666667,0,0.0,0.0,65539,0, 0)
captureUserWait ( 9 )
captureDispatchPointer( 137515687000,137710406000, 2, 692.358948, 1550.192627,0.20784314,0.06666667,0,0.0,0.0,65539,0, 0)
captureUserWait ( 9 )
captureDispatchPointer( 137515687000,137719618000, 2, 693.358032, 1532.201904,0.20784314,0.06666667,0,0.0,0.0,65539,0, 0)
captureUserWait ( 9 )
captureDispatchPointer( 137515687000,137728959000, 2, 695.356140, 1510.213379,0.20784314,0.06666667,0,0.0,0.0,65539,0, 0)
captureUserWait ( 9 )
captureDispatchPointer( 137515687000,137738306000, 2, 697.354309, 1488.224854,0.20784314,0.06666667,0,0.0,0.0,65539,0, 0)
captureUserWait ( 9 )
captureDispatchPointer( 137515687000,137747549000, 2, 699.352478, 1468.235229,0.20784314,0.06666667,0,0.0,0.0,65539,0, 0)
captureUserWait ( 9 )
captureDispatchPointer( 137515687000,137756870000, 2, 701.350586, 1447.246216,0.20784314,0.06666667,0,0.0,0.0,65539,0, 0)
captureUserWait ( 9 )
captureDispatchPointer( 137515687000,137766278000, 2, 703.348755, 1425.257690,0.20784314,0.06666667,0,0.0,0.0,65539,0, 0)
captureUserWait ( 9 )
captureDispatchPointer( 137515687000,137775495000, 2, 705.346924, 1404.268555,0.20784314,0.06666667,0,0.0,0.0,65539,0, 0)
captureUserWait ( 9 )
captureDispatchPointer( 137515687000,137784903000, 2, 708.344116, 1385.278442,0.20784314,0.06666667,0,0.0,0.0,65539,0, 0)
captureUserWait ( 9 )
captureDispatchPointer( 137515687000,137794212000, 2, 710.342285, 1366.288330,0.20784314,0.06666667,0,0.0,0.0,65539,0, 0)
captureUserWait ( 9 )
captureDispatchPointer( 137515687000,137803516000, 2, 711.341370, 1342.300903,0.20784314,0.06666667,0,0.0,0.0,65539,0, 0)
captureUserWait ( 9 )
captureDispatchPointer( 137515687000,137813011000, 2, 713.339478, 1320.312256,0.20784314,0.06666667,0,0.0,0.0,65539,0, 0)
captureUserWait ( 9 )
captureDispatchPointer( 137515687000,137822140000, 2, 715.337646, 1301.322144,0.20784314,0.06666667,0,0.0,0.0,65539,0, 0)
captureUserWait ( 9 )
captureDispatchPointer( 137515687000,137831453000, 2, 716.336731, 1279.333618,0.20784314,0.06666667,0,0.0,0.0,65539,0, 0)
captureUserWait ( 9 )
captureDispatchPointer( 137515687000,137840748000, 2, 718.334900, 1255.346191,0.20784314,0.06666667,0,0.0,0.0,65539,0, 0)
captureUserWait ( 9 )
captureDispatchPointer( 137515687000,137850096000, 2, 720.333008, 1235.356567,0.20784314,0.06666667,0,0.0,0.0,65539,0, 0)
captureUserWait ( 9 )
captureDispatchPointer( 137515687000,137859374000, 2, 723.330261, 1217.365967,0.20784314,0.06666667,0,0.0,0.0,65539,0, 0)
captureUserWait ( 9 )
captureDispatchPointer( 137515687000,137868707000, 2, 726.327454, 1197.376343,0.20784314,0.06666667,0,0.0,0.0,65539,0, 0)
captureUserWait ( 9 )
captureDispatchPointer( 137515687000,137878116000, 2, 728.325623, 1175.387817,0.20784314,0.06666667,0,0.0,0.0,65539,0, 0)
captureUserWait ( 9 )
captureDispatchPointer( 137515687000,137887330000, 2, 730.323792, 1156.397705,0.20784314,0.06666667,0,0.0,0.0,65539,0, 0)
captureUserWait ( 9 )
captureDispatchPointer( 137515687000,137896638000, 2, 733.320984, 1139.406494,0.20784314,0.06666667,0,0.0,0.0,65539,0, 0)
captureUserWait ( 9 )
captureDispatchPointer( 137515687000,137905971000, 2, 737.317322, 1116.418457,0.20784314,0.06666667,0,0.0,0.0,65539,0, 0)
captureUserWait ( 9 )
captureDispatchPointer( 137515687000,137915181000, 2, 741.313599, 1093.430420,0.20784314,0.06666667,0,0.0,0.0,65539,0, 0)
captureUserWait ( 9 )
captureDispatchPointer( 137515687000,137924607000, 2, 744.310852, 1072.441406,0.20784314,0.06666667,0,0.0,0.0,65539,0, 0)
captureUserWait ( 9 )
captureDispatchPointer( 137515687000,137933913000, 2, 748.307129, 1048.453857,0.20784314,0.06666667,0,0.0,0.0,65539,0, 0)
captureUserWait ( 9 )
captureDispatchPointer( 137515687000,137943098000, 2, 752.303406, 1025.465820,0.20784314,0.06666667,0,0.0,0.0,65539,0, 0)
captureUserWait ( 9 )
captureDispatchPointer( 137515687000,137952408000, 2, 755.300659, 1007.475220,0.20784314,0.06666667,0,0.0,0.0,65539,0, 0)
captureUserWait ( 9 )
captureDispatchPointer( 137515687000,137961721000, 2, 757.298828, 992.483032,0.20784314,0.06666667,0,0.0,0.0,65539,0, 0)
captureUserWait ( 9 )
captureDispatchPointer( 137515687000,137971024000, 2, 759.296936, 976.491394,0.20784314,0.06666667,0,0.0,0.0,65539,0, 0)
captureUserWait ( 9 )
captureDispatchPointer( 137515687000,137980364000, 2, 761.295105, 960.499695,0.20784314,0.06666667,0,0.0,0.0,65539,0, 0)
captureUserWait ( 9 )
captureDispatchPointer( 137515687000,137989698000, 2, 763.293274, 944.508057,0.20784314,0.06666667,0,0.0,0.0,65539,0, 0)
captureUserWait ( 9 )
captureDispatchPointer( 137515687000,137999181000, 2, 765.291382, 929.515869,0.20784314,0.06666667,0,0.0,0.0,65539,0, 0)
captureUserWait ( 9 )
captureDispatchPointer( 137515687000,138008298000, 2, 767.289551, 916.522644,0.20784314,0.06666667,0,0.0,0.0,65539,0, 0)
captureUserWait ( 9 )
captureDispatchPointer( 137515687000,138017578000, 2, 770.286804, 898.531982,0.20784314,0.06666667,0,0.0,0.0,65539,0, 0)
captureUserWait ( 9 )
captureDispatchPointer( 137515687000,138026882000, 2, 773.283997, 879.541870,0.20784314,0.06666667,0,0.0,0.0,65539,0, 0)
captureUserWait ( 9 )
captureDispatchPointer( 137515687000,138036190000, 2, 776.281250, 861.551270,0.20784314,0.06666667,0,0.0,0.0,65539,0, 0)
captureUserWait ( 9 )
captureDispatchPointer( 137515687000,138045778000, 2, 779.278442, 846.559082,0.20784314,0.06666667,0,0.0,0.0,65539,0, 0)
captureUserWait ( 9 )
captureDispatchPointer( 137515687000,138054938000, 2, 782.275696, 833.565857,0.20784314,0.06666667,0,0.0,0.0,65539,0, 0)
captureUserWait ( 9 )
captureDispatchPointer( 137515687000,138064229000, 2, 783.274780, 819.573120,0.20784314,0.06666667,0,0.0,0.0,65539,0, 0)
captureUserWait ( 9 )
captureDispatchPointer( 137515687000,138073536000, 2, 785.272888, 805.580383,0.20784314,0.06666667,0,0.0,0.0,65539,0, 0)
captureUserWait ( 9 )
captureDispatchPointer( 137515687000,138082864000, 2, 787.271057, 791.587708,0.20784314,0.06666667,0,0.0,0.0,65539,0, 0)
captureUserWait ( 9 )
captureDispatchPointer( 137515687000,138092149000, 2, 789.269226, 778.594482,0.20784314,0.06666667,0,0.0,0.0,65539,0, 0)
captureUserWait ( 9 )
captureDispatchPointer( 137515687000,138101642000, 2, 791.267334, 767.600220,0.20784314,0.06666667,0,0.0,0.0,65539,0, 0)
captureUserWait ( 9 )
captureDispatchPointer( 137515687000,138110786000, 2, 793.265503, 756.605896,0.20784314,0.06666667,0,0.0,0.0,65539,0, 0)
captureUserWait ( 9 )
captureDispatchPointer( 137515687000,138120112000, 2, 795.263672, 745.611633,0.20784314,0.06666667,0,0.0,0.0,65539,0, 0)
captureUserWait ( 9 )
captureDispatchPointer( 137515687000,138129401000, 2, 797.261780, 731.618958,0.20784314,0.06666667,0,0.0,0.0,65539,0, 0)
captureUserWait ( 9 )
captureDispatchPointer( 137515687000,138138717000, 2, 800.259033, 715.627258,0.20784314,0.06666667,0,0.0,0.0,65539,0, 0)
captureUserWait ( 9 )
captureDispatchPointer( 137515687000,138148024000, 2, 803.256226, 700.635071,0.20784314,0.06666667,0,0.0,0.0,65539,0, 0)
captureUserWait ( 9 )
captureDispatchPointer( 137515687000,138157661000, 2, 806.253479, 686.642334,0.20784314,0.06666667,0,0.0,0.0,65539,0, 0)
captureUserWait ( 9 )
captureDispatchPointer( 137515687000,138166751000, 2, 808.251648, 674.648621,0.20784314,0.06666667,0,0.0,0.0,65539,0, 0)
captureUserWait ( 9 )
captureDispatchPointer( 137515687000,138176044000, 2, 811.248840, 660.655884,0.20784314,0.06666667,0,0.0,0.0,65539,0, 0)
captureUserWait ( 9 )
captureDispatchPointer( 137515687000,138185336000, 2, 815.245117, 644.664246,0.20784314,0.06666667,0,0.0,0.0,65539,0, 0)
captureUserWait ( 9 )
captureDispatchPointer( 137515687000,138194639000, 2, 817.243286, 629.672058,0.20784314,0.06666667,0,0.0,0.0,65539,0, 0)
captureUserWait ( 9 )
captureDispatchPointer( 137515687000,138204455000, 2, 819.241455, 616.678772,0.20784314,0.06666667,0,0.0,0.0,65539,0, 0)
captureUserWait ( 8 )
captureDispatchPointer( 137515687000,138213284000, 2, 821.239624, 604.685059,0.20784314,0.06666667,0,0.0,0.0,65539,0, 0)
captureUserWait ( 9 )
captureDispatchPointer( 137515687000,138222600000, 2, 823.237732, 592.691284,0.20784314,0.06666667,0,0.0,0.0,65539,0, 0)
captureUserWait ( 9 )
captureDispatchPointer( 137515687000,138231899000, 2, 826.234985, 576.699646,0.20784314,0.06666667,0,0.0,0.0,65539,0, 0)
captureUserWait ( 9 )
captureDispatchPointer( 137515687000,138241123000, 2, 829.232178, 558.708984,0.20784314,0.06666667,0,0.0,0.0,65539,0, 0)
captureUserWait ( 9 )
captureDispatchPointer( 137515687000,138250496000, 2, 831.230347, 544.716309,0.20784314,0.06666667,0,0.0,0.0,65539,0, 0)
captureUserWait ( 9 )
captureDispatchPointer( 137515687000,138259745000, 2, 833.228516, 533.721985,0.20784314,0.06666667,0,0.0,0.0,65539,0, 0)
captureUserWait ( 9 )
captureDispatchPointer( 137515687000,138269054000, 2, 835.226624, 523.727234,0.20784314,0.06666667,0,0.0,0.0,65539,0, 0)
captureUserWait ( 9 )
captureDispatchPointer( 137515687000,138278380000, 2, 836.225708, 512.732910,0.20784314,0.06666667,0,0.0,0.0,65539,0, 0)
captureUserWait ( 9 )
captureDispatchPointer( 137515687000,138287675000, 2, 838.223877, 501.738678,0.20784314,0.06666667,0,0.0,0.0,65539,0, 0)
captureUserWait ( 9 )
captureDispatchPointer( 137515687000,138296976000, 2, 839.222961, 491.743866,0.20784314,0.06666667,0,0.0,0.0,65539,0, 0)
captureUserWait ( 9 )
captureDispatchPointer( 137515687000,138306471000, 2, 840.222046, 481.749084,0.20784314,0.06666667,0,0.0,0.0,65539,0, 0)
captureUserWait ( 9 )
captureDispatchPointer( 137515687000,138315618000, 2, 841.221069, 472.753754,0.20784314,0.06666667,0,0.0,0.0,65539,0, 0)
captureUserWait ( 9 )
captureDispatchPointer( 137515687000,138325124000, 2, 842.220154, 464.757935,0.20784314,0.06666667,0,0.0,0.0,65539,0, 0)
captureUserWait ( 9 )
captureDispatchPointer( 137515687000,138334265000, 2, 843.219238, 456.762085,0.20784314,0.06666667,0,0.0,0.0,65539,0, 0)
captureUserWait ( 9 )
captureDispatchPointer( 137515687000,138343571000, 2, 844.218323, 450.765228,0.20784314,0.06666667,0,0.0,0.0,65539,0, 0)
captureUserWait ( 9 )
captureDispatchPointer( 137515687000,138352887000, 2, 845.217407, 445.767822,0.20784314,0.06666667,0,0.0,0.0,65539,0, 0)
captureUserWait ( 9 )
captureDispatchPointer( 137515687000,138362214000, 2, 847.215576, 440.770416,0.20784314,0.06666667,0,0.0,0.0,65539,0, 0)
captureUserWait ( 9 )
captureDispatchPointer( 137515687000,138371618000, 2, 848.214600, 435.773010,0.20784314,0.06666667,0,0.0,0.0,65539,0, 0)
captureUserWait ( 9 )
captureDispatchPointer( 137515687000,138380926000, 2, 849.213684, 431.775116,0.20784314,0.06666667,0,0.0,0.0,65539,0, 0)
captureUserWait ( 9 )
captureDispatchPointer( 137515687000,138390177000, 2, 850.212769, 428.776672,0.20784314,0.06666667,0,0.0,0.0,65539,0, 0)
captureUserWait ( 9 )
captureDispatchPointer( 137515687000,138399502000, 2, 851.211853, 425.778229,0.20784314,0.06666667,0,0.0,0.0,65539,0, 0)
captureUserWait ( 9 )
captureDispatchPointer( 137515687000,138408790000, 2, 852.210938, 423.779266,0.20784314,0.06666667,0,0.0,0.0,65539,0, 0)
captureUserWait ( 9 )
captureDispatchPointer( 137515687000,138418140000, 2, 853.210022, 421.780304,0.20784314,0.06666667,0,0.0,0.0,65539,0, 0)
captureUserWait ( 9 )
captureDispatchPointer( 137515687000,138427456000, 2, 854.209045, 419.781342,0.20784314,0.06666667,0,0.0,0.0,65539,0, 0)
captureUserWait ( 9 )
captureDispatchPointer( 137515687000,138436758000, 2, 855.208130, 418.781860,0.20784314,0.06666667,0,0.0,0.0,65539,0, 0)
captureUserWait ( 9 )
captureDispatchPointer( 137515687000,138445978000, 2, 855.208130, 417.782410,0.20784314,0.06666667,0,0.0,0.0,65539,0, 0)
captureUserWait ( 9 )
captureDispatchPointer( 137515687000,138455376000, 2, 856.207214, 416.782928,0.20784314,0.06666667,0,0.0,0.0,65539,0, 0)
captureUserWait ( 8 )
captureDispatchPointer( 137515687000,138463669000, 1, 856.207214, 416.782928,0.20784314,0.06666667,0,0.0,0.0,65539,0, 0)
captureUserWait ( 1554 )

# date & time
compareScreenshot(2014-11-05_09-33-18.jpg, 0, 0, 1080, 1920, 0, 1.0, 10)
captureDispatchPointer( 140018232000,140018232000, 0, 698.353394, 1289.328491,0.20784314,0.06666667,0,0.0,0.0,65539,0, 0)
captureUserWait ( 63 )
captureDispatchPointer( 140018232000,140081783000, 2, 698.353394, 1289.328491,0.20784314,0.06666667,0,0.0,0.0,65539,0, 0)
captureUserWait ( 18 )
captureDispatchPointer( 140018232000,140100399000, 2, 698.353394, 1289.328491,0.20784314,0.06666667,0,0.0,0.0,65539,0, 0)
captureUserWait ( 17 )
captureDispatchPointer( 140018232000,140117903000, 1, 698.353394, 1289.328491,0.20784314,0.06666667,0,0.0,0.0,65539,0, 0)
captureUserWait ( 1500 )

# enable automatic date & time
compareScreenshot(2014-11-05_09-33-20.jpg, 0, 0, 1080, 1920, 0, 1.0, 10)
captureDispatchPointer( 141618822000,141618822000, 0, 932.136902, 321.832367,0.20784314,0.06666667,0,0.0,0.0,65539,0, 0)
captureUserWait ( 64 )
captureDispatchPointer( 141618822000,141683594000, 2, 932.136902, 321.832367,0.20784314,0.06666667,0,0.0,0.0,65539,0, 0)
captureUserWait ( 17 )
captureDispatchPointer( 141618822000,141701353000, 1, 932.136902, 321.832367,0.20784314,0.06666667,0,0.0,0.0,65539,0, 0)
captureUserWait ( 1215 )

# disable automatic date & time
compareScreenshot(2014-11-05_09-33-20.jpg, 0, 0, 1080, 1920, 0, 1.0, 10)
captureDispatchPointer( 141618822000,141618822000, 0, 932.136902, 321.832367,0.20784314,0.06666667,0,0.0,0.0,65539,0, 0)
captureUserWait ( 64 )
captureDispatchPointer( 141618822000,141683594000, 2, 932.136902, 321.832367,0.20784314,0.06666667,0,0.0,0.0,65539,0, 0)
captureUserWait ( 17 )
captureDispatchPointer( 141618822000,141701353000, 1, 932.136902, 321.832367,0.20784314,0.06666667,0,0.0,0.0,65539,0, 0)
captureUserWait ( 1215 )

# set date
compareScreenshot(2014-11-05_09-33-21.jpg, 0, 0, 1080, 1920, 0, 1.0, 10)
captureDispatchPointer( 142917243000,142917243000, 0, 760.296021, 693.638733,0.20784314,0.06666667,0,0.0,0.0,65539,0, 0)
captureUserWait ( 9 )
captureDispatchPointer( 142917243000,142926516000, 2, 760.296021, 693.638733,0.20784314,0.06666667,0,0.0,0.0,65539,0, 0)
captureUserWait ( 9 )
captureDispatchPointer( 142917243000,142935775000, 2, 760.296021, 693.638733,0.20784314,0.06666667,0,0.0,0.0,65539,0, 0)
captureUserWait ( 9 )
captureDispatchPointer( 142917243000,142945247000, 2, 760.296021, 693.638733,0.20784314,0.06666667,0,0.0,0.0,65539,0, 0)
captureUserWait ( 9 )
captureDispatchPointer( 142917243000,142954396000, 2, 760.296021, 693.638733,0.20784314,0.06666667,0,0.0,0.0,65539,0, 0)
captureUserWait ( 55 )
captureDispatchPointer( 142917243000,143009430000, 1, 760.296021, 693.638733,0.20784314,0.06666667,0,0.0,0.0,65539,0, 0)
captureUserWait ( 1426 )

# add 1 day
compareScreenshot(2014-11-05_09-33-23.jpg, 0, 0, 1080, 1920, 0, 1.0, 10)
captureDispatchPointer( 144436212000,144436212000, 0, 555.485657, 1172.389404,0.20784314,0.06666667,0,0.0,0.0,65539,0, 0)
captureUserWait ( 18 )
captureDispatchPointer( 144436212000,144454558000, 2, 555.485657, 1172.389404,0.20784314,0.06666667,0,0.0,0.0,65539,0, 0)
captureUserWait ( 18 )
captureDispatchPointer( 144436212000,144473005000, 2, 555.485657, 1172.389404,0.20784314,0.06666667,0,0.0,0.0,65539,0, 0)
captureUserWait ( 8 )
captureDispatchPointer( 144436212000,144481448000, 1, 555.485657, 1172.389404,0.20784314,0.06666667,0,0.0,0.0,65539,0, 0)
captureUserWait ( 1181 )

# done
compareScreenshot(2014-11-05_09-33-24.jpg, 0, 0, 1080, 1920, 0, 1.0, 10)
captureDispatchPointer( 145662658000,145662658000, 0, 623.422729, 1394.273804,0.20784314,0.06666667,0,0.0,0.0,65539,0, 0)
captureUserWait ( 100 )
captureDispatchPointer( 145662658000,145763266000, 1, 623.422729, 1394.273804,0.20784314,0.06666667,0,0.0,0.0,65539,0, 0)
captureUserWait ( 1137 )

# set time
compareScreenshot(2014-11-06_09-33-25.jpg, 0, 0, 1080, 1920, 0, 1.0, 10)
captureDispatchPointer( 146900776000,146900776000, 0, 682.368164, 938.511169,0.20784314,0.06666667,0,0.0,0.0,65539,0, 0)
captureUserWait ( 18 )
captureDispatchPointer( 146900776000,146918803000, 2, 682.368164, 938.511169,0.20784314,0.06666667,0,0.0,0.0,65539,0, 0)
captureUserWait ( 18 )
captureDispatchPointer( 146900776000,146937367000, 2, 682.368164, 938.511169,0.20784314,0.06666667,0,0.0,0.0,65539,0, 0)
captureUserWait ( 9 )
captureDispatchPointer( 146900776000,146946691000, 2, 682.368164, 938.511169,0.20784314,0.06666667,0,0.0,0.0,65539,0, 0)
captureUserWait ( 9 )
captureDispatchPointer( 146900776000,146955999000, 2, 682.368164, 938.511169,0.20784314,0.06666667,0,0.0,0.0,65539,0, 0)
captureUserWait ( 36 )
captureDispatchPointer( 146900776000,146992477000, 1, 682.368164, 938.511169,0.20784314,0.06666667,0,0.0,0.0,65539,0, 0)
captureUserWait ( 1371 )

# hr
compareScreenshot(2014-11-06_09-33-27.jpg, 0, 0, 1080, 1920, 0, 1.0, 10)
captureDispatchPointer( 148363764000,148363764000, 0, 429.602234, 994.481995,0.20784314,0.06666667,0,0.0,0.0,65539,0, 0)
captureUserWait ( 7 )
captureDispatchPointer( 148363764000,148371553000, 2, 429.602234, 994.481995,0.20784314,0.06666667,0,0.0,0.0,65539,0, 0)
captureUserWait ( 9 )
captureDispatchPointer( 148363764000,148380907000, 2, 429.602234, 994.481995,0.20784314,0.06666667,0,0.0,0.0,65539,0, 0)
captureUserWait ( 46 )
captureDispatchPointer( 148363764000,148427429000, 2, 429.602234, 994.481995,0.20784314,0.06666667,0,0.0,0.0,65539,0, 0)
captureUserWait ( 36 )
captureDispatchPointer( 148363764000,148463657000, 1, 429.602234, 994.481995,0.20784314,0.06666667,0,0.0,0.0,65539,0, 0)
captureUserWait ( 1742 )

# 6
compareScreenshot(2014-11-06_09-33-28.jpg, 0, 0, 1080, 1920, 0, 1.0, 10)
captureDispatchPointer( 150205662000,150205662000, 0, 687.363525, 1517.209717,0.20784314,0.06666667,0,0.0,0.0,65539,0, 0)
captureUserWait ( 8 )
captureDispatchPointer( 150205662000,150214127000, 2, 687.363525, 1517.209717,0.20784314,0.06666667,0,0.0,0.0,65539,0, 0)
captureUserWait ( 28 )
captureDispatchPointer( 150205662000,150242169000, 2, 687.363525, 1518.209229,0.20784314,0.06666667,0,0.0,0.0,65539,0, 0)
captureUserWait ( 9 )
captureDispatchPointer( 150205662000,150251298000, 2, 687.363525, 1519.208740,0.20784314,0.06666667,0,0.0,0.0,65539,0, 0)
captureUserWait ( 9 )
captureDispatchPointer( 150205662000,150260624000, 2, 687.363525, 1519.208740,0.20784314,0.06666667,0,0.0,0.0,65539,0, 0)
captureUserWait ( 17 )
captureDispatchPointer( 150205662000,150278127000, 1, 687.363525, 1519.208740,0.20784314,0.06666667,0,0.0,0.0,65539,0, 0)
captureUserWait ( 1030 )

# min
compareScreenshot(2014-11-06_09-33-30.jpg, 0, 0, 1080, 1920, 0, 1.0, 10)
captureDispatchPointer( 151308833000,151308833000, 0, 667.382080, 677.647034,0.20784314,0.06666667,0,0.0,0.0,65539,0, 0)
captureUserWait ( 72 )
captureDispatchPointer( 151308833000,151381612000, 2, 667.382080, 677.647034,0.20784314,0.06666667,0,0.0,0.0,65539,0, 0)
captureUserWait ( 8 )
captureDispatchPointer( 151308833000,151389780000, 1, 667.382080, 677.647034,0.20784314,0.06666667,0,0.0,0.0,65539,0, 0)
captureUserWait ( 1230 )

# 5
compareScreenshot(2014-11-06_09-33-31.jpg, 0, 0, 1080, 1920, 0, 1.0, 10)
captureDispatchPointer( 152620618000,152620618000, 0, 475.559662, 1512.212402,0.20784314,0.06666667,0,0.0,0.0,65539,0, 0)
captureUserWait ( 53 )
captureDispatchPointer( 152620618000,152674607000, 1, 475.559662, 1512.212402,0.20784314,0.06666667,0,0.0,0.0,65539,0, 0)
captureUserWait ( 619 )

# 9
captureDispatchPointer( 153294045000,153294045000, 0, 719.333984, 1674.128052,0.20784314,0.06666667,0,0.0,0.0,65539,0, 0)
captureUserWait ( 25 )
captureDispatchPointer( 153294045000,153319817000, 1, 719.333984, 1674.128052,0.20784314,0.06666667,0,0.0,0.0,65539,0, 0)
captureUserWait ( 1245 )

# done
compareScreenshot(2014-11-06_09-33-33.jpg, 0, 0, 1080, 1920, 0, 1.0, 10)
captureDispatchPointer( 154565136000,154565136000, 0, 716.336731, 1063.446045,0.20784314,0.06666667,0,0.0,0.0,65539,0, 0)
captureUserWait ( 26 )
captureDispatchPointer( 154565136000,154592119000, 2, 716.336731, 1063.446045,0.20784314,0.06666667,0,0.0,0.0,65539,0, 0)
captureUserWait ( 17 )
captureDispatchPointer( 154565136000,154609426000, 1, 716.336731, 1063.446045,0.20784314,0.06666667,0,0.0,0.0,65539,0, 0)
captureUserWait ( 1248 )

# back
compareScreenshot(2014-11-06_06-59-01.jpg, 0, 0, 1080, 1920, 0, 1.0, 10)
captureDispatchKey( 0, 0, 0, 4, 0,0,0,0)
captureUserWait ( 103 )
captureDispatchKey( 0, 0, 1, 4, 0,0,0,0)
captureUserWait ( 999 )

# back
captureDispatchKey( 0, 0, 0, 4, 0,0,0,0)
captureUserWait ( 121 )
captureDispatchKey( 0, 0, 1, 4, 0,0,0,0)
captureUserWait ( 1500 )
