type=raw events 1
count= 1
speed=1.0
start data >>

## suspend-13-min-slide-home-1-min

# suspend 13 mins
fihSusResDevice(780)

# unlock screen
captureDispatchPointer( 4534728633000,4534728633000, 0, 267.752075, 1395.273315,0.20784314,0.06666667,0,0.0,0.0,65539,0, 0)
captureUserWait ( 12 )
captureDispatchPointer( 4534728633000,4534741405000, 2, 267.752075, 1395.273315,0.20784314,0.06666667,0,0.0,0.0,65539,0, 0)
captureUserWait ( 48 )
captureDispatchPointer( 4534728633000,4534789561000, 2, 267.752075, 1395.273315,0.20784314,0.06666667,0,0.0,0.0,65539,0, 0)
captureUserWait ( 37 )
captureDispatchPointer( 4534728633000,4534826729000, 2, 268.751160, 1395.273315,0.20784314,0.06666667,0,0.0,0.0,65539,0, 0)
captureUserWait ( 9 )
captureDispatchPointer( 4534728633000,4534836680000, 2, 269.750244, 1395.273315,0.20784314,0.06666667,0,0.0,0.0,65539,0, 0)
captureUserWait ( 8 )
captureDispatchPointer( 4534728633000,4534845627000, 2, 270.749298, 1395.273315,0.20784314,0.06666667,0,0.0,0.0,65539,0, 0)
captureUserWait ( 9 )
captureDispatchPointer( 4534728633000,4534855279000, 2, 271.748383, 1395.273315,0.20784314,0.06666667,0,0.0,0.0,65539,0, 0)
captureUserWait ( 9 )
captureDispatchPointer( 4534728633000,4534864597000, 2, 272.747467, 1395.273315,0.20784314,0.06666667,0,0.0,0.0,65539,0, 0)
captureUserWait ( 9 )
captureDispatchPointer( 4534728633000,4534874592000, 2, 274.745605, 1395.273315,0.20784314,0.06666667,0,0.0,0.0,65539,0, 0)
captureUserWait ( 9 )
captureDispatchPointer( 4534728633000,4534884310000, 2, 276.743744, 1394.273804,0.20784314,0.06666667,0,0.0,0.0,65539,0, 0)
captureUserWait ( 8 )
captureDispatchPointer( 4534728633000,4534893212000, 2, 279.740967, 1392.274780,0.20784314,0.06666667,0,0.0,0.0,65539,0, 0)
captureUserWait ( 9 )
captureDispatchPointer( 4534728633000,4534902666000, 2, 282.738220, 1390.275879,0.20784314,0.06666667,0,0.0,0.0,65539,0, 0)
captureUserWait ( 9 )
captureDispatchPointer( 4534728633000,4534912008000, 2, 285.735443, 1388.276855,0.20784314,0.06666667,0,0.0,0.0,65539,0, 0)
captureUserWait ( 9 )
captureDispatchPointer( 4534728633000,4534921922000, 2, 289.731720, 1385.278442,0.20784314,0.06666667,0,0.0,0.0,65539,0, 0)
captureUserWait ( 9 )
captureDispatchPointer( 4534728633000,4534931489000, 2, 293.728027, 1382.280029,0.20784314,0.06666667,0,0.0,0.0,65539,0, 0)
captureUserWait ( 9 )
captureDispatchPointer( 4534728633000,4534940959000, 2, 298.723419, 1379.281616,0.20784314,0.06666667,0,0.0,0.0,65539,0, 0)
captureUserWait ( 9 )
captureDispatchPointer( 4534728633000,4534950129000, 2, 303.718781, 1376.283203,0.20784314,0.06666667,0,0.0,0.0,65539,0, 0)
captureUserWait ( 9 )
captureDispatchPointer( 4534728633000,4534959611000, 2, 309.713226, 1372.285278,0.20784314,0.06666667,0,0.0,0.0,65539,0, 0)
captureUserWait ( 9 )
captureDispatchPointer( 4534728633000,4534969588000, 2, 315.707672, 1367.287842,0.20784314,0.06666667,0,0.0,0.0,65539,0, 0)
captureUserWait ( 8 )
captureDispatchPointer( 4534728633000,4534978353000, 2, 321.702118, 1362.290405,0.20784314,0.06666667,0,0.0,0.0,65539,0, 0)
captureUserWait ( 9 )
captureDispatchPointer( 4534728633000,4534988187000, 2, 328.695648, 1356.293579,0.20784314,0.06666667,0,0.0,0.0,65539,0, 0)
captureUserWait ( 9 )
captureDispatchPointer( 4534728633000,4534997343000, 2, 335.689178, 1350.296631,0.20784314,0.06666667,0,0.0,0.0,65539,0, 0)
captureUserWait ( 9 )
captureDispatchPointer( 4534728633000,4535006854000, 2, 342.682709, 1344.299805,0.20784314,0.06666667,0,0.0,0.0,65539,0, 0)
captureUserWait ( 10 )
captureDispatchPointer( 4534728633000,4535016880000, 2, 349.676239, 1338.302979,0.20784314,0.06666667,0,0.0,0.0,65539,0, 0)
captureUserWait ( 9 )
captureDispatchPointer( 4534728633000,4535026270000, 2, 356.669739, 1332.306030,0.20784314,0.06666667,0,0.0,0.0,65539,0, 0)
captureUserWait ( 10 )
captureDispatchPointer( 4534728633000,4535036410000, 2, 363.663269, 1325.309692,0.20784314,0.06666667,0,0.0,0.0,65539,0, 0)
captureUserWait ( 8 )
captureDispatchPointer( 4534728633000,4535044877000, 2, 370.656799, 1318.313354,0.20784314,0.06666667,0,0.0,0.0,65539,0, 0)
captureUserWait ( 10 )
captureDispatchPointer( 4534728633000,4535055568000, 2, 378.649414, 1311.317017,0.20784314,0.06666667,0,0.0,0.0,65539,0, 0)
captureUserWait ( 8 )
captureDispatchPointer( 4534728633000,4535064406000, 2, 386.641998, 1304.320679,0.20784314,0.06666667,0,0.0,0.0,65539,0, 0)
captureUserWait ( 10 )
captureDispatchPointer( 4534728633000,4535075015000, 2, 394.634613, 1297.324219,0.20784314,0.06666667,0,0.0,0.0,65539,0, 0)
captureUserWait ( 8 )
captureDispatchPointer( 4534728633000,4535083731000, 2, 402.627197, 1289.328491,0.20784314,0.06666667,0,0.0,0.0,65539,0, 0)
captureUserWait ( 9 )
captureDispatchPointer( 4534728633000,4535093344000, 2, 411.618866, 1280.333130,0.20784314,0.06666667,0,0.0,0.0,65539,0, 0)
captureUserWait ( 8 )
captureDispatchPointer( 4534728633000,4535102096000, 2, 420.610535, 1271.337769,0.20784314,0.06666667,0,0.0,0.0,65539,0, 0)
captureUserWait ( 9 )
captureDispatchPointer( 4534728633000,4535111520000, 2, 430.601288, 1261.343018,0.20784314,0.06666667,0,0.0,0.0,65539,0, 0)
captureUserWait ( 10 )
captureDispatchPointer( 4534728633000,4535122319000, 2, 440.592041, 1251.348267,0.20784314,0.06666667,0,0.0,0.0,65539,0, 0)
captureUserWait ( 9 )
captureDispatchPointer( 4534728633000,4535131568000, 2, 451.581879, 1241.353394,0.20784314,0.06666667,0,0.0,0.0,65539,0, 0)
captureUserWait ( 9 )
captureDispatchPointer( 4534728633000,4535141476000, 2, 462.571686, 1231.358643,0.20784314,0.06666667,0,0.0,0.0,65539,0, 0)
captureUserWait ( 8 )
captureDispatchPointer( 4534728633000,4535150387000, 2, 474.560608, 1219.364868,0.20784314,0.06666667,0,0.0,0.0,65539,0, 0)
captureUserWait ( 9 )
captureDispatchPointer( 4534728633000,4535159942000, 2, 486.549500, 1206.371704,0.20784314,0.06666667,0,0.0,0.0,65539,0, 0)
captureUserWait ( 9 )
captureDispatchPointer( 4534728633000,4535169525000, 2, 498.538391, 1194.377930,0.20784314,0.06666667,0,0.0,0.0,65539,0, 0)
captureUserWait ( 8 )
captureDispatchPointer( 4534728633000,4535178458000, 2, 511.526367, 1182.384155,0.20784314,0.06666667,0,0.0,0.0,65539,0, 0)
captureUserWait ( 10 )
captureDispatchPointer( 4534728633000,4535188749000, 2, 524.514343, 1170.390381,0.20784314,0.06666667,0,0.0,0.0,65539,0, 0)
captureUserWait ( 8 )
captureDispatchPointer( 4534728633000,4535197471000, 2, 538.501404, 1157.397217,0.20784314,0.06666667,0,0.0,0.0,65539,0, 0)
captureUserWait ( 10 )
captureDispatchPointer( 4534728633000,4535207718000, 2, 552.488464, 1144.403931,0.20784314,0.06666667,0,0.0,0.0,65539,0, 0)
captureUserWait ( 8 )
captureDispatchPointer( 4534728633000,4535216701000, 2, 568.473633, 1130.411255,0.20784314,0.06666667,0,0.0,0.0,65539,0, 0)
captureUserWait ( 9 )
captureDispatchPointer( 4534728633000,4535225929000, 2, 583.459778, 1116.418457,0.20784314,0.06666667,0,0.0,0.0,65539,0, 0)
captureUserWait ( 9 )
captureDispatchPointer( 4534728633000,4535235207000, 2, 597.446838, 1102.425781,0.20784314,0.06666667,0,0.0,0.0,65539,0, 0)
captureUserWait ( 9 )
captureDispatchPointer( 4534728633000,4535244613000, 2, 613.432007, 1088.433105,0.20784314,0.06666667,0,0.0,0.0,65539,0, 0)
captureUserWait ( 9 )
captureDispatchPointer( 4534728633000,4535254177000, 2, 629.417236, 1074.440430,0.20784314,0.06666667,0,0.0,0.0,65539,0, 0)
captureUserWait ( 9 )
captureDispatchPointer( 4534728633000,4535263512000, 2, 645.402405, 1059.448120,0.20784314,0.06666667,0,0.0,0.0,65539,0, 0)
captureUserWait ( 9 )
captureDispatchPointer( 4534728633000,4535272756000, 2, 662.386658, 1044.455933,0.20784314,0.06666667,0,0.0,0.0,65539,0, 0)
captureUserWait ( 9 )
captureDispatchPointer( 4534728633000,4535282368000, 2, 677.372803, 1030.463257,0.20784314,0.06666667,0,0.0,0.0,65539,0, 0)
captureUserWait ( 9 )
captureDispatchPointer( 4534728633000,4535292059000, 2, 693.358032, 1015.471069,0.20784314,0.06666667,0,0.0,0.0,65539,0, 0)
captureUserWait ( 9 )
captureDispatchPointer( 4534728633000,4535301348000, 2, 709.343201, 1001.478394,0.20784314,0.06666667,0,0.0,0.0,65539,0, 0)
captureUserWait ( 9 )
captureDispatchPointer( 4534728633000,4535310997000, 2, 725.328430, 987.485657,0.20784314,0.06666667,0,0.0,0.0,65539,0, 0)
captureUserWait ( 9 )
captureDispatchPointer( 4534728633000,4535320194000, 2, 741.313599, 973.492920,0.20784314,0.06666667,0,0.0,0.0,65539,0, 0)
captureUserWait ( 10 )
captureDispatchPointer( 4534728633000,4535330489000, 2, 755.300659, 959.500244,0.20784314,0.06666667,0,0.0,0.0,65539,0, 0)
captureUserWait ( 9 )
captureDispatchPointer( 4534728633000,4535339941000, 2, 770.286804, 944.508057,0.20784314,0.06666667,0,0.0,0.0,65539,0, 0)
captureUserWait ( 9 )
captureDispatchPointer( 4534728633000,4535349504000, 2, 786.271973, 929.515869,0.20784314,0.06666667,0,0.0,0.0,65539,0, 0)
captureUserWait ( 9 )
captureDispatchPointer( 4534728633000,4535359346000, 2, 802.257202, 914.523682,0.20784314,0.06666667,0,0.0,0.0,65539,0, 0)
captureUserWait ( 8 )
captureDispatchPointer( 4534728633000,4535367852000, 2, 819.241455, 898.531982,0.20784314,0.06666667,0,0.0,0.0,65539,0, 0)
captureUserWait ( 9 )
captureDispatchPointer( 4534728633000,4535377625000, 2, 836.225708, 882.540344,0.20784314,0.06666667,0,0.0,0.0,65539,0, 0)
captureUserWait ( 9 )
captureDispatchPointer( 4534728633000,4535386915000, 2, 855.208130, 865.549194,0.20784314,0.06666667,0,0.0,0.0,65539,0, 0)
captureUserWait ( 9 )
captureDispatchPointer( 4534728633000,4535396270000, 2, 873.191467, 850.557007,0.20784314,0.06666667,0,0.0,0.0,65539,0, 0)
captureUserWait ( 9 )
captureDispatchPointer( 4534728633000,4535406160000, 2, 890.175781, 836.564270,0.20784314,0.06666667,0,0.0,0.0,65539,0, 0)
captureUserWait ( 9 )
captureDispatchPointer( 4534728633000,4535415354000, 2, 911.156372, 819.573120,0.20784314,0.06666667,0,0.0,0.0,65539,0, 0)
captureUserWait ( 10 )
captureDispatchPointer( 4534728633000,4535425667000, 2, 932.136902, 803.581421,0.20784314,0.06666667,0,0.0,0.0,65539,0, 0)
captureUserWait ( 8 )
captureDispatchPointer( 4534728633000,4535434176000, 2, 953.117493, 786.590271,0.20784314,0.06666667,0,0.0,0.0,65539,0, 0)
captureUserWait ( 9 )
captureDispatchPointer( 4534728633000,4535444144000, 2, 973.098999, 771.598083,0.20784314,0.06666667,0,0.0,0.0,65539,0, 0)
captureUserWait ( 8 )
captureDispatchPointer( 4534728633000,4535452978000, 2, 1000.074036, 753.607483,0.20784314,0.06666667,0,0.0,0.0,65539,0, 0)
captureUserWait ( 9 )
captureDispatchPointer( 4534728633000,4535462325000, 2, 1023.052734, 737.615784,0.20784314,0.06666667,0,0.0,0.0,65539,0, 0)
captureUserWait ( 9 )
captureDispatchPointer( 4534728633000,4535472191000, 2, 1043.034180, 722.623596,0.20784314,0.06666667,0,0.0,0.0,65539,0, 0)
captureUserWait ( 10 )
captureDispatchPointer( 4534728633000,4535482364000, 2, 1052.025879, 716.626709,0.20784314,0.06666667,0,0.0,0.0,65539,0, 0)
captureUserWait ( 8 )
captureDispatchPointer( 4534728633000,4535490553000, 1, 1052.025879, 716.626709,0.20784314,0.06666667,0,0.0,0.0,65539,0, 0)
captureUserWait ( 2851 )

# slide home 5 times, 5 seconds/page
captureUserWait ( 1000 )
compareScreenshot(2014-09-03_11-19-47.jpg, 0, 0, 1080, 1920, 0, 1.0, 10)
captureDispatchPointer( 153309688000,153309688000, 0, 869.195190, 1166.392456,0.20784314,0.06666667,0,0.0,0.0,65539,0, 0)
captureUserWait ( 8 )
captureDispatchPointer( 153309688000,153318005000, 2, 868.196106, 1166.392456,0.20784314,0.06666667,0,0.0,0.0,65539,0, 0)
captureUserWait ( 9 )
captureDispatchPointer( 153309688000,153327030000, 2, 864.199829, 1165.392944,0.20784314,0.06666667,0,0.0,0.0,65539,0, 0)
captureUserWait ( 9 )
captureDispatchPointer( 153309688000,153336633000, 2, 855.208130, 1163.394043,0.20784314,0.06666667,0,0.0,0.0,65539,0, 0)
captureUserWait ( 9 )
captureDispatchPointer( 153309688000,153346276000, 2, 838.223877, 1161.395020,0.20784314,0.06666667,0,0.0,0.0,65539,0, 0)
captureUserWait ( 9 )
captureDispatchPointer( 153309688000,153355471000, 2, 816.244202, 1159.396118,0.20784314,0.06666667,0,0.0,0.0,65539,0, 0)
captureUserWait ( 9 )
captureDispatchPointer( 153309688000,153364904000, 2, 792.266418, 1157.397217,0.20784314,0.06666667,0,0.0,0.0,65539,0, 0)
captureUserWait ( 9 )
captureDispatchPointer( 153309688000,153374390000, 2, 757.298828, 1156.397705,0.20784314,0.06666667,0,0.0,0.0,65539,0, 0)
captureUserWait ( 9 )
captureDispatchPointer( 153309688000,153383828000, 2, 721.332092, 1155.398193,0.20784314,0.06666667,0,0.0,0.0,65539,0, 0)
captureUserWait ( 9 )
captureDispatchPointer( 153309688000,153393239000, 2, 679.370972, 1155.398193,0.20784314,0.06666667,0,0.0,0.0,65539,0, 0)
captureUserWait ( 9 )
captureDispatchPointer( 153309688000,153402835000, 2, 626.419983, 1158.396606,0.20784314,0.06666667,0,0.0,0.0,65539,0, 0)
captureUserWait ( 9 )
captureDispatchPointer( 153309688000,153412082000, 2, 580.462524, 1162.394531,0.20784314,0.06666667,0,0.0,0.0,65539,0, 0)
captureUserWait ( 9 )
captureDispatchPointer( 153309688000,153421554000, 2, 515.522644, 1171.389893,0.20784314,0.06666667,0,0.0,0.0,65539,0, 0)
captureUserWait ( 9 )
captureDispatchPointer( 153309688000,153431113000, 2, 449.583710, 1185.382568,0.20784314,0.06666667,0,0.0,0.0,65539,0, 0)
captureUserWait ( 10 )
captureDispatchPointer( 153309688000,153441129000, 2, 392.636444, 1201.374268,0.20784314,0.06666667,0,0.0,0.0,65539,0, 0)
captureUserWait ( 7 )
captureDispatchPointer( 153309688000,153448775000, 1, 392.636444, 1201.374268,0.20784314,0.06666667,0,0.0,0.0,65539,0, 0)

captureUserWait ( 11000 )

compareScreenshot(2014-09-03_11-19-52.jpg, 0, 0, 1080, 1920, 0, 1.0, 10)
captureDispatchPointer( 158673482000,158673482000, 0, 934.135071, 1070.442505,0.20784314,0.06666667,0,0.0,0.0,65539,0, 0)
captureUserWait ( 8 )
captureDispatchPointer( 158673482000,158681898000, 2, 931.137817, 1070.442505,0.20784314,0.06666667,0,0.0,0.0,65539,0, 0)
captureUserWait ( 9 )
captureDispatchPointer( 158673482000,158691339000, 2, 918.149841, 1069.442993,0.20784314,0.06666667,0,0.0,0.0,65539,0, 0)
captureUserWait ( 9 )
captureDispatchPointer( 158673482000,158700905000, 2, 894.172058, 1068.443481,0.20784314,0.06666667,0,0.0,0.0,65539,0, 0)
captureUserWait ( 9 )
captureDispatchPointer( 158673482000,158710480000, 2, 865.198914, 1069.442993,0.20784314,0.06666667,0,0.0,0.0,65539,0, 0)
captureUserWait ( 9 )
captureDispatchPointer( 158673482000,158719651000, 2, 825.235901, 1071.441895,0.20784314,0.06666667,0,0.0,0.0,65539,0, 0)
captureUserWait ( 9 )
captureDispatchPointer( 158673482000,158729196000, 2, 781.276611, 1075.439819,0.20784314,0.06666667,0,0.0,0.0,65539,0, 0)
captureUserWait ( 9 )
captureDispatchPointer( 158673482000,158738469000, 2, 727.326538, 1080.437256,0.20784314,0.06666667,0,0.0,0.0,65539,0, 0)
captureUserWait ( 9 )
captureDispatchPointer( 158673482000,158747946000, 2, 678.371887, 1086.434082,0.20784314,0.06666667,0,0.0,0.0,65539,0, 0)
captureUserWait ( 9 )
captureDispatchPointer( 158673482000,158757568000, 2, 606.438477, 1099.427368,0.20784314,0.06666667,0,0.0,0.0,65539,0, 0)
captureUserWait ( 9 )
captureDispatchPointer( 158673482000,158767085000, 2, 546.494019, 1116.418457,0.20784314,0.06666667,0,0.0,0.0,65539,0, 0)
captureUserWait ( 9 )
captureDispatchPointer( 158673482000,158776384000, 2, 459.574463, 1139.406494,0.20784314,0.06666667,0,0.0,0.0,65539,0, 0)
captureUserWait ( 9 )
captureDispatchPointer( 158673482000,158785826000, 2, 396.632751, 1162.394531,0.20784314,0.06666667,0,0.0,0.0,65539,0, 0)
captureUserWait ( 9 )
captureDispatchPointer( 158673482000,158795474000, 2, 310.712311, 1199.375244,0.20784314,0.06666667,0,0.0,0.0,65539,0, 0)
captureUserWait ( 9 )
captureDispatchPointer( 158673482000,158804759000, 2, 252.765961, 1234.357056,0.20784314,0.06666667,0,0.0,0.0,65539,0, 0)
captureUserWait ( 9 )
captureDispatchPointer( 158673482000,158813852000, 1, 252.765961, 1234.357056,0.20784314,0.06666667,0,0.0,0.0,65539,0, 0)

captureUserWait ( 11000 )

compareScreenshot(2014-09-03_11-19-57.jpg, 0, 0, 1080, 1920, 0, 1.0, 10)
captureDispatchPointer( 163728804000,163728804000, 0, 648.399658, 1199.375244,0.20784314,0.06666667,0,0.0,0.0,65539,0, 0)
captureUserWait ( 8 )
captureDispatchPointer( 163728804000,163737170000, 2, 634.412598, 1199.375244,0.20784314,0.06666667,0,0.0,0.0,65539,0, 0)
captureUserWait ( 9 )
captureDispatchPointer( 163728804000,163746646000, 2, 590.453308, 1201.374268,0.20784314,0.06666667,0,0.0,0.0,65539,0, 0)
captureUserWait ( 9 )
captureDispatchPointer( 163728804000,163756148000, 2, 539.500488, 1207.371094,0.20784314,0.06666667,0,0.0,0.0,65539,0, 0)
captureUserWait ( 9 )
captureDispatchPointer( 163728804000,163765622000, 2, 478.556885, 1216.366455,0.20784314,0.06666667,0,0.0,0.0,65539,0, 0)
captureUserWait ( 9 )
captureDispatchPointer( 163728804000,163774992000, 2, 413.617035, 1232.358154,0.20784314,0.06666667,0,0.0,0.0,65539,0, 0)
captureUserWait ( 9 )
captureDispatchPointer( 163728804000,163784494000, 2, 358.667908, 1254.346680,0.20784314,0.06666667,0,0.0,0.0,65539,0, 0)
captureUserWait ( 9 )
captureDispatchPointer( 163728804000,163793936000, 2, 285.735443, 1283.331543,0.20784314,0.06666667,0,0.0,0.0,65539,0, 0)
captureUserWait ( 9 )
captureDispatchPointer( 163728804000,163803578000, 2, 227.789093, 1309.317993,0.20784314,0.06666667,0,0.0,0.0,65539,0, 0)
captureUserWait ( 9 )
captureDispatchPointer( 163728804000,163812877000, 2, 151.859390, 1344.299805,0.20784314,0.06666667,0,0.0,0.0,65539,0, 0)
captureUserWait ( 9 )
captureDispatchPointer( 163728804000,163822341000, 2, 82.923218, 1380.281128,0.20784314,0.06666667,0,0.0,0.0,65539,0, 0)
captureUserWait ( 8 )
captureDispatchPointer( 163728804000,163830581000, 1, 82.923218, 1380.281128,0.20784314,0.06666667,0,0.0,0.0,65539,0, 0)

captureUserWait ( 11000 )

compareScreenshot(2014-09-03_11-20-02.jpg, 0, 0, 1080, 1920, 0, 1.0, 10)
captureDispatchPointer( 168273899000,168273899000, 0, 791.267334, 1193.378418,0.20784314,0.06666667,0,0.0,0.0,65539,0, 0)
captureUserWait ( 7 )
captureDispatchPointer( 168273899000,168281803000, 2, 789.269226, 1194.377930,0.20784314,0.06666667,0,0.0,0.0,65539,0, 0)
captureUserWait ( 9 )
captureDispatchPointer( 168273899000,168291267000, 2, 777.280273, 1197.376343,0.20784314,0.06666667,0,0.0,0.0,65539,0, 0)
captureUserWait ( 9 )
captureDispatchPointer( 168273899000,168300791000, 2, 754.301575, 1202.373779,0.20784314,0.06666667,0,0.0,0.0,65539,0, 0)
captureUserWait ( 9 )
captureDispatchPointer( 168273899000,168310327000, 2, 727.326538, 1210.369629,0.20784314,0.06666667,0,0.0,0.0,65539,0, 0)
captureUserWait ( 9 )
captureDispatchPointer( 168273899000,168319670000, 2, 699.352478, 1217.365967,0.20784314,0.06666667,0,0.0,0.0,65539,0, 0)
captureUserWait ( 9 )
captureDispatchPointer( 168273899000,168329273000, 2, 667.382080, 1227.360718,0.20784314,0.06666667,0,0.0,0.0,65539,0, 0)
captureUserWait ( 9 )
captureDispatchPointer( 168273899000,168338569000, 2, 631.415344, 1237.355469,0.20784314,0.06666667,0,0.0,0.0,65539,0, 0)
captureUserWait ( 9 )
captureDispatchPointer( 168273899000,168348182000, 2, 596.447754, 1249.349243,0.20784314,0.06666667,0,0.0,0.0,65539,0, 0)
captureUserWait ( 9 )
captureDispatchPointer( 168273899000,168357365000, 2, 557.483826, 1263.341919,0.20784314,0.06666667,0,0.0,0.0,65539,0, 0)
captureUserWait ( 9 )
captureDispatchPointer( 168273899000,168366891000, 2, 514.523621, 1278.334229,0.20784314,0.06666667,0,0.0,0.0,65539,0, 0)
captureUserWait ( 9 )
captureDispatchPointer( 168273899000,168376253000, 2, 472.562439, 1293.326416,0.20784314,0.06666667,0,0.0,0.0,65539,0, 0)
captureUserWait ( 9 )
captureDispatchPointer( 168273899000,168385732000, 2, 426.605011, 1309.317993,0.20784314,0.06666667,0,0.0,0.0,65539,0, 0)
captureUserWait ( 9 )
captureDispatchPointer( 168273899000,168395153000, 2, 387.641083, 1327.308716,0.20784314,0.06666667,0,0.0,0.0,65539,0, 0)
captureUserWait ( 9 )
captureDispatchPointer( 168273899000,168404619000, 2, 343.681763, 1344.299805,0.20784314,0.06666667,0,0.0,0.0,65539,0, 0)
captureUserWait ( 8 )
captureDispatchPointer( 168273899000,168413082000, 1, 343.681763, 1344.299805,0.20784314,0.06666667,0,0.0,0.0,65539,0, 0)

captureUserWait ( 11000 )

compareScreenshot(2014-09-03_11-20-07.jpg, 0, 0, 1080, 1920, 0, 1.0, 10)
captureDispatchPointer( 173052224000,173052224000, 0, 1055.023193, 1080.437256,0.20784314,0.06666667,0,0.0,0.0,65539,0, 0)
captureUserWait ( 7 )
captureDispatchPointer( 173052224000,173059983000, 2, 1055.023193, 1080.437256,0.20784314,0.06666667,0,0.0,0.0,65539,0, 0)
captureUserWait ( 9 )
captureDispatchPointer( 173052224000,173069166000, 2, 1055.023193, 1079.437744,0.20784314,0.06666667,0,0.0,0.0,65539,0, 0)
captureUserWait ( 9 )
captureDispatchPointer( 173052224000,173078582000, 2, 1054.024048, 1078.438232,0.20784314,0.06666667,0,0.0,0.0,65539,0, 0)
captureUserWait ( 9 )
captureDispatchPointer( 173052224000,173088139000, 2, 1052.025879, 1077.438843,0.20784314,0.06666667,0,0.0,0.0,65539,0, 0)
captureUserWait ( 9 )
captureDispatchPointer( 173052224000,173097588000, 2, 1048.029663, 1077.438843,0.20784314,0.06666667,0,0.0,0.0,65539,0, 0)
captureUserWait ( 9 )
captureDispatchPointer( 173052224000,173107210000, 2, 1041.036133, 1077.438843,0.20784314,0.06666667,0,0.0,0.0,65539,0, 0)
captureUserWait ( 9 )
captureDispatchPointer( 173052224000,173116487000, 2, 1028.048096, 1078.438232,0.20784314,0.06666667,0,0.0,0.0,65539,0, 0)
captureUserWait ( 9 )
captureDispatchPointer( 173052224000,173125967000, 2, 998.075867, 1081.436768,0.20784314,0.06666667,0,0.0,0.0,65539,0, 0)
captureUserWait ( 9 )
captureDispatchPointer( 173052224000,173135445000, 2, 955.115662, 1085.434692,0.20784314,0.06666667,0,0.0,0.0,65539,0, 0)
captureUserWait ( 9 )
captureDispatchPointer( 173052224000,173144891000, 2, 912.155396, 1091.431519,0.20784314,0.06666667,0,0.0,0.0,65539,0, 0)
captureUserWait ( 9 )
captureDispatchPointer( 173052224000,173154417000, 2, 870.194275, 1099.427368,0.20784314,0.06666667,0,0.0,0.0,65539,0, 0)
captureUserWait ( 9 )
captureDispatchPointer( 173052224000,173163950000, 2, 817.243286, 1112.420532,0.20784314,0.06666667,0,0.0,0.0,65539,0, 0)
captureUserWait ( 9 )
captureDispatchPointer( 173052224000,173173286000, 2, 763.293274, 1125.413818,0.20784314,0.06666667,0,0.0,0.0,65539,0, 0)
captureUserWait ( 9 )
captureDispatchPointer( 173052224000,173182567000, 2, 711.341370, 1139.406494,0.20784314,0.06666667,0,0.0,0.0,65539,0, 0)
captureUserWait ( 9 )
captureDispatchPointer( 173052224000,173192066000, 2, 652.395935, 1158.396606,0.20784314,0.06666667,0,0.0,0.0,65539,0, 0)
captureUserWait ( 9 )
captureDispatchPointer( 173052224000,173202058000, 2, 596.447754, 1181.384644,0.20784314,0.06666667,0,0.0,0.0,65539,0, 0)
captureUserWait ( 9 )
captureDispatchPointer( 173052224000,173211810000, 2, 536.503235, 1206.371704,0.20784314,0.06666667,0,0.0,0.0,65539,0, 0)
captureUserWait ( 8 )
captureDispatchPointer( 173052224000,173220543000, 2, 466.567993, 1238.354980,0.20784314,0.06666667,0,0.0,0.0,65539,0, 0)
captureUserWait ( 9 )
captureDispatchPointer( 173052224000,173230192000, 2, 402.627197, 1271.337769,0.20784314,0.06666667,0,0.0,0.0,65539,0, 0)
captureUserWait ( 8 )
captureDispatchPointer( 173052224000,173238225000, 1, 402.627197, 1271.337769,0.20784314,0.06666667,0,0.0,0.0,65539,0, 0)