type=raw events 1
count= 1
speed=1.0
start data >>

## suspend-1-min-browse-2-sports-bar-2-min.txt

# screen lock 1 min
fihSusResDevice(57)

# unlock screen
captureDispatchPointer( 4534728633000,4534728633000, 0, 267.752075, 1395.273315,0.20784314,0.06666667,0,0.0,0.0,65539,0, 0)
captureUserWait ( 12 )
captureDispatchPointer( 4534728633000,4534741405000, 2, 267.752075, 1395.273315,0.20784314,0.06666667,0,0.0,0.0,65539,0, 0)
captureUserWait ( 48 )
captureDispatchPointer( 4534728633000,4534789561000, 2, 267.752075, 1395.273315,0.20784314,0.06666667,0,0.0,0.0,65539,0, 0)
captureUserWait ( 37 )
captureDispatchPointer( 4534728633000,4534826729000, 2, 268.751160, 1395.273315,0.20784314,0.06666667,0,0.0,0.0,65539,0, 0)
captureUserWait ( 9 )
captureDispatchPointer( 4534728633000,4534836680000, 2, 269.750244, 1395.273315,0.20784314,0.06666667,0,0.0,0.0,65539,0, 0)
captureUserWait ( 8 )
captureDispatchPointer( 4534728633000,4534845627000, 2, 270.749298, 1395.273315,0.20784314,0.06666667,0,0.0,0.0,65539,0, 0)
captureUserWait ( 9 )
captureDispatchPointer( 4534728633000,4534855279000, 2, 271.748383, 1395.273315,0.20784314,0.06666667,0,0.0,0.0,65539,0, 0)
captureUserWait ( 9 )
captureDispatchPointer( 4534728633000,4534864597000, 2, 272.747467, 1395.273315,0.20784314,0.06666667,0,0.0,0.0,65539,0, 0)
captureUserWait ( 9 )
captureDispatchPointer( 4534728633000,4534874592000, 2, 274.745605, 1395.273315,0.20784314,0.06666667,0,0.0,0.0,65539,0, 0)
captureUserWait ( 9 )
captureDispatchPointer( 4534728633000,4534884310000, 2, 276.743744, 1394.273804,0.20784314,0.06666667,0,0.0,0.0,65539,0, 0)
captureUserWait ( 8 )
captureDispatchPointer( 4534728633000,4534893212000, 2, 279.740967, 1392.274780,0.20784314,0.06666667,0,0.0,0.0,65539,0, 0)
captureUserWait ( 9 )
captureDispatchPointer( 4534728633000,4534902666000, 2, 282.738220, 1390.275879,0.20784314,0.06666667,0,0.0,0.0,65539,0, 0)
captureUserWait ( 9 )
captureDispatchPointer( 4534728633000,4534912008000, 2, 285.735443, 1388.276855,0.20784314,0.06666667,0,0.0,0.0,65539,0, 0)
captureUserWait ( 9 )
captureDispatchPointer( 4534728633000,4534921922000, 2, 289.731720, 1385.278442,0.20784314,0.06666667,0,0.0,0.0,65539,0, 0)
captureUserWait ( 9 )
captureDispatchPointer( 4534728633000,4534931489000, 2, 293.728027, 1382.280029,0.20784314,0.06666667,0,0.0,0.0,65539,0, 0)
captureUserWait ( 9 )
captureDispatchPointer( 4534728633000,4534940959000, 2, 298.723419, 1379.281616,0.20784314,0.06666667,0,0.0,0.0,65539,0, 0)
captureUserWait ( 9 )
captureDispatchPointer( 4534728633000,4534950129000, 2, 303.718781, 1376.283203,0.20784314,0.06666667,0,0.0,0.0,65539,0, 0)
captureUserWait ( 9 )
captureDispatchPointer( 4534728633000,4534959611000, 2, 309.713226, 1372.285278,0.20784314,0.06666667,0,0.0,0.0,65539,0, 0)
captureUserWait ( 9 )
captureDispatchPointer( 4534728633000,4534969588000, 2, 315.707672, 1367.287842,0.20784314,0.06666667,0,0.0,0.0,65539,0, 0)
captureUserWait ( 8 )
captureDispatchPointer( 4534728633000,4534978353000, 2, 321.702118, 1362.290405,0.20784314,0.06666667,0,0.0,0.0,65539,0, 0)
captureUserWait ( 9 )
captureDispatchPointer( 4534728633000,4534988187000, 2, 328.695648, 1356.293579,0.20784314,0.06666667,0,0.0,0.0,65539,0, 0)
captureUserWait ( 9 )
captureDispatchPointer( 4534728633000,4534997343000, 2, 335.689178, 1350.296631,0.20784314,0.06666667,0,0.0,0.0,65539,0, 0)
captureUserWait ( 9 )
captureDispatchPointer( 4534728633000,4535006854000, 2, 342.682709, 1344.299805,0.20784314,0.06666667,0,0.0,0.0,65539,0, 0)
captureUserWait ( 10 )
captureDispatchPointer( 4534728633000,4535016880000, 2, 349.676239, 1338.302979,0.20784314,0.06666667,0,0.0,0.0,65539,0, 0)
captureUserWait ( 9 )
captureDispatchPointer( 4534728633000,4535026270000, 2, 356.669739, 1332.306030,0.20784314,0.06666667,0,0.0,0.0,65539,0, 0)
captureUserWait ( 10 )
captureDispatchPointer( 4534728633000,4535036410000, 2, 363.663269, 1325.309692,0.20784314,0.06666667,0,0.0,0.0,65539,0, 0)
captureUserWait ( 8 )
captureDispatchPointer( 4534728633000,4535044877000, 2, 370.656799, 1318.313354,0.20784314,0.06666667,0,0.0,0.0,65539,0, 0)
captureUserWait ( 10 )
captureDispatchPointer( 4534728633000,4535055568000, 2, 378.649414, 1311.317017,0.20784314,0.06666667,0,0.0,0.0,65539,0, 0)
captureUserWait ( 8 )
captureDispatchPointer( 4534728633000,4535064406000, 2, 386.641998, 1304.320679,0.20784314,0.06666667,0,0.0,0.0,65539,0, 0)
captureUserWait ( 10 )
captureDispatchPointer( 4534728633000,4535075015000, 2, 394.634613, 1297.324219,0.20784314,0.06666667,0,0.0,0.0,65539,0, 0)
captureUserWait ( 8 )
captureDispatchPointer( 4534728633000,4535083731000, 2, 402.627197, 1289.328491,0.20784314,0.06666667,0,0.0,0.0,65539,0, 0)
captureUserWait ( 9 )
captureDispatchPointer( 4534728633000,4535093344000, 2, 411.618866, 1280.333130,0.20784314,0.06666667,0,0.0,0.0,65539,0, 0)
captureUserWait ( 8 )
captureDispatchPointer( 4534728633000,4535102096000, 2, 420.610535, 1271.337769,0.20784314,0.06666667,0,0.0,0.0,65539,0, 0)
captureUserWait ( 9 )
captureDispatchPointer( 4534728633000,4535111520000, 2, 430.601288, 1261.343018,0.20784314,0.06666667,0,0.0,0.0,65539,0, 0)
captureUserWait ( 10 )
captureDispatchPointer( 4534728633000,4535122319000, 2, 440.592041, 1251.348267,0.20784314,0.06666667,0,0.0,0.0,65539,0, 0)
captureUserWait ( 9 )
captureDispatchPointer( 4534728633000,4535131568000, 2, 451.581879, 1241.353394,0.20784314,0.06666667,0,0.0,0.0,65539,0, 0)
captureUserWait ( 9 )
captureDispatchPointer( 4534728633000,4535141476000, 2, 462.571686, 1231.358643,0.20784314,0.06666667,0,0.0,0.0,65539,0, 0)
captureUserWait ( 8 )
captureDispatchPointer( 4534728633000,4535150387000, 2, 474.560608, 1219.364868,0.20784314,0.06666667,0,0.0,0.0,65539,0, 0)
captureUserWait ( 9 )
captureDispatchPointer( 4534728633000,4535159942000, 2, 486.549500, 1206.371704,0.20784314,0.06666667,0,0.0,0.0,65539,0, 0)
captureUserWait ( 9 )
captureDispatchPointer( 4534728633000,4535169525000, 2, 498.538391, 1194.377930,0.20784314,0.06666667,0,0.0,0.0,65539,0, 0)
captureUserWait ( 8 )
captureDispatchPointer( 4534728633000,4535178458000, 2, 511.526367, 1182.384155,0.20784314,0.06666667,0,0.0,0.0,65539,0, 0)
captureUserWait ( 10 )
captureDispatchPointer( 4534728633000,4535188749000, 2, 524.514343, 1170.390381,0.20784314,0.06666667,0,0.0,0.0,65539,0, 0)
captureUserWait ( 8 )
captureDispatchPointer( 4534728633000,4535197471000, 2, 538.501404, 1157.397217,0.20784314,0.06666667,0,0.0,0.0,65539,0, 0)
captureUserWait ( 10 )
captureDispatchPointer( 4534728633000,4535207718000, 2, 552.488464, 1144.403931,0.20784314,0.06666667,0,0.0,0.0,65539,0, 0)
captureUserWait ( 8 )
captureDispatchPointer( 4534728633000,4535216701000, 2, 568.473633, 1130.411255,0.20784314,0.06666667,0,0.0,0.0,65539,0, 0)
captureUserWait ( 9 )
captureDispatchPointer( 4534728633000,4535225929000, 2, 583.459778, 1116.418457,0.20784314,0.06666667,0,0.0,0.0,65539,0, 0)
captureUserWait ( 9 )
captureDispatchPointer( 4534728633000,4535235207000, 2, 597.446838, 1102.425781,0.20784314,0.06666667,0,0.0,0.0,65539,0, 0)
captureUserWait ( 9 )
captureDispatchPointer( 4534728633000,4535244613000, 2, 613.432007, 1088.433105,0.20784314,0.06666667,0,0.0,0.0,65539,0, 0)
captureUserWait ( 9 )
captureDispatchPointer( 4534728633000,4535254177000, 2, 629.417236, 1074.440430,0.20784314,0.06666667,0,0.0,0.0,65539,0, 0)
captureUserWait ( 9 )
captureDispatchPointer( 4534728633000,4535263512000, 2, 645.402405, 1059.448120,0.20784314,0.06666667,0,0.0,0.0,65539,0, 0)
captureUserWait ( 9 )
captureDispatchPointer( 4534728633000,4535272756000, 2, 662.386658, 1044.455933,0.20784314,0.06666667,0,0.0,0.0,65539,0, 0)
captureUserWait ( 9 )
captureDispatchPointer( 4534728633000,4535282368000, 2, 677.372803, 1030.463257,0.20784314,0.06666667,0,0.0,0.0,65539,0, 0)
captureUserWait ( 9 )
captureDispatchPointer( 4534728633000,4535292059000, 2, 693.358032, 1015.471069,0.20784314,0.06666667,0,0.0,0.0,65539,0, 0)
captureUserWait ( 9 )
captureDispatchPointer( 4534728633000,4535301348000, 2, 709.343201, 1001.478394,0.20784314,0.06666667,0,0.0,0.0,65539,0, 0)
captureUserWait ( 9 )
captureDispatchPointer( 4534728633000,4535310997000, 2, 725.328430, 987.485657,0.20784314,0.06666667,0,0.0,0.0,65539,0, 0)
captureUserWait ( 9 )
captureDispatchPointer( 4534728633000,4535320194000, 2, 741.313599, 973.492920,0.20784314,0.06666667,0,0.0,0.0,65539,0, 0)
captureUserWait ( 10 )
captureDispatchPointer( 4534728633000,4535330489000, 2, 755.300659, 959.500244,0.20784314,0.06666667,0,0.0,0.0,65539,0, 0)
captureUserWait ( 9 )
captureDispatchPointer( 4534728633000,4535339941000, 2, 770.286804, 944.508057,0.20784314,0.06666667,0,0.0,0.0,65539,0, 0)
captureUserWait ( 9 )
captureDispatchPointer( 4534728633000,4535349504000, 2, 786.271973, 929.515869,0.20784314,0.06666667,0,0.0,0.0,65539,0, 0)
captureUserWait ( 9 )
captureDispatchPointer( 4534728633000,4535359346000, 2, 802.257202, 914.523682,0.20784314,0.06666667,0,0.0,0.0,65539,0, 0)
captureUserWait ( 8 )
captureDispatchPointer( 4534728633000,4535367852000, 2, 819.241455, 898.531982,0.20784314,0.06666667,0,0.0,0.0,65539,0, 0)
captureUserWait ( 9 )
captureDispatchPointer( 4534728633000,4535377625000, 2, 836.225708, 882.540344,0.20784314,0.06666667,0,0.0,0.0,65539,0, 0)
captureUserWait ( 9 )
captureDispatchPointer( 4534728633000,4535386915000, 2, 855.208130, 865.549194,0.20784314,0.06666667,0,0.0,0.0,65539,0, 0)
captureUserWait ( 9 )
captureDispatchPointer( 4534728633000,4535396270000, 2, 873.191467, 850.557007,0.20784314,0.06666667,0,0.0,0.0,65539,0, 0)
captureUserWait ( 9 )
captureDispatchPointer( 4534728633000,4535406160000, 2, 890.175781, 836.564270,0.20784314,0.06666667,0,0.0,0.0,65539,0, 0)
captureUserWait ( 9 )
captureDispatchPointer( 4534728633000,4535415354000, 2, 911.156372, 819.573120,0.20784314,0.06666667,0,0.0,0.0,65539,0, 0)
captureUserWait ( 10 )
captureDispatchPointer( 4534728633000,4535425667000, 2, 932.136902, 803.581421,0.20784314,0.06666667,0,0.0,0.0,65539,0, 0)
captureUserWait ( 8 )
captureDispatchPointer( 4534728633000,4535434176000, 2, 953.117493, 786.590271,0.20784314,0.06666667,0,0.0,0.0,65539,0, 0)
captureUserWait ( 9 )
captureDispatchPointer( 4534728633000,4535444144000, 2, 973.098999, 771.598083,0.20784314,0.06666667,0,0.0,0.0,65539,0, 0)
captureUserWait ( 8 )
captureDispatchPointer( 4534728633000,4535452978000, 2, 1000.074036, 753.607483,0.20784314,0.06666667,0,0.0,0.0,65539,0, 0)
captureUserWait ( 9 )
captureDispatchPointer( 4534728633000,4535462325000, 2, 1023.052734, 737.615784,0.20784314,0.06666667,0,0.0,0.0,65539,0, 0)
captureUserWait ( 9 )
captureDispatchPointer( 4534728633000,4535472191000, 2, 1043.034180, 722.623596,0.20784314,0.06666667,0,0.0,0.0,65539,0, 0)
captureUserWait ( 10 )
captureDispatchPointer( 4534728633000,4535482364000, 2, 1052.025879, 716.626709,0.20784314,0.06666667,0,0.0,0.0,65539,0, 0)
captureUserWait ( 8 )
captureDispatchPointer( 4534728633000,4535490553000, 1, 1052.025879, 716.626709,0.20784314,0.06666667,0,0.0,0.0,65539,0, 0)
captureUserWait ( 2851 )

RunCmd(am start -n com.android.browser/.BrowserActivity --activity-single-top)
captureUserWait ( 3500 )

# link to fake data
compareScreenshot(2014-10-09_04-37-57.jpg, 0, 0, 1080, 1920, 0, 1.0, 10)
captureDispatchPointer( 8221074604000,8221074604000, 0, 675.374634, 179.906296,0.20784314,0.06666667,0,0.0,0.0,65539,0, 0)
captureUserWait ( 27 )
captureDispatchPointer( 8221074604000,8221102162000, 2, 675.374634, 178.906815,0.20784314,0.06666667,0,0.0,0.0,65539,0, 0)
captureUserWait ( 9 )
captureDispatchPointer( 8221074604000,8221111457000, 2, 675.374634, 177.907333,0.20784314,0.06666667,0,0.0,0.0,65539,0, 0)
captureUserWait ( 9 )
captureDispatchPointer( 8221074604000,8221120802000, 2, 675.374634, 176.907852,0.20784314,0.06666667,0,0.0,0.0,65539,0, 0)
captureUserWait ( 27 )
captureDispatchPointer( 8221074604000,8221148703000, 2, 675.374634, 176.907852,0.20784314,0.06666667,0,0.0,0.0,65539,0, 0)
captureUserWait ( 9 )
captureDispatchPointer( 8221074604000,8221157925000, 2, 675.374634, 176.907852,0.20784314,0.06666667,0,0.0,0.0,65539,0, 0)
captureUserWait ( 8 )
captureDispatchPointer( 8221074604000,8221166059000, 1, 675.374634, 176.907852,0.20784314,0.06666667,0,0.0,0.0,65539,0, 0)
captureUserWait ( 3472 )

compareScreenshot(2014-10-09_04-38-01.jpg, 0, 0, 1080, 1920, 0, 1.0, 10)
captureDispatchPointer( 8224638613000,8224638613000, 0, 677.372803, 1503.217041,0.20784314,0.06666667,0,0.0,0.0,65539,0, 0)
captureUserWait ( 62 )
captureDispatchPointer( 8224638613000,8224701575000, 1, 677.372803, 1503.217041,0.20784314,0.06666667,0,0.0,0.0,65539,0, 0)
captureUserWait ( 480 )
captureDispatchPointer( 8225181901000,8225181901000, 0, 489.546722, 1323.310791,0.20784314,0.06666667,0,0.0,0.0,65539,0, 0)
captureUserWait ( 9 )
captureDispatchPointer( 8225181901000,8225191190000, 2, 489.546722, 1323.310791,0.20784314,0.06666667,0,0.0,0.0,65539,0, 0)
captureUserWait ( 74 )
captureDispatchPointer( 8225181901000,8225265451000, 2, 489.546722, 1323.310791,0.20784314,0.06666667,0,0.0,0.0,65539,0, 0)
captureUserWait ( 9 )
captureDispatchPointer( 8225181901000,8225274736000, 2, 489.546722, 1323.310791,0.20784314,0.06666667,0,0.0,0.0,65539,0, 0)
captureUserWait ( 8 )
captureDispatchPointer( 8225181901000,8225283048000, 1, 489.546722, 1323.310791,0.20784314,0.06666667,0,0.0,0.0,65539,0, 0)
captureUserWait ( 205 )
captureDispatchPointer( 8225488303000,8225488303000, 0, 469.565216, 1318.313354,0.20784314,0.06666667,0,0.0,0.0,65539,0, 0)
captureUserWait ( 102 )
captureDispatchPointer( 8225488303000,8225590458000, 2, 469.565216, 1318.313354,0.20784314,0.06666667,0,0.0,0.0,65539,0, 0)
captureUserWait ( 8 )
captureDispatchPointer( 8225488303000,8225598820000, 1, 469.565216, 1318.313354,0.20784314,0.06666667,0,0.0,0.0,65539,0, 0)
captureUserWait ( 829 )
captureDispatchPointer( 8226428463000,8226428463000, 0, 1022.053650, 1325.309692,0.20784314,0.06666667,0,0.0,0.0,65539,0, 0)
captureUserWait ( 27 )
captureDispatchPointer( 8226428463000,8226456405000, 2, 1022.053650, 1325.309692,0.20784314,0.06666667,0,0.0,0.0,65539,0, 0)
captureUserWait ( 9 )
captureDispatchPointer( 8226428463000,8226465620000, 2, 1022.053650, 1325.309692,0.20784314,0.06666667,0,0.0,0.0,65539,0, 0)
captureUserWait ( 9 )
captureDispatchPointer( 8226428463000,8226474836000, 2, 1022.053650, 1325.309692,0.20784314,0.06666667,0,0.0,0.0,65539,0, 0)
captureUserWait ( 37 )
captureDispatchPointer( 8226428463000,8226512006000, 2, 1023.052734, 1325.309692,0.20784314,0.06666667,0,0.0,0.0,65539,0, 0)
captureUserWait ( 8 )
captureDispatchPointer( 8226428463000,8226520348000, 1, 1023.052734, 1325.309692,0.20784314,0.06666667,0,0.0,0.0,65539,0, 0)
captureUserWait ( 1348 )
compareScreenshot(2014-10-09_04-38-04.jpg, 0, 0, 1080, 1920, 0, 1.0, 10)
captureDispatchPointer( 8227868426000,8227868426000, 0, 58.945419, 1852.035400,0.20784314,0.06666667,0,0.0,0.0,65539,0, 0)
captureUserWait ( 9 )
captureDispatchPointer( 8227868426000,8227877521000, 2, 58.945419, 1852.035400,0.20784314,0.06666667,0,0.0,0.0,65539,0, 0)
captureUserWait ( 55 )
captureDispatchPointer( 8227868426000,8227933256000, 2, 58.945419, 1852.035400,0.20784314,0.06666667,0,0.0,0.0,65539,0, 0)
captureUserWait ( 8 )
captureDispatchPointer( 8227868426000,8227941469000, 1, 58.945419, 1852.035400,0.20784314,0.06666667,0,0.0,0.0,65539,0, 0)
captureUserWait ( 1086 )
compareScreenshot(2014-10-09_04-38-05.jpg, 0, 0, 1080, 1920, 0, 1.0, 10)
captureDispatchPointer( 8229028331000,8229028331000, 0, 545.494934, 1649.140991,0.20784314,0.06666667,0,0.0,0.0,65539,0, 0)
captureUserWait ( 8 )
captureDispatchPointer( 8229028331000,8229037131000, 2, 545.494934, 1649.140991,0.20784314,0.06666667,0,0.0,0.0,65539,0, 0)
captureUserWait ( 54 )
captureDispatchPointer( 8229028331000,8229091922000, 1, 545.494934, 1649.140991,0.20784314,0.06666667,0,0.0,0.0,65539,0, 0)
captureUserWait ( 783 )
captureDispatchPointer( 8229875196000,8229875196000, 0, 343.681763, 1804.060303,0.20784314,0.06666667,0,0.0,0.0,65539,0, 0)
captureUserWait ( 37 )
captureDispatchPointer( 8229875196000,8229912292000, 2, 343.681763, 1805.059814,0.20784314,0.06666667,0,0.0,0.0,65539,0, 0)
captureUserWait ( 9 )
captureDispatchPointer( 8229875196000,8229921631000, 2, 343.681763, 1806.059326,0.20784314,0.06666667,0,0.0,0.0,65539,0, 0)
captureUserWait ( 9 )
captureDispatchPointer( 8229875196000,8229930905000, 2, 343.681763, 1807.058838,0.20784314,0.06666667,0,0.0,0.0,65539,0, 0)
captureUserWait ( 9 )
captureDispatchPointer( 8229875196000,8229940229000, 2, 343.681763, 1808.058228,0.20784314,0.06666667,0,0.0,0.0,65539,0, 0)
captureUserWait ( 8 )
captureDispatchPointer( 8229875196000,8229948468000, 1, 343.681763, 1808.058228,0.20784314,0.06666667,0,0.0,0.0,65539,0, 0)
captureUserWait ( 168 )
captureDispatchPointer( 8230116946000,8230116946000, 0, 347.678070, 1806.059326,0.20784314,0.06666667,0,0.0,0.0,65539,0, 0)
captureUserWait ( 18 )
captureDispatchPointer( 8230116946000,8230135279000, 2, 347.678070, 1807.058838,0.20784314,0.06666667,0,0.0,0.0,65539,0, 0)
captureUserWait ( 46 )
captureDispatchPointer( 8230116946000,8230181694000, 2, 347.678070, 1807.058838,0.20784314,0.06666667,0,0.0,0.0,65539,0, 0)
captureUserWait ( 8 )
captureDispatchPointer( 8230116946000,8230189751000, 1, 347.678070, 1807.058838,0.20784314,0.06666667,0,0.0,0.0,65539,0, 0)
captureUserWait ( 425 )
captureDispatchPointer( 8230615003000,8230615003000, 0, 46.956520, 1845.038940,0.20784314,0.06666667,0,0.0,0.0,65539,0, 0)
captureUserWait ( 82 )
captureDispatchPointer( 8230615003000,8230697511000, 1, 46.956520, 1845.038940,0.20784314,0.06666667,0,0.0,0.0,65539,0, 0)
captureUserWait ( 1470 )
compareScreenshot(2014-10-09_04-38-08.jpg, 0, 0, 1080, 1920, 0, 1.0, 10)
captureDispatchPointer( 8232168236000,8232168236000, 0, 384.643860, 1326.309204,0.20784314,0.06666667,0,0.0,0.0,65539,0, 0)
captureUserWait ( 83 )
captureDispatchPointer( 8232168236000,8232251552000, 2, 384.643860, 1326.309204,0.20784314,0.06666667,0,0.0,0.0,65539,0, 0)
captureUserWait ( 8 )
captureDispatchPointer( 8232168236000,8232259749000, 1, 384.643860, 1326.309204,0.20784314,0.06666667,0,0.0,0.0,65539,0, 0)
captureUserWait ( 554 )
captureDispatchPointer( 8232814628000,8232814628000, 0, 68.936172, 1810.057251,0.20784314,0.06666667,0,0.0,0.0,65539,0, 0)
captureUserWait ( 18 )
captureDispatchPointer( 8232814628000,8232833052000, 2, 68.936172, 1810.057251,0.20784314,0.06666667,0,0.0,0.0,65539,0, 0)
captureUserWait ( 9 )
captureDispatchPointer( 8232814628000,8232842332000, 2, 68.936172, 1811.056641,0.20784314,0.06666667,0,0.0,0.0,65539,0, 0)
captureUserWait ( 9 )
captureDispatchPointer( 8232814628000,8232851653000, 2, 68.936172, 1812.056152,0.20784314,0.06666667,0,0.0,0.0,65539,0, 0)
captureUserWait ( 9 )
captureDispatchPointer( 8232814628000,8232860913000, 2, 67.937096, 1813.055664,0.20784314,0.06666667,0,0.0,0.0,65539,0, 0)
captureUserWait ( 9 )
captureDispatchPointer( 8232814628000,8232870176000, 2, 66.938019, 1814.055176,0.20784314,0.06666667,0,0.0,0.0,65539,0, 0)
captureUserWait ( 8 )
captureDispatchPointer( 8232814628000,8232878606000, 1, 66.938019, 1814.055176,0.20784314,0.06666667,0,0.0,0.0,65539,0, 0)
captureUserWait ( 690 )
captureDispatchPointer( 8233568988000,8233568988000, 0, 285.735443, 1360.291504,0.20784314,0.06666667,0,0.0,0.0,65539,0, 0)
captureUserWait ( 37 )
captureDispatchPointer( 8233568988000,8233606154000, 2, 285.735443, 1360.291504,0.20784314,0.06666667,0,0.0,0.0,65539,0, 0)
captureUserWait ( 27 )
captureDispatchPointer( 8233568988000,8233633994000, 2, 285.735443, 1360.291504,0.20784314,0.06666667,0,0.0,0.0,65539,0, 0)
captureUserWait ( 17 )
captureDispatchPointer( 8233568988000,8233651560000, 1, 285.735443, 1360.291504,0.20784314,0.06666667,0,0.0,0.0,65539,0, 0)
captureUserWait ( 471 )
captureDispatchPointer( 8234122655000,8234122655000, 0, 39.962997, 1834.044678,0.20784314,0.06666667,0,0.0,0.0,65539,0, 0)
captureUserWait ( 91 )
captureDispatchPointer( 8234122655000,8234214465000, 1, 39.962997, 1834.044678,0.20784314,0.06666667,0,0.0,0.0,65539,0, 0)
captureUserWait ( 818 )
captureDispatchPointer( 8235032872000,8235032872000, 0, 741.313599, 1496.220703,0.20784314,0.06666667,0,0.0,0.0,65539,0, 0)
captureUserWait ( 9 )
captureDispatchPointer( 8235032872000,8235042156000, 2, 741.313599, 1496.220703,0.20784314,0.06666667,0,0.0,0.0,65539,0, 0)
captureUserWait ( 55 )
captureDispatchPointer( 8235032872000,8235097890000, 2, 741.313599, 1496.220703,0.20784314,0.06666667,0,0.0,0.0,65539,0, 0)
captureUserWait ( 8 )
captureDispatchPointer( 8235032872000,8235105964000, 1, 741.313599, 1496.220703,0.20784314,0.06666667,0,0.0,0.0,65539,0, 0)
captureUserWait ( 554 )
captureDispatchPointer( 8235660828000,8235660828000, 0, 64.939873, 1818.053101,0.20784314,0.06666667,0,0.0,0.0,65539,0, 0)
captureUserWait ( 18 )
captureDispatchPointer( 8235660828000,8235679237000, 2, 64.939873, 1818.053101,0.20784314,0.06666667,0,0.0,0.0,65539,0, 0)
captureUserWait ( 27 )
captureDispatchPointer( 8235660828000,8235707111000, 2, 64.939873, 1818.053101,0.20784314,0.06666667,0,0.0,0.0,65539,0, 0)
captureUserWait ( 18 )
captureDispatchPointer( 8235660828000,8235725644000, 2, 64.939873, 1819.052490,0.20784314,0.06666667,0,0.0,0.0,65539,0, 0)
captureUserWait ( 9 )
captureDispatchPointer( 8235660828000,8235734918000, 2, 64.939873, 1820.052002,0.20784314,0.06666667,0,0.0,0.0,65539,0, 0)
captureUserWait ( 8 )
captureDispatchPointer( 8235660828000,8235743348000, 1, 64.939873, 1820.052002,0.20784314,0.06666667,0,0.0,0.0,65539,0, 0)
captureUserWait ( 489 )
captureDispatchPointer( 8236232912000,8236232912000, 0, 502.534698, 1332.306030,0.20784314,0.06666667,0,0.0,0.0,65539,0, 0)
captureUserWait ( 83 )
captureDispatchPointer( 8236232912000,8236316510000, 2, 502.534698, 1332.306030,0.20784314,0.06666667,0,0.0,0.0,65539,0, 0)
captureUserWait ( 8 )
captureDispatchPointer( 8236232912000,8236324780000, 1, 502.534698, 1332.306030,0.20784314,0.06666667,0,0.0,0.0,65539,0, 0)
captureUserWait ( 616 )
captureDispatchPointer( 8236940940000,8236940940000, 0, 292.728943, 1337.303467,0.20784314,0.06666667,0,0.0,0.0,65539,0, 0)
captureUserWait ( 18 )
captureDispatchPointer( 8236940940000,8236959422000, 2, 292.728943, 1337.303467,0.20784314,0.06666667,0,0.0,0.0,65539,0, 0)
captureUserWait ( 9 )
captureDispatchPointer( 8236940940000,8236968703000, 2, 292.728943, 1337.303467,0.20784314,0.06666667,0,0.0,0.0,65539,0, 0)
captureUserWait ( 8 )
captureDispatchPointer( 8236940940000,8236977126000, 1, 292.728943, 1337.303467,0.20784314,0.06666667,0,0.0,0.0,65539,0, 0)
captureUserWait ( 680 )
captureDispatchPointer( 8237658024000,8237658024000, 0, 825.235901, 1325.309692,0.20784314,0.06666667,0,0.0,0.0,65539,0, 0)
captureUserWait ( 9 )
captureDispatchPointer( 8237658024000,8237667370000, 2, 825.235901, 1325.309692,0.20784314,0.06666667,0,0.0,0.0,65539,0, 0)
captureUserWait ( 9 )
captureDispatchPointer( 8237658024000,8237676640000, 2, 825.235901, 1325.309692,0.20784314,0.06666667,0,0.0,0.0,65539,0, 0)
captureUserWait ( 55 )
captureDispatchPointer( 8237658024000,8237732376000, 2, 825.235901, 1325.309692,0.20784314,0.06666667,0,0.0,0.0,65539,0, 0)
captureUserWait ( 8 )
captureDispatchPointer( 8237658024000,8237740748000, 1, 825.235901, 1325.309692,0.20784314,0.06666667,0,0.0,0.0,65539,0, 0)
captureUserWait ( 2782 )
compareScreenshot(2014-10-09_04-38-17.jpg, 0, 0, 1080, 1920, 0, 1.0, 10)
captureDispatchPointer( 8240522799000,8240522799000, 0, 868.196106, 1839.042114,0.20784314,0.06666667,0,0.0,0.0,65539,0, 0)
captureUserWait ( 37 )
captureDispatchPointer( 8240522799000,8240559862000, 2, 868.196106, 1840.041626,0.20784314,0.06666667,0,0.0,0.0,65539,0, 0)
captureUserWait ( 27 )
captureDispatchPointer( 8240522799000,8240587682000, 2, 868.196106, 1840.041626,0.20784314,0.06666667,0,0.0,0.0,65539,0, 0)
captureUserWait ( 17 )
captureDispatchPointer( 8240522799000,8240605160000, 1, 868.196106, 1840.041626,0.20784314,0.06666667,0,0.0,0.0,65539,0, 0)
captureUserWait ( 764 )
captureDispatchPointer( 8241370072000,8241370072000, 0, 44.958374, 1835.044189,0.20784314,0.06666667,0,0.0,0.0,65539,0, 0)
captureUserWait ( 64 )
captureDispatchPointer( 8241370072000,8241434154000, 1, 44.958374, 1835.044189,0.20784314,0.06666667,0,0.0,0.0,65539,0, 0)
captureUserWait ( 727 )
captureDispatchPointer( 8242161773000,8242161773000, 0, 1029.047241, 1346.298828,0.20784314,0.06666667,0,0.0,0.0,65539,0, 0)
captureUserWait ( 55 )
captureDispatchPointer( 8242161773000,8242217378000, 2, 1030.046265, 1346.298828,0.20784314,0.06666667,0,0.0,0.0,65539,0, 0)
captureUserWait ( 9 )
captureDispatchPointer( 8242161773000,8242226655000, 2, 1031.045288, 1346.298828,0.20784314,0.06666667,0,0.0,0.0,65539,0, 0)
captureUserWait ( 8 )
captureDispatchPointer( 8242161773000,8242235042000, 1, 1031.045288, 1346.298828,0.20784314,0.06666667,0,0.0,0.0,65539,0, 0)
captureUserWait ( 322 )
captureDispatchPointer( 8242557547000,8242557547000, 0, 113.894547, 1487.225342,0.20784314,0.06666667,0,0.0,0.0,65539,0, 0)
captureUserWait ( 74 )
captureDispatchPointer( 8242557547000,8242631786000, 2, 112.895470, 1487.225342,0.20784314,0.06666667,0,0.0,0.0,65539,0, 0)
captureUserWait ( 9 )
captureDispatchPointer( 8242557547000,8242640949000, 2, 112.895470, 1487.225342,0.20784314,0.06666667,0,0.0,0.0,65539,0, 0)
captureUserWait ( 8 )
captureDispatchPointer( 8242557547000,8242649159000, 1, 112.895470, 1487.225342,0.20784314,0.06666667,0,0.0,0.0,65539,0, 0)
captureUserWait ( 359 )
captureDispatchPointer( 8243008899000,8243008899000, 0, 777.280273, 1666.132202,0.20784314,0.06666667,0,0.0,0.0,65539,0, 0)
captureUserWait ( 37 )
captureDispatchPointer( 8243008899000,8243045999000, 2, 777.280273, 1666.132202,0.20784314,0.06666667,0,0.0,0.0,65539,0, 0)
captureUserWait ( 36 )
captureDispatchPointer( 8243008899000,8243082260000, 1, 777.280273, 1666.132202,0.20784314,0.06666667,0,0.0,0.0,65539,0, 0)
captureUserWait ( 396 )
captureDispatchPointer( 8243479116000,8243479116000, 0, 421.609619, 1686.121826,0.20784314,0.06666667,0,0.0,0.0,65539,0, 0)
captureUserWait ( 18 )
captureDispatchPointer( 8243479116000,8243497643000, 2, 421.609619, 1686.121826,0.20784314,0.06666667,0,0.0,0.0,65539,0, 0)
captureUserWait ( 55 )
captureDispatchPointer( 8243479116000,8243553303000, 2, 421.609619, 1686.121826,0.20784314,0.06666667,0,0.0,0.0,65539,0, 0)
captureUserWait ( 18 )
captureDispatchPointer( 8243479116000,8243571919000, 2, 421.609619, 1686.121826,0.20784314,0.06666667,0,0.0,0.0,65539,0, 0)
captureUserWait ( 8 )
captureDispatchPointer( 8243479116000,8243579960000, 1, 421.609619, 1686.121826,0.20784314,0.06666667,0,0.0,0.0,65539,0, 0)
captureUserWait ( 643 )
captureDispatchPointer( 8244223922000,8244223922000, 0, 131.877899, 1520.208130,0.20784314,0.06666667,0,0.0,0.0,65539,0, 0)
captureUserWait ( 37 )
captureDispatchPointer( 8244223922000,8244261078000, 2, 131.877899, 1520.208130,0.20784314,0.06666667,0,0.0,0.0,65539,0, 0)
captureUserWait ( 18 )
captureDispatchPointer( 8244223922000,8244279560000, 2, 131.877899, 1520.208130,0.20784314,0.06666667,0,0.0,0.0,65539,0, 0)
captureUserWait ( 27 )
captureDispatchPointer( 8244223922000,8244306590000, 1, 131.877899, 1520.208130,0.20784314,0.06666667,0,0.0,0.0,65539,0, 0)
captureUserWait ( 378 )
captureDispatchPointer( 8244684919000,8244684919000, 0, 855.208130, 1519.208740,0.20784314,0.06666667,0,0.0,0.0,65539,0, 0)
captureUserWait ( 9 )
captureDispatchPointer( 8244684919000,8244693945000, 2, 855.208130, 1519.208740,0.20784314,0.06666667,0,0.0,0.0,65539,0, 0)
captureUserWait ( 9 )
captureDispatchPointer( 8244684919000,8244703214000, 2, 855.208130, 1519.208740,0.20784314,0.06666667,0,0.0,0.0,65539,0, 0)
captureUserWait ( 9 )
captureDispatchPointer( 8244684919000,8244712560000, 2, 855.208130, 1519.208740,0.20784314,0.06666667,0,0.0,0.0,65539,0, 0)
captureUserWait ( 27 )
captureDispatchPointer( 8244684919000,8244740345000, 2, 855.208130, 1519.208740,0.20784314,0.06666667,0,0.0,0.0,65539,0, 0)
captureUserWait ( 9 )
captureDispatchPointer( 8244684919000,8244749629000, 2, 855.208130, 1519.208740,0.20784314,0.06666667,0,0.0,0.0,65539,0, 0)
captureUserWait ( 17 )
captureDispatchPointer( 8244684919000,8244767081000, 1, 855.208130, 1519.208740,0.20784314,0.06666667,0,0.0,0.0,65539,0, 0)
captureUserWait ( 359 )
captureDispatchPointer( 8245126949000,8245126949000, 0, 272.747467, 1314.315430,0.20784314,0.06666667,0,0.0,0.0,65539,0, 0)
captureUserWait ( 18 )
captureDispatchPointer( 8245126949000,8245145463000, 2, 272.747467, 1314.315430,0.20784314,0.06666667,0,0.0,0.0,65539,0, 0)
captureUserWait ( 64 )
captureDispatchPointer( 8245126949000,8245210436000, 2, 272.747467, 1314.315430,0.20784314,0.06666667,0,0.0,0.0,65539,0, 0)
captureUserWait ( 8 )
captureDispatchPointer( 8245126949000,8245218751000, 1, 272.747467, 1314.315430,0.20784314,0.06666667,0,0.0,0.0,65539,0, 0)
captureUserWait ( 2048 )
compareScreenshot(2014-10-09_04-38-23.jpg, 0, 0, 1080, 1920, 0, 1.0, 10)
captureDispatchPointer( 8247267221000,8247267221000, 0, 103.903793, 1517.209717,0.20784314,0.06666667,0,0.0,0.0,65539,0, 0)
captureUserWait ( 64 )
captureDispatchPointer( 8247267221000,8247331961000, 2, 103.903793, 1517.209717,0.20784314,0.06666667,0,0.0,0.0,65539,0, 0)
captureUserWait ( 9 )
captureDispatchPointer( 8247267221000,8247341159000, 2, 103.903793, 1517.209717,0.20784314,0.06666667,0,0.0,0.0,65539,0, 0)
captureUserWait ( 8 )
captureDispatchPointer( 8247267221000,8247349578000, 1, 103.903793, 1517.209717,0.20784314,0.06666667,0,0.0,0.0,65539,0, 0)
captureUserWait ( 378 )
captureDispatchPointer( 8247727889000,8247727889000, 0, 1024.051758, 1334.305054,0.20784314,0.06666667,0,0.0,0.0,65539,0, 0)
captureUserWait ( 18 )
captureDispatchPointer( 8247727889000,8247746226000, 2, 1024.051758, 1334.305054,0.20784314,0.06666667,0,0.0,0.0,65539,0, 0)
captureUserWait ( 9 )
captureDispatchPointer( 8247727889000,8247755735000, 2, 1024.051758, 1334.305054,0.20784314,0.06666667,0,0.0,0.0,65539,0, 0)
captureUserWait ( 9 )
captureDispatchPointer( 8247727889000,8247764777000, 2, 1024.051758, 1334.305054,0.20784314,0.06666667,0,0.0,0.0,65539,0, 0)
captureUserWait ( 9 )
captureDispatchPointer( 8247727889000,8247774090000, 2, 1024.051758, 1334.305054,0.20784314,0.06666667,0,0.0,0.0,65539,0, 0)
captureUserWait ( 9 )
captureDispatchPointer( 8247727889000,8247783335000, 2, 1024.051758, 1334.305054,0.20784314,0.06666667,0,0.0,0.0,65539,0, 0)
captureUserWait ( 18 )
captureDispatchPointer( 8247727889000,8247801964000, 2, 1024.051758, 1334.305054,0.20784314,0.06666667,0,0.0,0.0,65539,0, 0)
captureUserWait ( 18 )
captureDispatchPointer( 8247727889000,8247820560000, 2, 1025.050903, 1334.305054,0.20784314,0.06666667,0,0.0,0.0,65539,0, 0)
captureUserWait ( 8 )
captureDispatchPointer( 8247727889000,8247828900000, 1, 1025.050903, 1334.305054,0.20784314,0.06666667,0,0.0,0.0,65539,0, 0)
captureUserWait ( 214 )
captureDispatchPointer( 8248043359000,8248043359000, 0, 1017.058289, 1333.305542,0.20784314,0.06666667,0,0.0,0.0,65539,0, 0)
captureUserWait ( 55 )
captureDispatchPointer( 8248043359000,8248099021000, 2, 1018.057373, 1333.305542,0.20784314,0.06666667,0,0.0,0.0,65539,0, 0)
captureUserWait ( 9 )
captureDispatchPointer( 8248043359000,8248108336000, 2, 1019.056458, 1333.305542,0.20784314,0.06666667,0,0.0,0.0,65539,0, 0)
captureUserWait ( 9 )
captureDispatchPointer( 8248043359000,8248117585000, 2, 1020.055481, 1333.305542,0.20784314,0.06666667,0,0.0,0.0,65539,0, 0)
captureUserWait ( 9 )
captureDispatchPointer( 8248043359000,8248126867000, 2, 1020.055481, 1333.305542,0.20784314,0.06666667,0,0.0,0.0,65539,0, 0)
captureUserWait ( 8 )
captureDispatchPointer( 8248043359000,8248135274000, 1, 1020.055481, 1333.305542,0.20784314,0.06666667,0,0.0,0.0,65539,0, 0)
captureUserWait ( 359 )
captureDispatchPointer( 8248494962000,8248494962000, 0, 199.814987, 1483.227417,0.20784314,0.06666667,0,0.0,0.0,65539,0, 0)
captureUserWait ( 37 )
captureDispatchPointer( 8248494962000,8248532035000, 2, 199.814987, 1483.227417,0.20784314,0.06666667,0,0.0,0.0,65539,0, 0)
captureUserWait ( 9 )
captureDispatchPointer( 8248494962000,8248541193000, 2, 199.814987, 1483.227417,0.20784314,0.06666667,0,0.0,0.0,65539,0, 0)
captureUserWait ( 8 )
captureDispatchPointer( 8248494962000,8248549586000, 1, 199.814987, 1483.227417,0.20784314,0.06666667,0,0.0,0.0,65539,0, 0)
captureUserWait ( 2063 )
compareScreenshot(2014-10-09_04-38-27.jpg, 0, 0, 1080, 1920, 0, 1.0, 10)
captureDispatchPointer( 8250612790000,8250612790000, 0, 895.171143, 1828.047852,0.20784314,0.06666667,0,0.0,0.0,65539,0, 0)
captureUserWait ( 37 )
captureDispatchPointer( 8250612790000,8250649891000, 2, 895.171143, 1829.047363,0.20784314,0.06666667,0,0.0,0.0,65539,0, 0)
captureUserWait ( 9 )
captureDispatchPointer( 8250612790000,8250659208000, 2, 895.171143, 1830.046753,0.20784314,0.06666667,0,0.0,0.0,65539,0, 0)
captureUserWait ( 27 )
captureDispatchPointer( 8250612790000,8250687028000, 2, 895.171143, 1831.046265,0.20784314,0.06666667,0,0.0,0.0,65539,0, 0)
captureUserWait ( 27 )
captureDispatchPointer( 8250612790000,8250714806000, 2, 895.171143, 1831.046265,0.20784314,0.06666667,0,0.0,0.0,65539,0, 0)
captureUserWait ( 8 )
captureDispatchPointer( 8250612790000,8250723255000, 1, 895.171143, 1831.046265,0.20784314,0.06666667,0,0.0,0.0,65539,0, 0)
captureUserWait ( 471 )
captureDispatchPointer( 8251194255000,8251194255000, 0, 418.612396, 1670.130127,0.20784314,0.06666667,0,0.0,0.0,65539,0, 0)
captureUserWait ( 91 )
captureDispatchPointer( 8251194255000,8251286083000, 1, 418.612396, 1670.130127,0.20784314,0.06666667,0,0.0,0.0,65539,0, 0)
captureUserWait ( 415 )
captureDispatchPointer( 8251701395000,8251701395000, 0, 930.138794, 1326.309204,0.20784314,0.06666667,0,0.0,0.0,65539,0, 0)
captureUserWait ( 83 )
captureDispatchPointer( 8251701395000,8251784848000, 2, 930.138794, 1326.309204,0.20784314,0.06666667,0,0.0,0.0,65539,0, 0)
captureUserWait ( 9 )
captureDispatchPointer( 8251701395000,8251794192000, 2, 930.138794, 1326.309204,0.20784314,0.06666667,0,0.0,0.0,65539,0, 0)
captureUserWait ( 8 )
captureDispatchPointer( 8251701395000,8251802323000, 1, 930.138794, 1326.309204,0.20784314,0.06666667,0,0.0,0.0,65539,0, 0)
captureUserWait ( 369 )
captureDispatchPointer( 8252171343000,8252171343000, 0, 862.201660, 1667.131714,0.20784314,0.06666667,0,0.0,0.0,65539,0, 0)
captureUserWait ( 102 )
captureDispatchPointer( 8252171343000,8252273428000, 2, 862.201660, 1667.131714,0.20784314,0.06666667,0,0.0,0.0,65539,0, 0)
captureUserWait ( 8 )
captureDispatchPointer( 8252171343000,8252281638000, 1, 862.201660, 1667.131714,0.20784314,0.06666667,0,0.0,0.0,65539,0, 0)
captureUserWait ( 2288 )
compareScreenshot(2014-10-09_04-38-31.jpg, 0, 0, 1080, 1920, 0, 1.0, 10)
captureDispatchPointer( 8254570306000,8254570306000, 0, 249.768738, 1838.042603,0.20784314,0.06666667,0,0.0,0.0,65539,0, 0)
captureUserWait ( 9 )
captureDispatchPointer( 8254570306000,8254579389000, 2, 249.768738, 1838.042603,0.20784314,0.06666667,0,0.0,0.0,65539,0, 0)
captureUserWait ( 64 )
captureDispatchPointer( 8254570306000,8254644355000, 2, 249.768738, 1838.042603,0.20784314,0.06666667,0,0.0,0.0,65539,0, 0)
captureUserWait ( 8 )
captureDispatchPointer( 8254570306000,8254652750000, 1, 249.768738, 1838.042603,0.20784314,0.06666667,0,0.0,0.0,65539,0, 0)
captureUserWait ( 1976 )
compareScreenshot(2014-10-09_04-38-33.jpg, 0, 0, 1080, 1920, 0, 1.0, 10)
captureDispatchPointer( 8256629358000,8256629358000, 0, 242.775208, 1502.217529,0.20784314,0.06666667,0,0.0,0.0,65539,0, 0)
captureUserWait ( 27 )
captureDispatchPointer( 8256629358000,8256656909000, 2, 242.775208, 1502.217529,0.20784314,0.06666667,0,0.0,0.0,65539,0, 0)
captureUserWait ( 55 )
captureDispatchPointer( 8256629358000,8256712547000, 2, 242.775208, 1502.217529,0.20784314,0.06666667,0,0.0,0.0,65539,0, 0)
captureUserWait ( 8 )
captureDispatchPointer( 8256629358000,8256720959000, 1, 242.775208, 1502.217529,0.20784314,0.06666667,0,0.0,0.0,65539,0, 0)
captureUserWait ( 233 )
captureDispatchPointer( 8256954008000,8256954008000, 0, 1027.049072, 1332.306030,0.20784314,0.06666667,0,0.0,0.0,65539,0, 0)
captureUserWait ( 37 )
captureDispatchPointer( 8256954008000,8256991138000, 2, 1028.048096, 1332.306030,0.20784314,0.06666667,0,0.0,0.0,65539,0, 0)
captureUserWait ( 9 )
captureDispatchPointer( 8256954008000,8257000353000, 2, 1029.047241, 1332.306030,0.20784314,0.06666667,0,0.0,0.0,65539,0, 0)
captureUserWait ( 9 )
captureDispatchPointer( 8256954008000,8257009655000, 2, 1030.046265, 1333.305542,0.20784314,0.06666667,0,0.0,0.0,65539,0, 0)
captureUserWait ( 8 )
captureDispatchPointer( 8256954008000,8257018035000, 1, 1030.046265, 1333.305542,0.20784314,0.06666667,0,0.0,0.0,65539,0, 0)
captureUserWait ( 251 )
captureDispatchPointer( 8257269742000,8257269742000, 0, 931.137817, 1357.293091,0.20784314,0.06666667,0,0.0,0.0,65539,0, 0)
captureUserWait ( 46 )
captureDispatchPointer( 8257269742000,8257316104000, 2, 931.137817, 1357.293091,0.20784314,0.06666667,0,0.0,0.0,65539,0, 0)
captureUserWait ( 8 )
captureDispatchPointer( 8257269742000,8257324360000, 1, 931.137817, 1357.293091,0.20784314,0.06666667,0,0.0,0.0,65539,0, 0)
captureUserWait ( 322 )
captureDispatchPointer( 8257646998000,8257646998000, 0, 386.641998, 1329.307617,0.20784314,0.06666667,0,0.0,0.0,65539,0, 0)
captureUserWait ( 101 )
captureDispatchPointer( 8257646998000,8257748049000, 1, 386.641998, 1329.307617,0.20784314,0.06666667,0,0.0,0.0,65539,0, 0)
captureUserWait ( 526 )
captureDispatchPointer( 8258274756000,8258274756000, 0, 499.537476, 1339.302368,0.20784314,0.06666667,0,0.0,0.0,65539,0, 0)
captureUserWait ( 64 )
captureDispatchPointer( 8258274756000,8258339660000, 2, 499.537476, 1339.302368,0.20784314,0.06666667,0,0.0,0.0,65539,0, 0)
captureUserWait ( 8 )
captureDispatchPointer( 8258274756000,8258347811000, 1, 499.537476, 1339.302368,0.20784314,0.06666667,0,0.0,0.0,65539,0, 0)
captureUserWait ( 2512 )
compareScreenshot(2014-10-09_04-38-37.jpg, 0, 0, 1080, 1920, 0, 1.0, 10)
captureDispatchPointer( 8260860232000,8260860232000, 0, 199.814987, 1502.217529,0.20784314,0.06666667,0,0.0,0.0,65539,0, 0)
captureUserWait ( 82 )
captureDispatchPointer( 8260860232000,8260942622000, 1, 199.814987, 1502.217529,0.20784314,0.06666667,0,0.0,0.0,65539,0, 0)
captureUserWait ( 396 )
captureDispatchPointer( 8261339333000,8261339333000, 0, 692.358948, 1852.035400,0.20784314,0.06666667,0,0.0,0.0,65539,0, 0)
captureUserWait ( 54 )
captureDispatchPointer( 8261339333000,8261394148000, 1, 692.358948, 1852.035400,0.20784314,0.06666667,0,0.0,0.0,65539,0, 0)
captureUserWait ( 378 )
captureDispatchPointer( 8261772352000,8261772352000, 0, 685.365417, 1640.145752,0.20784314,0.06666667,0,0.0,0.0,65539,0, 0)
captureUserWait ( 64 )
captureDispatchPointer( 8261772352000,8261837180000, 2, 685.365417, 1640.145752,0.20784314,0.06666667,0,0.0,0.0,65539,0, 0)
captureUserWait ( 8 )
captureDispatchPointer( 8261772352000,8261845598000, 1, 685.365417, 1640.145752,0.20784314,0.06666667,0,0.0,0.0,65539,0, 0)
captureUserWait ( 195 )
captureDispatchPointer( 8262041466000,8262041466000, 0, 105.901947, 1503.217041,0.20784314,0.06666667,0,0.0,0.0,65539,0, 0)
captureUserWait ( 101 )
captureDispatchPointer( 8262041466000,8262142613000, 1, 105.901947, 1503.217041,0.20784314,0.06666667,0,0.0,0.0,65539,0, 0)
captureUserWait ( 294 )
captureDispatchPointer( 8262437056000,8262437056000, 0, 398.630890, 1298.323730,0.20784314,0.06666667,0,0.0,0.0,65539,0, 0)
captureUserWait ( 55 )
captureDispatchPointer( 8262437056000,8262492724000, 2, 398.630890, 1298.323730,0.20784314,0.06666667,0,0.0,0.0,65539,0, 0)
captureUserWait ( 8 )
captureDispatchPointer( 8262437056000,8262500979000, 1, 398.630890, 1298.323730,0.20784314,0.06666667,0,0.0,0.0,65539,0, 0)
captureUserWait ( 1294 )
compareScreenshot(2014-10-09_04-38-40.jpg, 0, 0, 1080, 1920, 0, 1.0, 10)
captureDispatchPointer( 8263795127000,8263795127000, 0, 888.177612, 1823.050415,0.20784314,0.06666667,0,0.0,0.0,65539,0, 0)
captureUserWait ( 9 )
captureDispatchPointer( 8263795127000,8263804361000, 2, 888.177612, 1823.050415,0.20784314,0.06666667,0,0.0,0.0,65539,0, 0)
captureUserWait ( 9 )
captureDispatchPointer( 8263795127000,8263813654000, 2, 888.177612, 1824.049927,0.20784314,0.06666667,0,0.0,0.0,65539,0, 0)
captureUserWait ( 9 )
captureDispatchPointer( 8263795127000,8263822932000, 2, 888.177612, 1825.049438,0.20784314,0.06666667,0,0.0,0.0,65539,0, 0)
captureUserWait ( 9 )
captureDispatchPointer( 8263795127000,8263832209000, 2, 888.177612, 1826.048828,0.20784314,0.06666667,0,0.0,0.0,65539,0, 0)
captureUserWait ( 9 )
captureDispatchPointer( 8263795127000,8263841562000, 2, 887.178528, 1827.048340,0.20784314,0.06666667,0,0.0,0.0,65539,0, 0)
captureUserWait ( 9 )
captureDispatchPointer( 8263795127000,8263850784000, 2, 886.179443, 1828.047852,0.20784314,0.06666667,0,0.0,0.0,65539,0, 0)
captureUserWait ( 9 )
captureDispatchPointer( 8263795127000,8263860088000, 2, 885.180420, 1829.047363,0.20784314,0.06666667,0,0.0,0.0,65539,0, 0)
captureUserWait ( 9 )
captureDispatchPointer( 8263795127000,8263869243000, 2, 885.180420, 1830.046753,0.20784314,0.06666667,0,0.0,0.0,65539,0, 0)
captureUserWait ( 8 )
captureDispatchPointer( 8263795127000,8263877452000, 1, 885.180420, 1830.046753,0.20784314,0.06666667,0,0.0,0.0,65539,0, 0)
captureUserWait ( 592 )
captureDispatchPointer( 8264469482000,8264469482000, 0, 659.389465, 1521.207642,0.20784314,0.06666667,0,0.0,0.0,65539,0, 0)
captureUserWait ( 73 )
captureDispatchPointer( 8264469482000,8264542619000, 1, 659.389465, 1521.207642,0.20784314,0.06666667,0,0.0,0.0,65539,0, 0)
captureUserWait ( 415 )
captureDispatchPointer( 8264958191000,8264958191000, 0, 491.544861, 1316.314331,0.20784314,0.06666667,0,0.0,0.0,65539,0, 0)
captureUserWait ( 9 )
captureDispatchPointer( 8264958191000,8264967223000, 2, 491.544861, 1316.314331,0.20784314,0.06666667,0,0.0,0.0,65539,0, 0)
captureUserWait ( 46 )
captureDispatchPointer( 8264958191000,8265013592000, 2, 491.544861, 1316.314331,0.20784314,0.06666667,0,0.0,0.0,65539,0, 0)
captureUserWait ( 18 )
captureDispatchPointer( 8264958191000,8265032126000, 2, 491.544861, 1316.314331,0.20784314,0.06666667,0,0.0,0.0,65539,0, 0)
captureUserWait ( 8 )
captureDispatchPointer( 8264958191000,8265040446000, 1, 491.544861, 1316.314331,0.20784314,0.06666667,0,0.0,0.0,65539,0, 0)
captureUserWait ( 471 )
captureDispatchPointer( 8265511447000,8265511447000, 0, 857.206299, 1690.119629,0.20784314,0.06666667,0,0.0,0.0,65539,0, 0)
captureUserWait ( 9 )
captureDispatchPointer( 8265511447000,8265520629000, 2, 857.206299, 1690.119629,0.20784314,0.06666667,0,0.0,0.0,65539,0, 0)
captureUserWait ( 46 )
captureDispatchPointer( 8265511447000,8265567096000, 2, 857.206299, 1690.119629,0.20784314,0.06666667,0,0.0,0.0,65539,0, 0)
captureUserWait ( 8 )
captureDispatchPointer( 8265511447000,8265575181000, 1, 857.206299, 1690.119629,0.20784314,0.06666667,0,0.0,0.0,65539,0, 0)
captureUserWait ( 1543 )
compareScreenshot(2014-10-09_04-38-43.jpg, 0, 0, 1080, 1920, 0, 1.0, 10)
captureDispatchPointer( 8267118403000,8267118403000, 0, 1020.055481, 1823.050415,0.20784314,0.06666667,0,0.0,0.0,65539,0, 0)
captureUserWait ( 9 )
captureDispatchPointer( 8267118403000,8267127564000, 2, 1020.055481, 1823.050415,0.20784314,0.06666667,0,0.0,0.0,65539,0, 0)
captureUserWait ( 9 )
captureDispatchPointer( 8267118403000,8267136850000, 2, 1020.055481, 1824.049927,0.20784314,0.06666667,0,0.0,0.0,65539,0, 0)
captureUserWait ( 9 )
captureDispatchPointer( 8267118403000,8267146134000, 2, 1020.055481, 1825.049438,0.20784314,0.06666667,0,0.0,0.0,65539,0, 0)
captureUserWait ( 9 )
captureDispatchPointer( 8267118403000,8267155398000, 2, 1020.055481, 1826.048828,0.20784314,0.06666667,0,0.0,0.0,65539,0, 0)
captureUserWait ( 9 )
captureDispatchPointer( 8267118403000,8267164693000, 2, 1020.055481, 1827.048340,0.20784314,0.06666667,0,0.0,0.0,65539,0, 0)
captureUserWait ( 27 )
captureDispatchPointer( 8267118403000,8267192514000, 2, 1021.054565, 1827.048340,0.20784314,0.06666667,0,0.0,0.0,65539,0, 0)
captureUserWait ( 8 )
captureDispatchPointer( 8267118403000,8267200906000, 1, 1021.054565, 1827.048340,0.20784314,0.06666667,0,0.0,0.0,65539,0, 0)
captureUserWait ( 8253 )

# 1st result
compareScreenshot(2014-10-09_04-38-54.jpg, 0, 0, 1080, 1920, 0, 1.0, 10)
captureDispatchPointer( 8277454249000,8277454249000, 0, 758.297852, 1293.326416,0.20784314,0.06666667,0,0.0,0.0,65539,0, 0)
captureUserWait ( 108 )
captureDispatchPointer( 8277454249000,8277563170000, 1, 758.297852, 1293.326416,0.20784314,0.06666667,0,0.0,0.0,65539,0, 0)
captureUserWait ( 12963 )

# scroll
compareScreenshot(2014-10-09_04-39-07.jpg, 0, 0, 1080, 1920, 0, 1.0, 10)
captureDispatchPointer( 8290527069000,8290527069000, 0, 592.451416, 1488.224854,0.20784314,0.06666667,0,0.0,0.0,65539,0, 0)
captureUserWait ( 55 )
captureDispatchPointer( 8290527069000,8290582733000, 2, 592.451416, 1488.224854,0.20784314,0.06666667,0,0.0,0.0,65539,0, 0)
captureUserWait ( 18 )
captureDispatchPointer( 8290527069000,8290601282000, 2, 592.451416, 1487.225342,0.20784314,0.06666667,0,0.0,0.0,65539,0, 0)
captureUserWait ( 9 )
captureDispatchPointer( 8290527069000,8290610589000, 2, 592.451416, 1485.226440,0.20784314,0.06666667,0,0.0,0.0,65539,0, 0)
captureUserWait ( 9 )
captureDispatchPointer( 8290527069000,8290619852000, 2, 592.451416, 1483.227417,0.20784314,0.06666667,0,0.0,0.0,65539,0, 0)
captureUserWait ( 9 )
captureDispatchPointer( 8290527069000,8290629127000, 2, 592.451416, 1480.229004,0.20784314,0.06666667,0,0.0,0.0,65539,0, 0)
captureUserWait ( 9 )
captureDispatchPointer( 8290527069000,8290638422000, 2, 592.451416, 1476.231079,0.20784314,0.06666667,0,0.0,0.0,65539,0, 0)
captureUserWait ( 9 )
captureDispatchPointer( 8290527069000,8290647738000, 2, 592.451416, 1472.233154,0.20784314,0.06666667,0,0.0,0.0,65539,0, 0)
captureUserWait ( 9 )
captureDispatchPointer( 8290527069000,8290656980000, 2, 592.451416, 1468.235229,0.20784314,0.06666667,0,0.0,0.0,65539,0, 0)
captureUserWait ( 9 )
captureDispatchPointer( 8290527069000,8290666279000, 2, 592.451416, 1463.237915,0.20784314,0.06666667,0,0.0,0.0,65539,0, 0)
captureUserWait ( 9 )
captureDispatchPointer( 8290527069000,8290675558000, 2, 592.451416, 1456.241455,0.20784314,0.06666667,0,0.0,0.0,65539,0, 0)
captureUserWait ( 9 )
captureDispatchPointer( 8290527069000,8290684888000, 2, 592.451416, 1449.245117,0.20784314,0.06666667,0,0.0,0.0,65539,0, 0)
captureUserWait ( 9 )
captureDispatchPointer( 8290527069000,8290694140000, 2, 593.450500, 1440.249878,0.20784314,0.06666667,0,0.0,0.0,65539,0, 0)
captureUserWait ( 9 )
captureDispatchPointer( 8290527069000,8290703467000, 2, 594.449585, 1432.254028,0.20784314,0.06666667,0,0.0,0.0,65539,0, 0)
captureUserWait ( 9 )
captureDispatchPointer( 8290527069000,8290712779000, 2, 595.448669, 1424.258179,0.20784314,0.06666667,0,0.0,0.0,65539,0, 0)
captureUserWait ( 9 )
captureDispatchPointer( 8290527069000,8290722097000, 2, 596.447754, 1417.261841,0.20784314,0.06666667,0,0.0,0.0,65539,0, 0)
captureUserWait ( 9 )
captureDispatchPointer( 8290527069000,8290731309000, 2, 597.446838, 1410.265503,0.20784314,0.06666667,0,0.0,0.0,65539,0, 0)
captureUserWait ( 9 )
captureDispatchPointer( 8290527069000,8290740513000, 2, 598.445862, 1403.269043,0.20784314,0.06666667,0,0.0,0.0,65539,0, 0)
captureUserWait ( 9 )
captureDispatchPointer( 8290527069000,8290749820000, 2, 599.444946, 1395.273315,0.20784314,0.06666667,0,0.0,0.0,65539,0, 0)
captureUserWait ( 9 )
captureDispatchPointer( 8290527069000,8290759060000, 2, 600.444031, 1387.277466,0.20784314,0.06666667,0,0.0,0.0,65539,0, 0)
captureUserWait ( 9 )
captureDispatchPointer( 8290527069000,8290768379000, 2, 602.442200, 1376.283203,0.20784314,0.06666667,0,0.0,0.0,65539,0, 0)
captureUserWait ( 9 )
captureDispatchPointer( 8290527069000,8290777663000, 2, 604.440308, 1362.290405,0.20784314,0.06666667,0,0.0,0.0,65539,0, 0)
captureUserWait ( 9 )
captureDispatchPointer( 8290527069000,8290786938000, 2, 606.438477, 1350.296631,0.20784314,0.06666667,0,0.0,0.0,65539,0, 0)
captureUserWait ( 9 )
captureDispatchPointer( 8290527069000,8290796206000, 2, 608.436646, 1339.302368,0.20784314,0.06666667,0,0.0,0.0,65539,0, 0)
captureUserWait ( 9 )
captureDispatchPointer( 8290527069000,8290805516000, 2, 610.434814, 1329.307617,0.20784314,0.06666667,0,0.0,0.0,65539,0, 0)
captureUserWait ( 9 )
captureDispatchPointer( 8290527069000,8290814836000, 2, 611.433838, 1320.312256,0.20784314,0.06666667,0,0.0,0.0,65539,0, 0)
captureUserWait ( 9 )
captureDispatchPointer( 8290527069000,8290824067000, 2, 613.432007, 1312.316528,0.20784314,0.06666667,0,0.0,0.0,65539,0, 0)
captureUserWait ( 9 )
captureDispatchPointer( 8290527069000,8290833350000, 2, 615.430176, 1303.321167,0.20784314,0.06666667,0,0.0,0.0,65539,0, 0)
captureUserWait ( 9 )
captureDispatchPointer( 8290527069000,8290842688000, 2, 617.428284, 1292.326904,0.20784314,0.06666667,0,0.0,0.0,65539,0, 0)
captureUserWait ( 9 )
captureDispatchPointer( 8290527069000,8290851998000, 2, 619.426453, 1279.333618,0.20784314,0.06666667,0,0.0,0.0,65539,0, 0)
captureUserWait ( 9 )
captureDispatchPointer( 8290527069000,8290861229000, 2, 621.424622, 1266.340454,0.20784314,0.06666667,0,0.0,0.0,65539,0, 0)
captureUserWait ( 9 )
captureDispatchPointer( 8290527069000,8290870516000, 2, 623.422729, 1254.346680,0.20784314,0.06666667,0,0.0,0.0,65539,0, 0)
captureUserWait ( 9 )
captureDispatchPointer( 8290527069000,8290879870000, 2, 625.420898, 1243.352417,0.20784314,0.06666667,0,0.0,0.0,65539,0, 0)
captureUserWait ( 9 )
captureDispatchPointer( 8290527069000,8290889112000, 2, 627.419067, 1233.357544,0.20784314,0.06666667,0,0.0,0.0,65539,0, 0)
captureUserWait ( 9 )
captureDispatchPointer( 8290527069000,8290898468000, 2, 629.417236, 1223.362793,0.20784314,0.06666667,0,0.0,0.0,65539,0, 0)
captureUserWait ( 9 )
captureDispatchPointer( 8290527069000,8290907733000, 2, 631.415344, 1213.368042,0.20784314,0.06666667,0,0.0,0.0,65539,0, 0)
captureUserWait ( 9 )
captureDispatchPointer( 8290527069000,8290916932000, 2, 633.413513, 1202.373779,0.20784314,0.06666667,0,0.0,0.0,65539,0, 0)
captureUserWait ( 9 )
captureDispatchPointer( 8290527069000,8290926211000, 2, 635.411682, 1192.378906,0.20784314,0.06666667,0,0.0,0.0,65539,0, 0)
captureUserWait ( 9 )
captureDispatchPointer( 8290527069000,8290935518000, 2, 637.409790, 1180.385132,0.20784314,0.06666667,0,0.0,0.0,65539,0, 0)
captureUserWait ( 9 )
captureDispatchPointer( 8290527069000,8290944901000, 2, 640.407043, 1166.392456,0.20784314,0.06666667,0,0.0,0.0,65539,0, 0)
captureUserWait ( 9 )
captureDispatchPointer( 8290527069000,8290954320000, 2, 643.404236, 1151.400269,0.20784314,0.06666667,0,0.0,0.0,65539,0, 0)
captureUserWait ( 9 )
captureDispatchPointer( 8290527069000,8290963508000, 2, 647.400574, 1135.408569,0.20784314,0.06666667,0,0.0,0.0,65539,0, 0)
captureUserWait ( 9 )
captureDispatchPointer( 8290527069000,8290972746000, 2, 650.397766, 1121.415894,0.20784314,0.06666667,0,0.0,0.0,65539,0, 0)
captureUserWait ( 9 )
captureDispatchPointer( 8290527069000,8290982011000, 2, 654.394104, 1107.423218,0.20784314,0.06666667,0,0.0,0.0,65539,0, 0)
captureUserWait ( 9 )
captureDispatchPointer( 8290527069000,8290991320000, 2, 657.391296, 1095.429443,0.20784314,0.06666667,0,0.0,0.0,65539,0, 0)
captureUserWait ( 9 )
captureDispatchPointer( 8290527069000,8291000690000, 2, 659.389465, 1085.434692,0.20784314,0.06666667,0,0.0,0.0,65539,0, 0)
captureUserWait ( 9 )
captureDispatchPointer( 8290527069000,8291009866000, 2, 661.387634, 1075.439819,0.20784314,0.06666667,0,0.0,0.0,65539,0, 0)
captureUserWait ( 9 )
captureDispatchPointer( 8290527069000,8291019155000, 2, 662.386658, 1065.445068,0.20784314,0.06666667,0,0.0,0.0,65539,0, 0)
captureUserWait ( 9 )
captureDispatchPointer( 8290527069000,8291028425000, 2, 663.385742, 1055.450317,0.20784314,0.06666667,0,0.0,0.0,65539,0, 0)
captureUserWait ( 9 )
captureDispatchPointer( 8290527069000,8291037696000, 2, 665.383911, 1044.455933,0.20784314,0.06666667,0,0.0,0.0,65539,0, 0)
captureUserWait ( 9 )
captureDispatchPointer( 8290527069000,8291047045000, 2, 667.382080, 1033.461670,0.20784314,0.06666667,0,0.0,0.0,65539,0, 0)
captureUserWait ( 9 )
captureDispatchPointer( 8290527069000,8291056287000, 2, 669.380188, 1020.468506,0.20784314,0.06666667,0,0.0,0.0,65539,0, 0)
captureUserWait ( 9 )
captureDispatchPointer( 8290527069000,8291065518000, 2, 671.378357, 1008.474731,0.20784314,0.06666667,0,0.0,0.0,65539,0, 0)
captureUserWait ( 9 )
captureDispatchPointer( 8290527069000,8291074811000, 2, 673.376526, 998.479919,0.20784314,0.06666667,0,0.0,0.0,65539,0, 0)
captureUserWait ( 9 )
captureDispatchPointer( 8290527069000,8291084103000, 2, 675.374634, 988.485168,0.20784314,0.06666667,0,0.0,0.0,65539,0, 0)
captureUserWait ( 9 )
captureDispatchPointer( 8290527069000,8291093421000, 2, 676.373718, 978.490356,0.20784314,0.06666667,0,0.0,0.0,65539,0, 0)
captureUserWait ( 9 )
captureDispatchPointer( 8290527069000,8291102595000, 2, 678.371887, 969.495056,0.20784314,0.06666667,0,0.0,0.0,65539,0, 0)
captureUserWait ( 9 )
captureDispatchPointer( 8290527069000,8291111866000, 2, 679.370972, 961.499207,0.20784314,0.06666667,0,0.0,0.0,65539,0, 0)
captureUserWait ( 9 )
captureDispatchPointer( 8290527069000,8291121150000, 2, 680.370056, 954.502869,0.20784314,0.06666667,0,0.0,0.0,65539,0, 0)
captureUserWait ( 9 )
captureDispatchPointer( 8290527069000,8291130449000, 2, 681.369080, 946.507019,0.20784314,0.06666667,0,0.0,0.0,65539,0, 0)
captureUserWait ( 9 )
captureDispatchPointer( 8290527069000,8291139717000, 2, 683.367249, 938.511169,0.20784314,0.06666667,0,0.0,0.0,65539,0, 0)
captureUserWait ( 9 )
captureDispatchPointer( 8290527069000,8291149088000, 2, 685.365417, 929.515869,0.20784314,0.06666667,0,0.0,0.0,65539,0, 0)
captureUserWait ( 9 )
captureDispatchPointer( 8290527069000,8291158268000, 2, 687.363525, 920.520569,0.20784314,0.06666667,0,0.0,0.0,65539,0, 0)
captureUserWait ( 9 )
captureDispatchPointer( 8290527069000,8291167558000, 2, 689.361694, 912.524719,0.20784314,0.06666667,0,0.0,0.0,65539,0, 0)
captureUserWait ( 9 )
captureDispatchPointer( 8290527069000,8291176836000, 2, 690.360779, 906.527832,0.20784314,0.06666667,0,0.0,0.0,65539,0, 0)
captureUserWait ( 9 )
captureDispatchPointer( 8290527069000,8291186196000, 2, 692.358948, 899.531494,0.20784314,0.06666667,0,0.0,0.0,65539,0, 0)
captureUserWait ( 9 )
captureDispatchPointer( 8290527069000,8291195454000, 2, 693.358032, 893.534607,0.20784314,0.06666667,0,0.0,0.0,65539,0, 0)
captureUserWait ( 9 )
captureDispatchPointer( 8290527069000,8291204688000, 2, 694.357056, 887.537720,0.20784314,0.06666667,0,0.0,0.0,65539,0, 0)
captureUserWait ( 9 )
captureDispatchPointer( 8290527069000,8291213957000, 2, 695.356140, 882.540344,0.20784314,0.06666667,0,0.0,0.0,65539,0, 0)
captureUserWait ( 9 )
captureDispatchPointer( 8290527069000,8291223266000, 2, 696.355225, 876.543457,0.20784314,0.06666667,0,0.0,0.0,65539,0, 0)
captureUserWait ( 9 )
captureDispatchPointer( 8290527069000,8291232611000, 2, 697.354309, 870.546570,0.20784314,0.06666667,0,0.0,0.0,65539,0, 0)
captureUserWait ( 9 )
captureDispatchPointer( 8290527069000,8291241830000, 2, 698.353394, 863.550232,0.20784314,0.06666667,0,0.0,0.0,65539,0, 0)
captureUserWait ( 9 )
captureDispatchPointer( 8290527069000,8291251312000, 2, 699.352478, 855.554382,0.20784314,0.06666667,0,0.0,0.0,65539,0, 0)
captureUserWait ( 9 )
captureDispatchPointer( 8290527069000,8291260432000, 2, 700.351501, 848.558044,0.20784314,0.06666667,0,0.0,0.0,65539,0, 0)
captureUserWait ( 9 )
captureDispatchPointer( 8290527069000,8291269719000, 2, 701.350586, 842.561157,0.20784314,0.06666667,0,0.0,0.0,65539,0, 0)
captureUserWait ( 9 )
captureDispatchPointer( 8290527069000,8291278964000, 2, 702.349670, 837.563721,0.20784314,0.06666667,0,0.0,0.0,65539,0, 0)
captureUserWait ( 9 )
captureDispatchPointer( 8290527069000,8291288266000, 2, 703.348755, 834.565308,0.20784314,0.06666667,0,0.0,0.0,65539,0, 0)
captureUserWait ( 9 )
captureDispatchPointer( 8290527069000,8291297500000, 2, 704.347839, 831.566895,0.20784314,0.06666667,0,0.0,0.0,65539,0, 0)
captureUserWait ( 9 )
captureDispatchPointer( 8290527069000,8291306795000, 2, 704.347839, 829.567932,0.20784314,0.06666667,0,0.0,0.0,65539,0, 0)
captureUserWait ( 9 )
captureDispatchPointer( 8290527069000,8291316131000, 2, 704.347839, 828.568420,0.20784314,0.06666667,0,0.0,0.0,65539,0, 0)
captureUserWait ( 9 )
captureDispatchPointer( 8290527069000,8291325440000, 2, 705.346924, 827.568970,0.20784314,0.06666667,0,0.0,0.0,65539,0, 0)
captureUserWait ( 9 )
captureDispatchPointer( 8290527069000,8291334764000, 2, 705.346924, 826.569458,0.20784314,0.06666667,0,0.0,0.0,65539,0, 0)
captureUserWait ( 9 )
captureDispatchPointer( 8290527069000,8291344009000, 2, 705.346924, 825.570007,0.20784314,0.06666667,0,0.0,0.0,65539,0, 0)
captureUserWait ( 9 )
captureDispatchPointer( 8290527069000,8291353283000, 2, 705.346924, 824.570496,0.20784314,0.06666667,0,0.0,0.0,65539,0, 0)
captureUserWait ( 9 )
captureDispatchPointer( 8290527069000,8291362595000, 2, 705.346924, 823.571045,0.20784314,0.06666667,0,0.0,0.0,65539,0, 0)
captureUserWait ( 9 )
captureDispatchPointer( 8290527069000,8291371857000, 2, 705.346924, 822.571533,0.20784314,0.06666667,0,0.0,0.0,65539,0, 0)
captureUserWait ( 9 )
captureDispatchPointer( 8290527069000,8291381166000, 2, 705.346924, 821.572083,0.20784314,0.06666667,0,0.0,0.0,65539,0, 0)
captureUserWait ( 37 )
captureDispatchPointer( 8290527069000,8291418284000, 2, 705.346924, 821.572083,0.20784314,0.06666667,0,0.0,0.0,65539,0, 0)
captureUserWait ( 17 )
captureDispatchPointer( 8290527069000,8291435623000, 1, 705.346924, 821.572083,0.20784314,0.06666667,0,0.0,0.0,65539,0, 0)
captureUserWait ( 1364 )

# press back button to menu
compareScreenshot(2014-10-09_04-39-11.jpg, 0, 0, 1080, 1920, 0, 1.0, 10)
captureDispatchKey( 0, 0, 0, 4, 0,0,0,0)
captureUserWait ( 120 )
captureDispatchKey( 0, 0, 1, 4, 0,0,0,0)

captureUserWait ( 3716 )

# 2nd result
compareScreenshot(2014-10-09_04-39-15.jpg, 0, 0, 1080, 1920, 0, 1.0, 10)
captureDispatchPointer( 8298637688000,8298637688000, 0, 803.256226, 1713.107666,0.20784314,0.06666667,0,0.0,0.0,65539,0, 0)
captureUserWait ( 7 )
captureDispatchPointer( 8298637688000,8298644764000, 2, 803.256226, 1713.107666,0.20784314,0.06666667,0,0.0,0.0,65539,0, 0)
captureUserWait ( 102 )
captureDispatchPointer( 8298637688000,8298746780000, 2, 803.256226, 1713.107666,0.20784314,0.06666667,0,0.0,0.0,65539,0, 0)
captureUserWait ( 9 )
captureDispatchPointer( 8298637688000,8298756039000, 2, 803.256226, 1713.107666,0.20784314,0.06666667,0,0.0,0.0,65539,0, 0)
captureUserWait ( 8 )
captureDispatchPointer( 8298637688000,8298764315000, 1, 803.256226, 1713.107666,0.20784314,0.06666667,0,0.0,0.0,65539,0, 0)
captureUserWait ( 24391 )

# scroll
compareScreenshot(2014-10-09_04-39-07.jpg, 0, 0, 1080, 1920, 0, 1.0, 10)
captureDispatchPointer( 8290527069000,8290527069000, 0, 592.451416, 1488.224854,0.20784314,0.06666667,0,0.0,0.0,65539,0, 0)
captureUserWait ( 55 )
captureDispatchPointer( 8290527069000,8290582733000, 2, 592.451416, 1488.224854,0.20784314,0.06666667,0,0.0,0.0,65539,0, 0)
captureUserWait ( 18 )
captureDispatchPointer( 8290527069000,8290601282000, 2, 592.451416, 1487.225342,0.20784314,0.06666667,0,0.0,0.0,65539,0, 0)
captureUserWait ( 9 )
captureDispatchPointer( 8290527069000,8290610589000, 2, 592.451416, 1485.226440,0.20784314,0.06666667,0,0.0,0.0,65539,0, 0)
captureUserWait ( 9 )
captureDispatchPointer( 8290527069000,8290619852000, 2, 592.451416, 1483.227417,0.20784314,0.06666667,0,0.0,0.0,65539,0, 0)
captureUserWait ( 9 )
captureDispatchPointer( 8290527069000,8290629127000, 2, 592.451416, 1480.229004,0.20784314,0.06666667,0,0.0,0.0,65539,0, 0)
captureUserWait ( 9 )
captureDispatchPointer( 8290527069000,8290638422000, 2, 592.451416, 1476.231079,0.20784314,0.06666667,0,0.0,0.0,65539,0, 0)
captureUserWait ( 9 )
captureDispatchPointer( 8290527069000,8290647738000, 2, 592.451416, 1472.233154,0.20784314,0.06666667,0,0.0,0.0,65539,0, 0)
captureUserWait ( 9 )
captureDispatchPointer( 8290527069000,8290656980000, 2, 592.451416, 1468.235229,0.20784314,0.06666667,0,0.0,0.0,65539,0, 0)
captureUserWait ( 9 )
captureDispatchPointer( 8290527069000,8290666279000, 2, 592.451416, 1463.237915,0.20784314,0.06666667,0,0.0,0.0,65539,0, 0)
captureUserWait ( 9 )
captureDispatchPointer( 8290527069000,8290675558000, 2, 592.451416, 1456.241455,0.20784314,0.06666667,0,0.0,0.0,65539,0, 0)
captureUserWait ( 9 )
captureDispatchPointer( 8290527069000,8290684888000, 2, 592.451416, 1449.245117,0.20784314,0.06666667,0,0.0,0.0,65539,0, 0)
captureUserWait ( 9 )
captureDispatchPointer( 8290527069000,8290694140000, 2, 593.450500, 1440.249878,0.20784314,0.06666667,0,0.0,0.0,65539,0, 0)
captureUserWait ( 9 )
captureDispatchPointer( 8290527069000,8290703467000, 2, 594.449585, 1432.254028,0.20784314,0.06666667,0,0.0,0.0,65539,0, 0)
captureUserWait ( 9 )
captureDispatchPointer( 8290527069000,8290712779000, 2, 595.448669, 1424.258179,0.20784314,0.06666667,0,0.0,0.0,65539,0, 0)
captureUserWait ( 9 )
captureDispatchPointer( 8290527069000,8290722097000, 2, 596.447754, 1417.261841,0.20784314,0.06666667,0,0.0,0.0,65539,0, 0)
captureUserWait ( 9 )
captureDispatchPointer( 8290527069000,8290731309000, 2, 597.446838, 1410.265503,0.20784314,0.06666667,0,0.0,0.0,65539,0, 0)
captureUserWait ( 9 )
captureDispatchPointer( 8290527069000,8290740513000, 2, 598.445862, 1403.269043,0.20784314,0.06666667,0,0.0,0.0,65539,0, 0)
captureUserWait ( 9 )
captureDispatchPointer( 8290527069000,8290749820000, 2, 599.444946, 1395.273315,0.20784314,0.06666667,0,0.0,0.0,65539,0, 0)
captureUserWait ( 9 )
captureDispatchPointer( 8290527069000,8290759060000, 2, 600.444031, 1387.277466,0.20784314,0.06666667,0,0.0,0.0,65539,0, 0)
captureUserWait ( 9 )
captureDispatchPointer( 8290527069000,8290768379000, 2, 602.442200, 1376.283203,0.20784314,0.06666667,0,0.0,0.0,65539,0, 0)
captureUserWait ( 9 )
captureDispatchPointer( 8290527069000,8290777663000, 2, 604.440308, 1362.290405,0.20784314,0.06666667,0,0.0,0.0,65539,0, 0)
captureUserWait ( 9 )
captureDispatchPointer( 8290527069000,8290786938000, 2, 606.438477, 1350.296631,0.20784314,0.06666667,0,0.0,0.0,65539,0, 0)
captureUserWait ( 9 )
captureDispatchPointer( 8290527069000,8290796206000, 2, 608.436646, 1339.302368,0.20784314,0.06666667,0,0.0,0.0,65539,0, 0)
captureUserWait ( 9 )
captureDispatchPointer( 8290527069000,8290805516000, 2, 610.434814, 1329.307617,0.20784314,0.06666667,0,0.0,0.0,65539,0, 0)
captureUserWait ( 9 )
captureDispatchPointer( 8290527069000,8290814836000, 2, 611.433838, 1320.312256,0.20784314,0.06666667,0,0.0,0.0,65539,0, 0)
captureUserWait ( 9 )
captureDispatchPointer( 8290527069000,8290824067000, 2, 613.432007, 1312.316528,0.20784314,0.06666667,0,0.0,0.0,65539,0, 0)
captureUserWait ( 9 )
captureDispatchPointer( 8290527069000,8290833350000, 2, 615.430176, 1303.321167,0.20784314,0.06666667,0,0.0,0.0,65539,0, 0)
captureUserWait ( 9 )
captureDispatchPointer( 8290527069000,8290842688000, 2, 617.428284, 1292.326904,0.20784314,0.06666667,0,0.0,0.0,65539,0, 0)
captureUserWait ( 9 )
captureDispatchPointer( 8290527069000,8290851998000, 2, 619.426453, 1279.333618,0.20784314,0.06666667,0,0.0,0.0,65539,0, 0)
captureUserWait ( 9 )
captureDispatchPointer( 8290527069000,8290861229000, 2, 621.424622, 1266.340454,0.20784314,0.06666667,0,0.0,0.0,65539,0, 0)
captureUserWait ( 9 )
captureDispatchPointer( 8290527069000,8290870516000, 2, 623.422729, 1254.346680,0.20784314,0.06666667,0,0.0,0.0,65539,0, 0)
captureUserWait ( 9 )
captureDispatchPointer( 8290527069000,8290879870000, 2, 625.420898, 1243.352417,0.20784314,0.06666667,0,0.0,0.0,65539,0, 0)
captureUserWait ( 9 )
captureDispatchPointer( 8290527069000,8290889112000, 2, 627.419067, 1233.357544,0.20784314,0.06666667,0,0.0,0.0,65539,0, 0)
captureUserWait ( 9 )
captureDispatchPointer( 8290527069000,8290898468000, 2, 629.417236, 1223.362793,0.20784314,0.06666667,0,0.0,0.0,65539,0, 0)
captureUserWait ( 9 )
captureDispatchPointer( 8290527069000,8290907733000, 2, 631.415344, 1213.368042,0.20784314,0.06666667,0,0.0,0.0,65539,0, 0)
captureUserWait ( 9 )
captureDispatchPointer( 8290527069000,8290916932000, 2, 633.413513, 1202.373779,0.20784314,0.06666667,0,0.0,0.0,65539,0, 0)
captureUserWait ( 9 )
captureDispatchPointer( 8290527069000,8290926211000, 2, 635.411682, 1192.378906,0.20784314,0.06666667,0,0.0,0.0,65539,0, 0)
captureUserWait ( 9 )
captureDispatchPointer( 8290527069000,8290935518000, 2, 637.409790, 1180.385132,0.20784314,0.06666667,0,0.0,0.0,65539,0, 0)
captureUserWait ( 9 )
captureDispatchPointer( 8290527069000,8290944901000, 2, 640.407043, 1166.392456,0.20784314,0.06666667,0,0.0,0.0,65539,0, 0)
captureUserWait ( 9 )
captureDispatchPointer( 8290527069000,8290954320000, 2, 643.404236, 1151.400269,0.20784314,0.06666667,0,0.0,0.0,65539,0, 0)
captureUserWait ( 9 )
captureDispatchPointer( 8290527069000,8290963508000, 2, 647.400574, 1135.408569,0.20784314,0.06666667,0,0.0,0.0,65539,0, 0)
captureUserWait ( 9 )
captureDispatchPointer( 8290527069000,8290972746000, 2, 650.397766, 1121.415894,0.20784314,0.06666667,0,0.0,0.0,65539,0, 0)
captureUserWait ( 9 )
captureDispatchPointer( 8290527069000,8290982011000, 2, 654.394104, 1107.423218,0.20784314,0.06666667,0,0.0,0.0,65539,0, 0)
captureUserWait ( 9 )
captureDispatchPointer( 8290527069000,8290991320000, 2, 657.391296, 1095.429443,0.20784314,0.06666667,0,0.0,0.0,65539,0, 0)
captureUserWait ( 9 )
captureDispatchPointer( 8290527069000,8291000690000, 2, 659.389465, 1085.434692,0.20784314,0.06666667,0,0.0,0.0,65539,0, 0)
captureUserWait ( 9 )
captureDispatchPointer( 8290527069000,8291009866000, 2, 661.387634, 1075.439819,0.20784314,0.06666667,0,0.0,0.0,65539,0, 0)
captureUserWait ( 9 )
captureDispatchPointer( 8290527069000,8291019155000, 2, 662.386658, 1065.445068,0.20784314,0.06666667,0,0.0,0.0,65539,0, 0)
captureUserWait ( 9 )
captureDispatchPointer( 8290527069000,8291028425000, 2, 663.385742, 1055.450317,0.20784314,0.06666667,0,0.0,0.0,65539,0, 0)
captureUserWait ( 9 )
captureDispatchPointer( 8290527069000,8291037696000, 2, 665.383911, 1044.455933,0.20784314,0.06666667,0,0.0,0.0,65539,0, 0)
captureUserWait ( 9 )
captureDispatchPointer( 8290527069000,8291047045000, 2, 667.382080, 1033.461670,0.20784314,0.06666667,0,0.0,0.0,65539,0, 0)
captureUserWait ( 9 )
captureDispatchPointer( 8290527069000,8291056287000, 2, 669.380188, 1020.468506,0.20784314,0.06666667,0,0.0,0.0,65539,0, 0)
captureUserWait ( 9 )
captureDispatchPointer( 8290527069000,8291065518000, 2, 671.378357, 1008.474731,0.20784314,0.06666667,0,0.0,0.0,65539,0, 0)
captureUserWait ( 9 )
captureDispatchPointer( 8290527069000,8291074811000, 2, 673.376526, 998.479919,0.20784314,0.06666667,0,0.0,0.0,65539,0, 0)
captureUserWait ( 9 )
captureDispatchPointer( 8290527069000,8291084103000, 2, 675.374634, 988.485168,0.20784314,0.06666667,0,0.0,0.0,65539,0, 0)
captureUserWait ( 9 )
captureDispatchPointer( 8290527069000,8291093421000, 2, 676.373718, 978.490356,0.20784314,0.06666667,0,0.0,0.0,65539,0, 0)
captureUserWait ( 9 )
captureDispatchPointer( 8290527069000,8291102595000, 2, 678.371887, 969.495056,0.20784314,0.06666667,0,0.0,0.0,65539,0, 0)
captureUserWait ( 9 )
captureDispatchPointer( 8290527069000,8291111866000, 2, 679.370972, 961.499207,0.20784314,0.06666667,0,0.0,0.0,65539,0, 0)
captureUserWait ( 9 )
captureDispatchPointer( 8290527069000,8291121150000, 2, 680.370056, 954.502869,0.20784314,0.06666667,0,0.0,0.0,65539,0, 0)
captureUserWait ( 9 )
captureDispatchPointer( 8290527069000,8291130449000, 2, 681.369080, 946.507019,0.20784314,0.06666667,0,0.0,0.0,65539,0, 0)
captureUserWait ( 9 )
captureDispatchPointer( 8290527069000,8291139717000, 2, 683.367249, 938.511169,0.20784314,0.06666667,0,0.0,0.0,65539,0, 0)
captureUserWait ( 9 )
captureDispatchPointer( 8290527069000,8291149088000, 2, 685.365417, 929.515869,0.20784314,0.06666667,0,0.0,0.0,65539,0, 0)
captureUserWait ( 9 )
captureDispatchPointer( 8290527069000,8291158268000, 2, 687.363525, 920.520569,0.20784314,0.06666667,0,0.0,0.0,65539,0, 0)
captureUserWait ( 9 )
captureDispatchPointer( 8290527069000,8291167558000, 2, 689.361694, 912.524719,0.20784314,0.06666667,0,0.0,0.0,65539,0, 0)
captureUserWait ( 9 )
captureDispatchPointer( 8290527069000,8291176836000, 2, 690.360779, 906.527832,0.20784314,0.06666667,0,0.0,0.0,65539,0, 0)
captureUserWait ( 9 )
captureDispatchPointer( 8290527069000,8291186196000, 2, 692.358948, 899.531494,0.20784314,0.06666667,0,0.0,0.0,65539,0, 0)
captureUserWait ( 9 )
captureDispatchPointer( 8290527069000,8291195454000, 2, 693.358032, 893.534607,0.20784314,0.06666667,0,0.0,0.0,65539,0, 0)
captureUserWait ( 9 )
captureDispatchPointer( 8290527069000,8291204688000, 2, 694.357056, 887.537720,0.20784314,0.06666667,0,0.0,0.0,65539,0, 0)
captureUserWait ( 9 )
captureDispatchPointer( 8290527069000,8291213957000, 2, 695.356140, 882.540344,0.20784314,0.06666667,0,0.0,0.0,65539,0, 0)
captureUserWait ( 9 )
captureDispatchPointer( 8290527069000,8291223266000, 2, 696.355225, 876.543457,0.20784314,0.06666667,0,0.0,0.0,65539,0, 0)
captureUserWait ( 9 )
captureDispatchPointer( 8290527069000,8291232611000, 2, 697.354309, 870.546570,0.20784314,0.06666667,0,0.0,0.0,65539,0, 0)
captureUserWait ( 9 )
captureDispatchPointer( 8290527069000,8291241830000, 2, 698.353394, 863.550232,0.20784314,0.06666667,0,0.0,0.0,65539,0, 0)
captureUserWait ( 9 )
captureDispatchPointer( 8290527069000,8291251312000, 2, 699.352478, 855.554382,0.20784314,0.06666667,0,0.0,0.0,65539,0, 0)
captureUserWait ( 9 )
captureDispatchPointer( 8290527069000,8291260432000, 2, 700.351501, 848.558044,0.20784314,0.06666667,0,0.0,0.0,65539,0, 0)
captureUserWait ( 9 )
captureDispatchPointer( 8290527069000,8291269719000, 2, 701.350586, 842.561157,0.20784314,0.06666667,0,0.0,0.0,65539,0, 0)
captureUserWait ( 9 )
captureDispatchPointer( 8290527069000,8291278964000, 2, 702.349670, 837.563721,0.20784314,0.06666667,0,0.0,0.0,65539,0, 0)
captureUserWait ( 9 )
captureDispatchPointer( 8290527069000,8291288266000, 2, 703.348755, 834.565308,0.20784314,0.06666667,0,0.0,0.0,65539,0, 0)
captureUserWait ( 9 )
captureDispatchPointer( 8290527069000,8291297500000, 2, 704.347839, 831.566895,0.20784314,0.06666667,0,0.0,0.0,65539,0, 0)
captureUserWait ( 9 )
captureDispatchPointer( 8290527069000,8291306795000, 2, 704.347839, 829.567932,0.20784314,0.06666667,0,0.0,0.0,65539,0, 0)
captureUserWait ( 9 )
captureDispatchPointer( 8290527069000,8291316131000, 2, 704.347839, 828.568420,0.20784314,0.06666667,0,0.0,0.0,65539,0, 0)
captureUserWait ( 9 )
captureDispatchPointer( 8290527069000,8291325440000, 2, 705.346924, 827.568970,0.20784314,0.06666667,0,0.0,0.0,65539,0, 0)
captureUserWait ( 9 )
captureDispatchPointer( 8290527069000,8291334764000, 2, 705.346924, 826.569458,0.20784314,0.06666667,0,0.0,0.0,65539,0, 0)
captureUserWait ( 9 )
captureDispatchPointer( 8290527069000,8291344009000, 2, 705.346924, 825.570007,0.20784314,0.06666667,0,0.0,0.0,65539,0, 0)
captureUserWait ( 9 )
captureDispatchPointer( 8290527069000,8291353283000, 2, 705.346924, 824.570496,0.20784314,0.06666667,0,0.0,0.0,65539,0, 0)
captureUserWait ( 9 )
captureDispatchPointer( 8290527069000,8291362595000, 2, 705.346924, 823.571045,0.20784314,0.06666667,0,0.0,0.0,65539,0, 0)
captureUserWait ( 9 )
captureDispatchPointer( 8290527069000,8291371857000, 2, 705.346924, 822.571533,0.20784314,0.06666667,0,0.0,0.0,65539,0, 0)
captureUserWait ( 9 )
captureDispatchPointer( 8290527069000,8291381166000, 2, 705.346924, 821.572083,0.20784314,0.06666667,0,0.0,0.0,65539,0, 0)
captureUserWait ( 37 )
captureDispatchPointer( 8290527069000,8291418284000, 2, 705.346924, 821.572083,0.20784314,0.06666667,0,0.0,0.0,65539,0, 0)
captureUserWait ( 17 )
captureDispatchPointer( 8290527069000,8291435623000, 1, 705.346924, 821.572083,0.20784314,0.06666667,0,0.0,0.0,65539,0, 0)
captureUserWait ( 1364 )

#press back button to menu
compareScreenshot(2014-10-09_04-39-46.jpg, 0, 0, 1080, 1920, 0, 1.0, 10)
captureDispatchKey( 0, 0, 0, 4, 0,0,0,0)
captureUserWait ( 120 )
captureDispatchKey( 0, 0, 1, 4, 0,0,0,0)
captureUserWait ( 3518 )

#press home button to home sheet
compareScreenshot(2014-10-09_04-39-50.jpg, 0, 0, 1080, 1920, 0, 1.0, 10)
captureDispatchKey( 0, 0, 0, 3, 0,0,0,0)
captureUserWait ( 109 )
captureDispatchKey( 0, 0, 1, 3, 0,0,0,0)
captureUserWait ( 4195 )
compareScreenshot(2014-10-09_04-39-54.jpg, 0, 0, 1080, 1920, 0, 1.0, 10)
captureUserWait ( 1500 )
