type=raw events 1
count= 1
speed=1.0
start data >>

## tower-of-god-and-devil.txt
RunCmd(am start -n com.madhead.tos.zh/com.unity3d.player.UnityPlayerActivity --activity-single-top)
captureUserWait ( 10000 )
compareScreenshot(2014-11-13_04-33-33.jpg, 0, 0, 1080, 1920, 0, 1.0, 10)
captureDispatchPointer( 44259840568000,44259840568000, 0, 592.451416, 1305.320068,0.20784314,0.06666667,0,0.0,0.0,65539,0, 0)
captureUserWait ( 118 )
captureDispatchPointer( 44259840568000,44259959554000, 1, 592.451416, 1305.320068,0.20784314,0.06666667,0,0.0,0.0,65539,0, 0)
captureUserWait ( 10520 )
compareScreenshot(2014-11-13_04-38-40.jpg, 0, 0, 1080, 1920, 0, 1.0, 10)
captureDispatchPointer( 44567480221000,44567480221000, 0, 573.468994, 1383.279541,0.20784314,0.06666667,0,0.0,0.0,65539,0, 0)
captureUserWait ( 73 )
captureDispatchPointer( 44567480221000,44567553506000, 2, 573.468994, 1383.279541,0.20784314,0.06666667,0,0.0,0.0,65539,0, 0)
captureUserWait ( 8 )
captureDispatchPointer( 44567480221000,44567561731000, 1, 573.468994, 1383.279541,0.20784314,0.06666667,0,0.0,0.0,65539,0, 0)
captureUserWait ( 1439 )
compareScreenshot(2014-11-13_04-38-42.jpg, 0, 0, 1080, 1920, 0, 1.0, 10)
captureDispatchPointer( 44569001023000,44569001023000, 0, 595.448669, 1303.321167,0.20784314,0.06666667,0,0.0,0.0,65539,0, 0)
captureUserWait ( 8 )
captureDispatchPointer( 44569001023000,44569009629000, 2, 595.448669, 1303.321167,0.20784314,0.06666667,0,0.0,0.0,65539,0, 0)
captureUserWait ( 64 )
captureDispatchPointer( 44569001023000,44569074557000, 2, 595.448669, 1303.321167,0.20784314,0.06666667,0,0.0,0.0,65539,0, 0)
captureUserWait ( 8 )
captureDispatchPointer( 44569001023000,44569082810000, 1, 595.448669, 1303.321167,0.20784314,0.06666667,0,0.0,0.0,65539,0, 0)
captureUserWait ( 1380 )
compareScreenshot(2014-11-13_04-38-43.jpg, 0, 0, 1080, 1920, 0, 1.0, 10)
captureDispatchPointer( 44570462833000,44570462833000, 0, 557.483826, 1043.456543,0.20784314,0.06666667,0,0.0,0.0,65539,0, 0)
captureUserWait ( 8 )
captureDispatchPointer( 44570462833000,44570470992000, 2, 557.483826, 1043.456543,0.20784314,0.06666667,0,0.0,0.0,65539,0, 0)
captureUserWait ( 9 )
captureDispatchPointer( 44570462833000,44570480367000, 2, 557.483826, 1043.456543,0.20784314,0.06666667,0,0.0,0.0,65539,0, 0)
captureUserWait ( 111 )
captureDispatchPointer( 44570462833000,44570591928000, 2, 557.483826, 1043.456543,0.20784314,0.06666667,0,0.0,0.0,65539,0, 0)
captureUserWait ( 8 )
captureDispatchPointer( 44570462833000,44570600132000, 1, 557.483826, 1043.456543,0.20784314,0.06666667,0,0.0,0.0,65539,0, 0)
captureUserWait ( 11691 )
compareScreenshot(2014-11-13_04-38-55.jpg, 0, 0, 1080, 1920, 0, 1.0, 10)
captureDispatchPointer( 44582291223000,44582291223000, 0, 653.395020, 1137.407593,0.20784314,0.06666667,0,0.0,0.0,65539,0, 0)
captureUserWait ( 17 )
captureDispatchPointer( 44582291223000,44582309133000, 2, 653.395020, 1137.407593,0.20784314,0.06666667,0,0.0,0.0,65539,0, 0)
captureUserWait ( 73 )
captureDispatchPointer( 44582291223000,44582382272000, 1, 653.395020, 1137.407593,0.20784314,0.06666667,0,0.0,0.0,65539,0, 0)
captureUserWait ( 1172 )
compareScreenshot(2014-11-13_04-38-56.jpg, 0, 0, 1080, 1920, 0, 1.0, 10)
captureDispatchPointer( 44583554915000,44583554915000, 0, 609.435730, 1175.387817,0.20784314,0.06666667,0,0.0,0.0,65539,0, 0)
captureUserWait ( 9 )
captureDispatchPointer( 44583554915000,44583564168000, 2, 609.435730, 1175.387817,0.20784314,0.06666667,0,0.0,0.0,65539,0, 0)
captureUserWait ( 73 )
captureDispatchPointer( 44583554915000,44583637182000, 1, 609.435730, 1175.387817,0.20784314,0.06666667,0,0.0,0.0,65539,0, 0)
captureUserWait ( 1243 )
compareScreenshot(2014-11-13_04-38-58.jpg, 0, 0, 1080, 1920, 0, 1.0, 10)
captureDispatchPointer( 44584880660000,44584880660000, 0, 639.407959, 1158.396606,0.20784314,0.06666667,0,0.0,0.0,65539,0, 0)
captureUserWait ( 27 )
captureDispatchPointer( 44584880660000,44584908007000, 2, 640.407043, 1158.396606,0.20784314,0.06666667,0,0.0,0.0,65539,0, 0)
captureUserWait ( 9 )
captureDispatchPointer( 44584880660000,44584917344000, 2, 642.405212, 1158.396606,0.20784314,0.06666667,0,0.0,0.0,65539,0, 0)
captureUserWait ( 8 )
captureDispatchPointer( 44584880660000,44584925728000, 1, 642.405212, 1158.396606,0.20784314,0.06666667,0,0.0,0.0,65539,0, 0)
captureUserWait ( 1066 )
compareScreenshot(2014-11-13_04-38-59.jpg, 0, 0, 1080, 1920, 0, 1.0, 10)
captureDispatchPointer( 44585992681000,44585992681000, 0, 672.377441, 1121.415894,0.20784314,0.06666667,0,0.0,0.0,65539,0, 0)
captureUserWait ( 81 )
captureDispatchPointer( 44585992681000,44586074617000, 1, 672.377441, 1121.415894,0.20784314,0.06666667,0,0.0,0.0,65539,0, 0)
captureUserWait ( 1251 )
compareScreenshot(2014-11-13_04-39-00.jpg, 0, 0, 1080, 1920, 0, 1.0, 10)
captureDispatchPointer( 44587326100000,44587326100000, 0, 643.404236, 1112.420532,0.20784314,0.06666667,0,0.0,0.0,65539,0, 0)
captureUserWait ( 8 )
captureDispatchPointer( 44587326100000,44587334606000, 2, 644.403320, 1112.420532,0.20784314,0.06666667,0,0.0,0.0,65539,0, 0)
captureUserWait ( 8 )
captureDispatchPointer( 44587326100000,44587342917000, 1, 644.403320, 1112.420532,0.20784314,0.06666667,0,0.0,0.0,65539,0, 0)
captureUserWait ( 1003 )
compareScreenshot(2014-11-13_04-39-01.jpg, 0, 0, 1080, 1920, 0, 1.0, 10)
captureDispatchPointer( 44588346344000,44588346344000, 0, 652.395935, 1174.388306,0.20784314,0.06666667,0,0.0,0.0,65539,0, 0)
captureUserWait ( 100 )
captureDispatchPointer( 44588346344000,44588447032000, 1, 652.395935, 1174.388306,0.20784314,0.06666667,0,0.0,0.0,65539,0, 0)
captureUserWait ( 1107 )
compareScreenshot(2014-11-13_04-39-02.jpg, 0, 0, 1080, 1920, 0, 1.0, 10)
captureDispatchPointer( 44589554988000,44589554988000, 0, 640.407043, 1163.394043,0.20784314,0.06666667,0,0.0,0.0,65539,0, 0)
captureUserWait ( 17 )
captureDispatchPointer( 44589554988000,44589572857000, 2, 640.407043, 1163.394043,0.20784314,0.06666667,0,0.0,0.0,65539,0, 0)
captureUserWait ( 18 )
captureDispatchPointer( 44589554988000,44589591547000, 2, 639.407959, 1163.394043,0.20784314,0.06666667,0,0.0,0.0,65539,0, 0)
captureUserWait ( 55 )
captureDispatchPointer( 44589554988000,44589647307000, 2, 639.407959, 1163.394043,0.20784314,0.06666667,0,0.0,0.0,65539,0, 0)
captureUserWait ( 8 )
captureDispatchPointer( 44589554988000,44589655725000, 1, 639.407959, 1163.394043,0.20784314,0.06666667,0,0.0,0.0,65539,0, 0)
captureUserWait ( 1024 )
compareScreenshot(2014-11-13_04-39-04.jpg, 0, 0, 1080, 1920, 0, 1.0, 10)
captureDispatchPointer( 44590679740000,44590679740000, 0, 638.408875, 1206.371704,0.20784314,0.06666667,0,0.0,0.0,65539,0, 0)
captureUserWait ( 64 )
captureDispatchPointer( 44590679740000,44590744058000, 2, 638.408875, 1206.371704,0.20784314,0.06666667,0,0.0,0.0,65539,0, 0)
captureUserWait ( 8 )
captureDispatchPointer( 44590679740000,44590752354000, 1, 638.408875, 1206.371704,0.20784314,0.06666667,0,0.0,0.0,65539,0, 0)
captureUserWait ( 5390 )
compareScreenshot(2014-11-13_04-39-09.jpg, 0, 0, 1080, 1920, 0, 1.0, 10)
captureDispatchPointer( 44596143155000,44596143155000, 0, 645.402405, 1194.377930,0.20784314,0.06666667,0,0.0,0.0,65539,0, 0)
captureUserWait ( 45 )
captureDispatchPointer( 44596143155000,44596188652000, 2, 645.402405, 1195.377319,0.20784314,0.06666667,0,0.0,0.0,65539,0, 0)
captureUserWait ( 9 )
captureDispatchPointer( 44596143155000,44596198014000, 2, 645.402405, 1195.377319,0.20784314,0.06666667,0,0.0,0.0,65539,0, 0)
captureUserWait ( 8 )
captureDispatchPointer( 44596143155000,44596206115000, 1, 645.402405, 1195.377319,0.20784314,0.06666667,0,0.0,0.0,65539,0, 0)
captureUserWait ( 1057 )
compareScreenshot(2014-11-13_04-39-10.jpg, 0, 0, 1080, 1920, 0, 1.0, 10)
captureDispatchPointer( 44597263911000,44597263911000, 0, 627.419067, 1341.301392,0.20784314,0.06666667,0,0.0,0.0,65539,0, 0)
captureUserWait ( 17 )
captureDispatchPointer( 44597263911000,44597281814000, 2, 627.419067, 1341.301392,0.20784314,0.06666667,0,0.0,0.0,65539,0, 0)
captureUserWait ( 9 )
captureDispatchPointer( 44597263911000,44597291000000, 2, 627.419067, 1341.301392,0.20784314,0.06666667,0,0.0,0.0,65539,0, 0)
captureUserWait ( 65 )
captureDispatchPointer( 44597263911000,44597356030000, 2, 626.419983, 1341.301392,0.20784314,0.06666667,0,0.0,0.0,65539,0, 0)
captureUserWait ( 9 )
captureDispatchPointer( 44597263911000,44597365365000, 2, 625.420898, 1341.301392,0.20784314,0.06666667,0,0.0,0.0,65539,0, 0)
captureUserWait ( 9 )
captureDispatchPointer( 44597263911000,44597374703000, 2, 623.422729, 1341.301392,0.20784314,0.06666667,0,0.0,0.0,65539,0, 0)
captureUserWait ( 9 )
captureDispatchPointer( 44597263911000,44597384031000, 2, 620.425537, 1341.301392,0.20784314,0.06666667,0,0.0,0.0,65539,0, 0)
captureUserWait ( 9 )
captureDispatchPointer( 44597263911000,44597393358000, 2, 615.430176, 1341.301392,0.20784314,0.06666667,0,0.0,0.0,65539,0, 0)
captureUserWait ( 9 )
captureDispatchPointer( 44597263911000,44597402658000, 2, 610.434814, 1341.301392,0.20784314,0.06666667,0,0.0,0.0,65539,0, 0)
captureUserWait ( 9 )
captureDispatchPointer( 44597263911000,44597411992000, 2, 603.441284, 1341.301392,0.20784314,0.06666667,0,0.0,0.0,65539,0, 0)
captureUserWait ( 9 )
captureDispatchPointer( 44597263911000,44597421261000, 2, 594.449585, 1341.301392,0.20784314,0.06666667,0,0.0,0.0,65539,0, 0)
captureUserWait ( 9 )
captureDispatchPointer( 44597263911000,44597430573000, 2, 585.457886, 1341.301392,0.20784314,0.06666667,0,0.0,0.0,65539,0, 0)
captureUserWait ( 9 )
captureDispatchPointer( 44597263911000,44597439794000, 2, 574.468079, 1341.301392,0.20784314,0.06666667,0,0.0,0.0,65539,0, 0)
captureUserWait ( 9 )
captureDispatchPointer( 44597263911000,44597449099000, 2, 563.478271, 1341.301392,0.20784314,0.06666667,0,0.0,0.0,65539,0, 0)
captureUserWait ( 9 )
captureDispatchPointer( 44597263911000,44597458473000, 2, 551.489380, 1341.301392,0.20784314,0.06666667,0,0.0,0.0,65539,0, 0)
captureUserWait ( 9 )
captureDispatchPointer( 44597263911000,44597467806000, 2, 539.500488, 1341.301392,0.20784314,0.06666667,0,0.0,0.0,65539,0, 0)
captureUserWait ( 9 )
captureDispatchPointer( 44597263911000,44597477122000, 2, 527.511597, 1340.301880,0.20784314,0.06666667,0,0.0,0.0,65539,0, 0)
captureUserWait ( 9 )
captureDispatchPointer( 44597263911000,44597486469000, 2, 515.522644, 1339.302368,0.20784314,0.06666667,0,0.0,0.0,65539,0, 0)
captureUserWait ( 9 )
captureDispatchPointer( 44597263911000,44597495702000, 2, 503.533752, 1338.302979,0.20784314,0.06666667,0,0.0,0.0,65539,0, 0)
captureUserWait ( 9 )
captureDispatchPointer( 44597263911000,44597504965000, 2, 491.544861, 1336.303955,0.20784314,0.06666667,0,0.0,0.0,65539,0, 0)
captureUserWait ( 9 )
captureDispatchPointer( 44597263911000,44597514309000, 2, 480.555054, 1335.304443,0.20784314,0.06666667,0,0.0,0.0,65539,0, 0)
captureUserWait ( 9 )
captureDispatchPointer( 44597263911000,44597523736000, 2, 468.566132, 1334.305054,0.20784314,0.06666667,0,0.0,0.0,65539,0, 0)
captureUserWait ( 9 )
captureDispatchPointer( 44597263911000,44597532941000, 2, 455.578186, 1333.305542,0.20784314,0.06666667,0,0.0,0.0,65539,0, 0)
captureUserWait ( 9 )
captureDispatchPointer( 44597263911000,44597542259000, 2, 442.590210, 1331.306519,0.20784314,0.06666667,0,0.0,0.0,65539,0, 0)
captureUserWait ( 9 )
captureDispatchPointer( 44597263911000,44597551548000, 2, 429.602234, 1329.307617,0.20784314,0.06666667,0,0.0,0.0,65539,0, 0)
captureUserWait ( 9 )
captureDispatchPointer( 44597263911000,44597560784000, 2, 416.614258, 1327.308716,0.20784314,0.06666667,0,0.0,0.0,65539,0, 0)
captureUserWait ( 9 )
captureDispatchPointer( 44597263911000,44597570093000, 2, 404.625336, 1326.309204,0.20784314,0.06666667,0,0.0,0.0,65539,0, 0)
captureUserWait ( 9 )
captureDispatchPointer( 44597263911000,44597579542000, 2, 393.635529, 1325.309692,0.20784314,0.06666667,0,0.0,0.0,65539,0, 0)
captureUserWait ( 9 )
captureDispatchPointer( 44597263911000,44597588781000, 2, 382.645691, 1324.310181,0.20784314,0.06666667,0,0.0,0.0,65539,0, 0)
captureUserWait ( 9 )
captureDispatchPointer( 44597263911000,44597598036000, 2, 372.654938, 1323.310791,0.20784314,0.06666667,0,0.0,0.0,65539,0, 0)
captureUserWait ( 9 )
captureDispatchPointer( 44597263911000,44597607355000, 2, 363.663269, 1322.311279,0.20784314,0.06666667,0,0.0,0.0,65539,0, 0)
captureUserWait ( 9 )
captureDispatchPointer( 44597263911000,44597616686000, 2, 355.670685, 1321.311768,0.20784314,0.06666667,0,0.0,0.0,65539,0, 0)
captureUserWait ( 9 )
captureDispatchPointer( 44597263911000,44597625979000, 2, 348.677155, 1321.311768,0.20784314,0.06666667,0,0.0,0.0,65539,0, 0)
captureUserWait ( 9 )
captureDispatchPointer( 44597263911000,44597635310000, 2, 342.682709, 1321.311768,0.20784314,0.06666667,0,0.0,0.0,65539,0, 0)
captureUserWait ( 9 )
captureDispatchPointer( 44597263911000,44597644590000, 2, 337.687317, 1321.311768,0.20784314,0.06666667,0,0.0,0.0,65539,0, 0)
captureUserWait ( 9 )
captureDispatchPointer( 44597263911000,44597653883000, 2, 332.691956, 1320.312256,0.20784314,0.06666667,0,0.0,0.0,65539,0, 0)
captureUserWait ( 9 )
captureDispatchPointer( 44597263911000,44597663159000, 2, 327.696594, 1319.312866,0.20784314,0.06666667,0,0.0,0.0,65539,0, 0)
captureUserWait ( 9 )
captureDispatchPointer( 44597263911000,44597672422000, 2, 322.701202, 1319.312866,0.20784314,0.06666667,0,0.0,0.0,65539,0, 0)
captureUserWait ( 9 )
captureDispatchPointer( 44597263911000,44597681729000, 2, 318.704895, 1319.312866,0.20784314,0.06666667,0,0.0,0.0,65539,0, 0)
captureUserWait ( 9 )
captureDispatchPointer( 44597263911000,44597691119000, 2, 314.708618, 1319.312866,0.20784314,0.06666667,0,0.0,0.0,65539,0, 0)
captureUserWait ( 9 )
captureDispatchPointer( 44597263911000,44597700318000, 2, 311.711365, 1319.312866,0.20784314,0.06666667,0,0.0,0.0,65539,0, 0)
captureUserWait ( 9 )
captureDispatchPointer( 44597263911000,44597709685000, 2, 308.714142, 1319.312866,0.20784314,0.06666667,0,0.0,0.0,65539,0, 0)
captureUserWait ( 9 )
captureDispatchPointer( 44597263911000,44597719013000, 2, 306.716003, 1319.312866,0.20784314,0.06666667,0,0.0,0.0,65539,0, 0)
captureUserWait ( 9 )
captureDispatchPointer( 44597263911000,44597728319000, 2, 304.717865, 1319.312866,0.20784314,0.06666667,0,0.0,0.0,65539,0, 0)
captureUserWait ( 9 )
captureDispatchPointer( 44597263911000,44597737625000, 2, 302.719696, 1319.312866,0.20784314,0.06666667,0,0.0,0.0,65539,0, 0)
captureUserWait ( 9 )
captureDispatchPointer( 44597263911000,44597746954000, 2, 300.721558, 1319.312866,0.20784314,0.06666667,0,0.0,0.0,65539,0, 0)
captureUserWait ( 9 )
captureDispatchPointer( 44597263911000,44597756356000, 2, 299.722473, 1319.312866,0.20784314,0.06666667,0,0.0,0.0,65539,0, 0)
captureUserWait ( 9 )
captureDispatchPointer( 44597263911000,44597765577000, 2, 298.723419, 1319.312866,0.20784314,0.06666667,0,0.0,0.0,65539,0, 0)
captureUserWait ( 9 )
captureDispatchPointer( 44597263911000,44597774844000, 2, 297.724335, 1319.312866,0.20784314,0.06666667,0,0.0,0.0,65539,0, 0)
captureUserWait ( 9 )
captureDispatchPointer( 44597263911000,44597784179000, 2, 296.725250, 1319.312866,0.20784314,0.06666667,0,0.0,0.0,65539,0, 0)
captureUserWait ( 9 )
captureDispatchPointer( 44597263911000,44597793460000, 2, 294.727112, 1319.312866,0.20784314,0.06666667,0,0.0,0.0,65539,0, 0)
captureUserWait ( 9 )
captureDispatchPointer( 44597263911000,44597802809000, 2, 293.728027, 1319.312866,0.20784314,0.06666667,0,0.0,0.0,65539,0, 0)
captureUserWait ( 9 )
captureDispatchPointer( 44597263911000,44597812200000, 2, 292.728943, 1319.312866,0.20784314,0.06666667,0,0.0,0.0,65539,0, 0)
captureUserWait ( 9 )
captureDispatchPointer( 44597263911000,44597821416000, 2, 291.729889, 1319.312866,0.20784314,0.06666667,0,0.0,0.0,65539,0, 0)
captureUserWait ( 9 )
captureDispatchPointer( 44597263911000,44597830681000, 2, 290.730804, 1319.312866,0.20784314,0.06666667,0,0.0,0.0,65539,0, 0)
captureUserWait ( 9 )
captureDispatchPointer( 44597263911000,44597839977000, 2, 289.731720, 1319.312866,0.20784314,0.06666667,0,0.0,0.0,65539,0, 0)
captureUserWait ( 9 )
captureDispatchPointer( 44597263911000,44597849312000, 2, 288.732666, 1319.312866,0.20784314,0.06666667,0,0.0,0.0,65539,0, 0)
captureUserWait ( 9 )
captureDispatchPointer( 44597263911000,44597858710000, 2, 287.733582, 1319.312866,0.20784314,0.06666667,0,0.0,0.0,65539,0, 0)
captureUserWait ( 37 )
captureDispatchPointer( 44597263911000,44597895809000, 2, 286.734497, 1319.312866,0.20784314,0.06666667,0,0.0,0.0,65539,0, 0)
captureUserWait ( 18 )
captureDispatchPointer( 44597263911000,44597914563000, 2, 286.734497, 1319.312866,0.20784314,0.06666667,0,0.0,0.0,65539,0, 0)
captureUserWait ( 9 )
captureDispatchPointer( 44597263911000,44597923754000, 2, 286.734497, 1319.312866,0.20784314,0.06666667,0,0.0,0.0,65539,0, 0)
captureUserWait ( 27 )
captureDispatchPointer( 44597263911000,44597951665000, 2, 286.734497, 1319.312866,0.20784314,0.06666667,0,0.0,0.0,65539,0, 0)
captureUserWait ( 9 )
captureDispatchPointer( 44597263911000,44597960928000, 2, 286.734497, 1319.312866,0.20784314,0.06666667,0,0.0,0.0,65539,0, 0)
captureUserWait ( 8 )
captureDispatchPointer( 44597263911000,44597969231000, 1, 286.734497, 1319.312866,0.20784314,0.06666667,0,0.0,0.0,65539,0, 0)
captureUserWait ( 10201 )
compareScreenshot(2014-11-13_04-39-21.jpg, 0, 0, 1080, 1920, 0, 1.0, 10)
captureDispatchPointer( 44608170590000,44608170590000, 0, 612.432922, 1191.379517,0.20784314,0.06666667,0,0.0,0.0,65539,0, 0)
captureUserWait ( 63 )
captureDispatchPointer( 44608170590000,44608234257000, 1, 612.432922, 1191.379517,0.20784314,0.06666667,0,0.0,0.0,65539,0, 0)
captureUserWait ( 1196 )
compareScreenshot(2014-11-13_04-39-22.jpg, 0, 0, 1080, 1920, 0, 1.0, 10)
captureDispatchPointer( 44609430926000,44609430926000, 0, 617.428284, 1170.390381,0.20784314,0.06666667,0,0.0,0.0,65539,0, 0)
captureUserWait ( 8 )
captureDispatchPointer( 44609430926000,44609439484000, 2, 617.428284, 1170.390381,0.20784314,0.06666667,0,0.0,0.0,65539,0, 0)
captureUserWait ( 55 )
captureDispatchPointer( 44609430926000,44609495246000, 2, 617.428284, 1170.390381,0.20784314,0.06666667,0,0.0,0.0,65539,0, 0)
captureUserWait ( 8 )
captureDispatchPointer( 44609430926000,44609503638000, 1, 617.428284, 1170.390381,0.20784314,0.06666667,0,0.0,0.0,65539,0, 0)
captureUserWait ( 1250 )
compareScreenshot(2014-11-13_04-39-24.jpg, 0, 0, 1080, 1920, 0, 1.0, 10)
captureDispatchPointer( 44610753770000,44610753770000, 0, 596.447754, 1169.390869,0.20784314,0.06666667,0,0.0,0.0,65539,0, 0)
captureUserWait ( 65 )
captureDispatchPointer( 44610753770000,44610818788000, 2, 596.447754, 1169.390869,0.20784314,0.06666667,0,0.0,0.0,65539,0, 0)
captureUserWait ( 8 )
captureDispatchPointer( 44610753770000,44610827116000, 1, 596.447754, 1169.390869,0.20784314,0.06666667,0,0.0,0.0,65539,0, 0)
captureUserWait ( 1189 )
compareScreenshot(2014-11-13_04-39-25.jpg, 0, 0, 1080, 1920, 0, 1.0, 10)
captureDispatchPointer( 44612016711000,44612016711000, 0, 805.254395, 1145.403442,0.20784314,0.06666667,0,0.0,0.0,65539,0, 0)
captureUserWait ( 8 )
captureDispatchPointer( 44612016711000,44612025541000, 2, 805.254395, 1145.403442,0.20784314,0.06666667,0,0.0,0.0,65539,0, 0)
captureUserWait ( 18 )
captureDispatchPointer( 44612016711000,44612044192000, 2, 805.254395, 1145.403442,0.20784314,0.06666667,0,0.0,0.0,65539,0, 0)
captureUserWait ( 37 )
captureDispatchPointer( 44612016711000,44612081451000, 2, 806.253479, 1145.403442,0.20784314,0.06666667,0,0.0,0.0,65539,0, 0)
captureUserWait ( 9 )
captureDispatchPointer( 44612016711000,44612090760000, 2, 807.252563, 1145.403442,0.20784314,0.06666667,0,0.0,0.0,65539,0, 0)
captureUserWait ( 9 )
captureDispatchPointer( 44612016711000,44612100114000, 2, 808.251648, 1145.403442,0.20784314,0.06666667,0,0.0,0.0,65539,0, 0)
captureUserWait ( 9 )
captureDispatchPointer( 44612016711000,44612109391000, 2, 810.249756, 1145.403442,0.20784314,0.06666667,0,0.0,0.0,65539,0, 0)
captureUserWait ( 9 )
captureDispatchPointer( 44612016711000,44612118649000, 2, 813.247009, 1146.402832,0.20784314,0.06666667,0,0.0,0.0,65539,0, 0)
captureUserWait ( 9 )
captureDispatchPointer( 44612016711000,44612127786000, 2, 816.244202, 1146.402832,0.20784314,0.06666667,0,0.0,0.0,65539,0, 0)
captureUserWait ( 9 )
captureDispatchPointer( 44612016711000,44612137086000, 2, 821.239624, 1146.402832,0.20784314,0.06666667,0,0.0,0.0,65539,0, 0)
captureUserWait ( 9 )
captureDispatchPointer( 44612016711000,44612146408000, 2, 827.234070, 1146.402832,0.20784314,0.06666667,0,0.0,0.0,65539,0, 0)
captureUserWait ( 9 )
captureDispatchPointer( 44612016711000,44612155683000, 2, 835.226624, 1147.402344,0.20784314,0.06666667,0,0.0,0.0,65539,0, 0)
captureUserWait ( 9 )
captureDispatchPointer( 44612016711000,44612165001000, 2, 843.219238, 1147.402344,0.20784314,0.06666667,0,0.0,0.0,65539,0, 0)
captureUserWait ( 9 )
captureDispatchPointer( 44612016711000,44612174404000, 2, 852.210938, 1146.402832,0.20784314,0.06666667,0,0.0,0.0,65539,0, 0)
captureUserWait ( 9 )
captureDispatchPointer( 44612016711000,44612183690000, 2, 863.200745, 1146.402832,0.20784314,0.06666667,0,0.0,0.0,65539,0, 0)
captureUserWait ( 9 )
captureDispatchPointer( 44612016711000,44612193008000, 2, 873.191467, 1145.403442,0.20784314,0.06666667,0,0.0,0.0,65539,0, 0)
captureUserWait ( 9 )
captureDispatchPointer( 44612016711000,44612202330000, 2, 881.184082, 1144.403931,0.20784314,0.06666667,0,0.0,0.0,65539,0, 0)
captureUserWait ( 9 )
captureDispatchPointer( 44612016711000,44612211531000, 2, 888.177612, 1143.404419,0.20784314,0.06666667,0,0.0,0.0,65539,0, 0)
captureUserWait ( 9 )
captureDispatchPointer( 44612016711000,44612220870000, 2, 895.171143, 1143.404419,0.20784314,0.06666667,0,0.0,0.0,65539,0, 0)
captureUserWait ( 9 )
captureDispatchPointer( 44612016711000,44612230208000, 2, 902.164673, 1142.405029,0.20784314,0.06666667,0,0.0,0.0,65539,0, 0)
captureUserWait ( 9 )
captureDispatchPointer( 44612016711000,44612239534000, 2, 910.157288, 1141.405518,0.20784314,0.06666667,0,0.0,0.0,65539,0, 0)
captureUserWait ( 9 )
captureDispatchPointer( 44612016711000,44612248717000, 2, 918.149841, 1141.405518,0.20784314,0.06666667,0,0.0,0.0,65539,0, 0)
captureUserWait ( 9 )
captureDispatchPointer( 44612016711000,44612258095000, 2, 927.141541, 1140.406006,0.20784314,0.06666667,0,0.0,0.0,65539,0, 0)
captureUserWait ( 9 )
captureDispatchPointer( 44612016711000,44612267428000, 2, 936.133240, 1139.406494,0.20784314,0.06666667,0,0.0,0.0,65539,0, 0)
captureUserWait ( 9 )
captureDispatchPointer( 44612016711000,44612276719000, 2, 943.126709, 1139.406494,0.20784314,0.06666667,0,0.0,0.0,65539,0, 0)
captureUserWait ( 9 )
captureDispatchPointer( 44612016711000,44612286006000, 2, 950.120239, 1139.406494,0.20784314,0.06666667,0,0.0,0.0,65539,0, 0)
captureUserWait ( 9 )
captureDispatchPointer( 44612016711000,44612295314000, 2, 956.114685, 1139.406494,0.20784314,0.06666667,0,0.0,0.0,65539,0, 0)
captureUserWait ( 9 )
captureDispatchPointer( 44612016711000,44612304631000, 2, 961.110107, 1139.406494,0.20784314,0.06666667,0,0.0,0.0,65539,0, 0)
captureUserWait ( 9 )
captureDispatchPointer( 44612016711000,44612313928000, 2, 965.106384, 1139.406494,0.20784314,0.06666667,0,0.0,0.0,65539,0, 0)
captureUserWait ( 9 )
captureDispatchPointer( 44612016711000,44612323342000, 2, 969.102661, 1139.406494,0.20784314,0.06666667,0,0.0,0.0,65539,0, 0)
captureUserWait ( 9 )
captureDispatchPointer( 44612016711000,44612332586000, 2, 972.099915, 1139.406494,0.20784314,0.06666667,0,0.0,0.0,65539,0, 0)
captureUserWait ( 9 )
captureDispatchPointer( 44612016711000,44612341903000, 2, 974.098083, 1139.406494,0.20784314,0.06666667,0,0.0,0.0,65539,0, 0)
captureUserWait ( 9 )
captureDispatchPointer( 44612016711000,44612351175000, 2, 976.096191, 1139.406494,0.20784314,0.06666667,0,0.0,0.0,65539,0, 0)
captureUserWait ( 9 )
captureDispatchPointer( 44612016711000,44612360383000, 2, 978.094360, 1139.406494,0.20784314,0.06666667,0,0.0,0.0,65539,0, 0)
captureUserWait ( 9 )
captureDispatchPointer( 44612016711000,44612369711000, 2, 980.092529, 1139.406494,0.20784314,0.06666667,0,0.0,0.0,65539,0, 0)
captureUserWait ( 9 )
captureDispatchPointer( 44612016711000,44612378985000, 2, 982.090637, 1139.406494,0.20784314,0.06666667,0,0.0,0.0,65539,0, 0)
captureUserWait ( 9 )
captureDispatchPointer( 44612016711000,44612388309000, 2, 983.089722, 1139.406494,0.20784314,0.06666667,0,0.0,0.0,65539,0, 0)
captureUserWait ( 9 )
captureDispatchPointer( 44612016711000,44612397611000, 2, 984.088806, 1139.406494,0.20784314,0.06666667,0,0.0,0.0,65539,0, 0)
captureUserWait ( 9 )
captureDispatchPointer( 44612016711000,44612406959000, 2, 985.087891, 1139.406494,0.20784314,0.06666667,0,0.0,0.0,65539,0, 0)
captureUserWait ( 9 )
captureDispatchPointer( 44612016711000,44612416209000, 2, 986.086975, 1139.406494,0.20784314,0.06666667,0,0.0,0.0,65539,0, 0)
captureUserWait ( 9 )
captureDispatchPointer( 44612016711000,44612425541000, 2, 987.086060, 1139.406494,0.20784314,0.06666667,0,0.0,0.0,65539,0, 0)
captureUserWait ( 9 )
captureDispatchPointer( 44612016711000,44612434856000, 2, 988.085083, 1139.406494,0.20784314,0.06666667,0,0.0,0.0,65539,0, 0)
captureUserWait ( 9 )
captureDispatchPointer( 44612016711000,44612444155000, 2, 989.084167, 1139.406494,0.20784314,0.06666667,0,0.0,0.0,65539,0, 0)
captureUserWait ( 9 )
captureDispatchPointer( 44612016711000,44612453448000, 2, 990.083252, 1139.406494,0.20784314,0.06666667,0,0.0,0.0,65539,0, 0)
captureUserWait ( 8 )
captureDispatchPointer( 44612016711000,44612461856000, 1, 990.083252, 1139.406494,0.20784314,0.06666667,0,0.0,0.0,65539,0, 0)
captureUserWait ( 1575 )
compareScreenshot(2014-11-13_04-39-27.jpg, 0, 0, 1080, 1920, 0, 1.0, 10)
captureDispatchPointer( 44614036963000,44614036963000, 0, 607.437561, 1394.273804,0.20784314,0.06666667,0,0.0,0.0,65539,0, 0)
captureUserWait ( 8 )
captureDispatchPointer( 44614036963000,44614045677000, 2, 607.437561, 1394.273804,0.20784314,0.06666667,0,0.0,0.0,65539,0, 0)
captureUserWait ( 46 )
captureDispatchPointer( 44614036963000,44614092197000, 2, 607.437561, 1394.273804,0.20784314,0.06666667,0,0.0,0.0,65539,0, 0)
captureUserWait ( 9 )
captureDispatchPointer( 44614036963000,44614101750000, 2, 607.437561, 1394.273804,0.20784314,0.06666667,0,0.0,0.0,65539,0, 0)
captureUserWait ( 7 )
captureDispatchPointer( 44614036963000,44614109574000, 1, 607.437561, 1394.273804,0.20784314,0.06666667,0,0.0,0.0,65539,0, 0)
captureUserWait ( 1346 )
compareScreenshot(2014-11-13_04-39-28.jpg, 0, 0, 1080, 1920, 0, 1.0, 10)
captureDispatchPointer( 44615456542000,44615456542000, 0, 809.250671, 1161.395020,0.20784314,0.06666667,0,0.0,0.0,65539,0, 0)
captureUserWait ( 91 )
captureDispatchPointer( 44615456542000,44615548382000, 2, 810.249756, 1161.395020,0.20784314,0.06666667,0,0.0,0.0,65539,0, 0)
captureUserWait ( 9 )
captureDispatchPointer( 44615456542000,44615557744000, 2, 812.247925, 1161.395020,0.20784314,0.06666667,0,0.0,0.0,65539,0, 0)
captureUserWait ( 9 )
captureDispatchPointer( 44615456542000,44615567019000, 2, 815.245117, 1161.395020,0.20784314,0.06666667,0,0.0,0.0,65539,0, 0)
captureUserWait ( 9 )
captureDispatchPointer( 44615456542000,44615576308000, 2, 819.241455, 1161.395020,0.20784314,0.06666667,0,0.0,0.0,65539,0, 0)
captureUserWait ( 9 )
captureDispatchPointer( 44615456542000,44615585522000, 2, 826.234985, 1162.394531,0.20784314,0.06666667,0,0.0,0.0,65539,0, 0)
captureUserWait ( 9 )
captureDispatchPointer( 44615456542000,44615594856000, 2, 835.226624, 1163.394043,0.20784314,0.06666667,0,0.0,0.0,65539,0, 0)
captureUserWait ( 9 )
captureDispatchPointer( 44615456542000,44615604181000, 2, 847.215576, 1164.393555,0.20784314,0.06666667,0,0.0,0.0,65539,0, 0)
captureUserWait ( 9 )
captureDispatchPointer( 44615456542000,44615613438000, 2, 862.201660, 1166.392456,0.20784314,0.06666667,0,0.0,0.0,65539,0, 0)
captureUserWait ( 9 )
captureDispatchPointer( 44615456542000,44615622816000, 2, 877.187805, 1167.391968,0.20784314,0.06666667,0,0.0,0.0,65539,0, 0)
captureUserWait ( 9 )
captureDispatchPointer( 44615456542000,44615632081000, 2, 891.174866, 1168.391479,0.20784314,0.06666667,0,0.0,0.0,65539,0, 0)
captureUserWait ( 9 )
captureDispatchPointer( 44615456542000,44615641286000, 2, 905.161865, 1169.390869,0.20784314,0.06666667,0,0.0,0.0,65539,0, 0)
captureUserWait ( 9 )
captureDispatchPointer( 44615456542000,44615650629000, 2, 918.149841, 1170.390381,0.20784314,0.06666667,0,0.0,0.0,65539,0, 0)
captureUserWait ( 9 )
captureDispatchPointer( 44615456542000,44615659929000, 2, 930.138794, 1170.390381,0.20784314,0.06666667,0,0.0,0.0,65539,0, 0)
captureUserWait ( 9 )
captureDispatchPointer( 44615456542000,44615669239000, 2, 940.129517, 1170.390381,0.20784314,0.06666667,0,0.0,0.0,65539,0, 0)
captureUserWait ( 9 )
captureDispatchPointer( 44615456542000,44615678521000, 2, 949.121216, 1170.390381,0.20784314,0.06666667,0,0.0,0.0,65539,0, 0)
captureUserWait ( 9 )
captureDispatchPointer( 44615456542000,44615687854000, 2, 958.112854, 1170.390381,0.20784314,0.06666667,0,0.0,0.0,65539,0, 0)
captureUserWait ( 9 )
captureDispatchPointer( 44615456542000,44615697135000, 2, 965.106384, 1170.390381,0.20784314,0.06666667,0,0.0,0.0,65539,0, 0)
captureUserWait ( 9 )
captureDispatchPointer( 44615456542000,44615706421000, 2, 972.099915, 1170.390381,0.20784314,0.06666667,0,0.0,0.0,65539,0, 0)
captureUserWait ( 9 )
captureDispatchPointer( 44615456542000,44615715662000, 2, 979.093445, 1170.390381,0.20784314,0.06666667,0,0.0,0.0,65539,0, 0)
captureUserWait ( 9 )
captureDispatchPointer( 44615456542000,44615725070000, 2, 985.087891, 1170.390381,0.20784314,0.06666667,0,0.0,0.0,65539,0, 0)
captureUserWait ( 9 )
captureDispatchPointer( 44615456542000,44615734243000, 2, 990.083252, 1170.390381,0.20784314,0.06666667,0,0.0,0.0,65539,0, 0)
captureUserWait ( 9 )
captureDispatchPointer( 44615456542000,44615743544000, 2, 995.078613, 1170.390381,0.20784314,0.06666667,0,0.0,0.0,65539,0, 0)
captureUserWait ( 9 )
captureDispatchPointer( 44615456542000,44615752881000, 2, 998.075867, 1170.390381,0.20784314,0.06666667,0,0.0,0.0,65539,0, 0)
captureUserWait ( 9 )
captureDispatchPointer( 44615456542000,44615762160000, 2, 1001.073059, 1170.390381,0.20784314,0.06666667,0,0.0,0.0,65539,0, 0)
captureUserWait ( 9 )
captureDispatchPointer( 44615456542000,44615771477000, 2, 1003.071228, 1170.390381,0.20784314,0.06666667,0,0.0,0.0,65539,0, 0)
captureUserWait ( 9 )
captureDispatchPointer( 44615456542000,44615780779000, 2, 1004.070312, 1170.390381,0.20784314,0.06666667,0,0.0,0.0,65539,0, 0)
captureUserWait ( 9 )
captureDispatchPointer( 44615456542000,44615790108000, 2, 1005.069397, 1170.390381,0.20784314,0.06666667,0,0.0,0.0,65539,0, 0)
captureUserWait ( 9 )
captureDispatchPointer( 44615456542000,44615799373000, 2, 1006.068481, 1170.390381,0.20784314,0.06666667,0,0.0,0.0,65539,0, 0)
captureUserWait ( 9 )
captureDispatchPointer( 44615456542000,44615808726000, 2, 1007.067505, 1170.390381,0.20784314,0.06666667,0,0.0,0.0,65539,0, 0)
captureUserWait ( 9 )
captureDispatchPointer( 44615456542000,44615818049000, 2, 1008.066589, 1170.390381,0.20784314,0.06666667,0,0.0,0.0,65539,0, 0)
captureUserWait ( 9 )
captureDispatchPointer( 44615456542000,44615827348000, 2, 1009.065674, 1170.390381,0.20784314,0.06666667,0,0.0,0.0,65539,0, 0)
captureUserWait ( 9 )
captureDispatchPointer( 44615456542000,44615836623000, 2, 1010.064758, 1170.390381,0.20784314,0.06666667,0,0.0,0.0,65539,0, 0)
captureUserWait ( 9 )
captureDispatchPointer( 44615456542000,44615845939000, 2, 1011.063843, 1170.390381,0.20784314,0.06666667,0,0.0,0.0,65539,0, 0)
captureUserWait ( 9 )
captureDispatchPointer( 44615456542000,44615855255000, 2, 1012.062927, 1170.390381,0.20784314,0.06666667,0,0.0,0.0,65539,0, 0)
captureUserWait ( 8 )
captureDispatchPointer( 44615456542000,44615863465000, 1, 1012.062927, 1170.390381,0.20784314,0.06666667,0,0.0,0.0,65539,0, 0)
captureUserWait ( 2275 )
compareScreenshot(2014-11-13_04-39-31.jpg, 0, 0, 1080, 1920, 0, 1.0, 10)
captureDispatchPointer( 44618139273000,44618139273000, 0, 643.404236, 1287.329468,0.20784314,0.06666667,0,0.0,0.0,65539,0, 0)
captureUserWait ( 17 )
captureDispatchPointer( 44618139273000,44618157035000, 2, 643.404236, 1287.329468,0.20784314,0.06666667,0,0.0,0.0,65539,0, 0)
captureUserWait ( 27 )
captureDispatchPointer( 44618139273000,44618184942000, 2, 643.404236, 1287.329468,0.20784314,0.06666667,0,0.0,0.0,65539,0, 0)
captureUserWait ( 9 )
captureDispatchPointer( 44618139273000,44618194240000, 2, 643.404236, 1287.329468,0.20784314,0.06666667,0,0.0,0.0,65539,0, 0)
captureUserWait ( 17 )
captureDispatchPointer( 44618139273000,44618211840000, 1, 643.404236, 1287.329468,0.20784314,0.06666667,0,0.0,0.0,65539,0, 0)
captureUserWait ( 1190 )
compareScreenshot(2014-11-13_04-39-32.jpg, 0, 0, 1080, 1920, 0, 1.0, 10)
captureDispatchPointer( 44619401847000,44619401847000, 0, 688.362610, 1228.360229,0.20784314,0.06666667,0,0.0,0.0,65539,0, 0)
captureUserWait ( 45 )
captureDispatchPointer( 44619401847000,44619447033000, 2, 688.362610, 1228.360229,0.20784314,0.06666667,0,0.0,0.0,65539,0, 0)
captureUserWait ( 8 )
captureDispatchPointer( 44619401847000,44619455148000, 1, 688.362610, 1228.360229,0.20784314,0.06666667,0,0.0,0.0,65539,0, 0)
captureUserWait ( 1278 )
compareScreenshot(2014-11-13_04-39-34.jpg, 0, 0, 1080, 1920, 0, 1.0, 10)
captureDispatchPointer( 44620733750000,44620733750000, 0, 454.579102, 1509.213867,0.20784314,0.06666667,0,0.0,0.0,65539,0, 0)
captureUserWait ( 8 )
captureDispatchPointer( 44620733750000,44620742549000, 2, 454.579102, 1509.213867,0.20784314,0.06666667,0,0.0,0.0,65539,0, 0)
captureUserWait ( 55 )
captureDispatchPointer( 44620733750000,44620798411000, 2, 453.580017, 1509.213867,0.20784314,0.06666667,0,0.0,0.0,65539,0, 0)
captureUserWait ( 9 )
captureDispatchPointer( 44620733750000,44620807629000, 2, 452.580933, 1509.213867,0.20784314,0.06666667,0,0.0,0.0,65539,0, 0)
captureUserWait ( 9 )
captureDispatchPointer( 44620733750000,44620816969000, 2, 449.583710, 1509.213867,0.20784314,0.06666667,0,0.0,0.0,65539,0, 0)
captureUserWait ( 9 )
captureDispatchPointer( 44620733750000,44620826269000, 2, 446.586487, 1509.213867,0.20784314,0.06666667,0,0.0,0.0,65539,0, 0)
captureUserWait ( 9 )
captureDispatchPointer( 44620733750000,44620835587000, 2, 441.591125, 1509.213867,0.20784314,0.06666667,0,0.0,0.0,65539,0, 0)
captureUserWait ( 9 )
captureDispatchPointer( 44620733750000,44620844886000, 2, 435.596680, 1509.213867,0.20784314,0.06666667,0,0.0,0.0,65539,0, 0)
captureUserWait ( 9 )
captureDispatchPointer( 44620733750000,44620854195000, 2, 428.603149, 1509.213867,0.20784314,0.06666667,0,0.0,0.0,65539,0, 0)
captureUserWait ( 9 )
captureDispatchPointer( 44620733750000,44620863507000, 2, 419.611481, 1509.213867,0.20784314,0.06666667,0,0.0,0.0,65539,0, 0)
captureUserWait ( 9 )
captureDispatchPointer( 44620733750000,44620872828000, 2, 409.620728, 1510.213379,0.20784314,0.06666667,0,0.0,0.0,65539,0, 0)
captureUserWait ( 9 )
captureDispatchPointer( 44620733750000,44620882170000, 2, 399.629974, 1511.212891,0.20784314,0.06666667,0,0.0,0.0,65539,0, 0)
captureUserWait ( 9 )
captureDispatchPointer( 44620733750000,44620891453000, 2, 389.639221, 1512.212402,0.20784314,0.06666667,0,0.0,0.0,65539,0, 0)
captureUserWait ( 9 )
captureDispatchPointer( 44620733750000,44620900725000, 2, 378.649414, 1513.211792,0.20784314,0.06666667,0,0.0,0.0,65539,0, 0)
captureUserWait ( 9 )
captureDispatchPointer( 44620733750000,44620910067000, 2, 367.659576, 1513.211792,0.20784314,0.06666667,0,0.0,0.0,65539,0, 0)
captureUserWait ( 9 )
captureDispatchPointer( 44620733750000,44620919337000, 2, 357.668823, 1513.211792,0.20784314,0.06666667,0,0.0,0.0,65539,0, 0)
captureUserWait ( 9 )
captureDispatchPointer( 44620733750000,44620928660000, 2, 346.679016, 1513.211792,0.20784314,0.06666667,0,0.0,0.0,65539,0, 0)
captureUserWait ( 9 )
captureDispatchPointer( 44620733750000,44620937858000, 2, 335.689178, 1513.211792,0.20784314,0.06666667,0,0.0,0.0,65539,0, 0)
captureUserWait ( 9 )
captureDispatchPointer( 44620733750000,44620947186000, 2, 323.700287, 1512.212402,0.20784314,0.06666667,0,0.0,0.0,65539,0, 0)
captureUserWait ( 9 )
captureDispatchPointer( 44620733750000,44620956582000, 2, 309.713226, 1511.212891,0.20784314,0.06666667,0,0.0,0.0,65539,0, 0)
captureUserWait ( 9 )
captureDispatchPointer( 44620733750000,44620965870000, 2, 295.726196, 1510.213379,0.20784314,0.06666667,0,0.0,0.0,65539,0, 0)
captureUserWait ( 9 )
captureDispatchPointer( 44620733750000,44620975221000, 2, 280.740051, 1508.214478,0.20784314,0.06666667,0,0.0,0.0,65539,0, 0)
captureUserWait ( 9 )
captureDispatchPointer( 44620733750000,44620984519000, 2, 267.752075, 1506.215454,0.20784314,0.06666667,0,0.0,0.0,65539,0, 0)
captureUserWait ( 9 )
captureDispatchPointer( 44620733750000,44620993787000, 2, 255.763184, 1504.216553,0.20784314,0.06666667,0,0.0,0.0,65539,0, 0)
captureUserWait ( 9 )
captureDispatchPointer( 44620733750000,44621003138000, 2, 242.775208, 1501.218018,0.20784314,0.06666667,0,0.0,0.0,65539,0, 0)
captureUserWait ( 9 )
captureDispatchPointer( 44620733750000,44621012414000, 2, 231.785385, 1499.219116,0.20784314,0.06666667,0,0.0,0.0,65539,0, 0)
captureUserWait ( 9 )
captureDispatchPointer( 44620733750000,44621021694000, 2, 219.796478, 1497.220215,0.20784314,0.06666667,0,0.0,0.0,65539,0, 0)
captureUserWait ( 9 )
captureDispatchPointer( 44620733750000,44621030985000, 2, 208.806656, 1496.220703,0.20784314,0.06666667,0,0.0,0.0,65539,0, 0)
captureUserWait ( 9 )
captureDispatchPointer( 44620733750000,44621040347000, 2, 197.816833, 1496.220703,0.20784314,0.06666667,0,0.0,0.0,65539,0, 0)
captureUserWait ( 9 )
captureDispatchPointer( 44620733750000,44621049624000, 2, 187.826080, 1496.220703,0.20784314,0.06666667,0,0.0,0.0,65539,0, 0)
captureUserWait ( 9 )
captureDispatchPointer( 44620733750000,44621058878000, 2, 177.835342, 1496.220703,0.20784314,0.06666667,0,0.0,0.0,65539,0, 0)
captureUserWait ( 9 )
captureDispatchPointer( 44620733750000,44621068299000, 2, 168.843658, 1496.220703,0.20784314,0.06666667,0,0.0,0.0,65539,0, 0)
captureUserWait ( 9 )
captureDispatchPointer( 44620733750000,44621077524000, 2, 160.851059, 1496.220703,0.20784314,0.06666667,0,0.0,0.0,65539,0, 0)
captureUserWait ( 9 )
captureDispatchPointer( 44620733750000,44621086792000, 2, 152.858459, 1496.220703,0.20784314,0.06666667,0,0.0,0.0,65539,0, 0)
captureUserWait ( 9 )
captureDispatchPointer( 44620733750000,44621096089000, 2, 144.865860, 1496.220703,0.20784314,0.06666667,0,0.0,0.0,65539,0, 0)
captureUserWait ( 9 )
captureDispatchPointer( 44620733750000,44621105443000, 2, 136.873260, 1496.220703,0.20784314,0.06666667,0,0.0,0.0,65539,0, 0)
captureUserWait ( 9 )
captureDispatchPointer( 44620733750000,44621114881000, 2, 129.879745, 1496.220703,0.20784314,0.06666667,0,0.0,0.0,65539,0, 0)
captureUserWait ( 9 )
captureDispatchPointer( 44620733750000,44621124115000, 2, 122.886215, 1496.220703,0.20784314,0.06666667,0,0.0,0.0,65539,0, 0)
captureUserWait ( 9 )
captureDispatchPointer( 44620733750000,44621133413000, 2, 114.893616, 1496.220703,0.20784314,0.06666667,0,0.0,0.0,65539,0, 0)
captureUserWait ( 9 )
captureDispatchPointer( 44620733750000,44621142742000, 2, 107.900093, 1496.220703,0.20784314,0.06666667,0,0.0,0.0,65539,0, 0)
captureUserWait ( 9 )
captureDispatchPointer( 44620733750000,44621152000000, 2, 100.906570, 1496.220703,0.20784314,0.06666667,0,0.0,0.0,65539,0, 0)
captureUserWait ( 9 )
captureDispatchPointer( 44620733750000,44621161228000, 2, 94.912117, 1496.220703,0.20784314,0.06666667,0,0.0,0.0,65539,0, 0)
captureUserWait ( 9 )
captureDispatchPointer( 44620733750000,44621170628000, 2, 89.916748, 1497.220215,0.20784314,0.06666667,0,0.0,0.0,65539,0, 0)
captureUserWait ( 9 )
captureDispatchPointer( 44620733750000,44621179851000, 2, 86.919518, 1497.220215,0.20784314,0.06666667,0,0.0,0.0,65539,0, 0)
captureUserWait ( 9 )
captureDispatchPointer( 44620733750000,44621189128000, 2, 83.922295, 1497.220215,0.20784314,0.06666667,0,0.0,0.0,65539,0, 0)
captureUserWait ( 9 )
captureDispatchPointer( 44620733750000,44621198426000, 2, 81.924149, 1497.220215,0.20784314,0.06666667,0,0.0,0.0,65539,0, 0)
captureUserWait ( 9 )
captureDispatchPointer( 44620733750000,44621207839000, 2, 79.925995, 1497.220215,0.20784314,0.06666667,0,0.0,0.0,65539,0, 0)
captureUserWait ( 9 )
captureDispatchPointer( 44620733750000,44621217053000, 2, 78.926918, 1497.220215,0.20784314,0.06666667,0,0.0,0.0,65539,0, 0)
captureUserWait ( 9 )
captureDispatchPointer( 44620733750000,44621226405000, 2, 77.927841, 1497.220215,0.20784314,0.06666667,0,0.0,0.0,65539,0, 0)
captureUserWait ( 9 )
captureDispatchPointer( 44620733750000,44621235658000, 2, 76.928772, 1497.220215,0.20784314,0.06666667,0,0.0,0.0,65539,0, 0)
captureUserWait ( 9 )
captureDispatchPointer( 44620733750000,44621244981000, 2, 75.929695, 1497.220215,0.20784314,0.06666667,0,0.0,0.0,65539,0, 0)
captureUserWait ( 9 )
captureDispatchPointer( 44620733750000,44621254255000, 2, 74.930618, 1497.220215,0.20784314,0.06666667,0,0.0,0.0,65539,0, 0)
captureUserWait ( 9 )
captureDispatchPointer( 44620733750000,44621263549000, 2, 73.931549, 1497.220215,0.20784314,0.06666667,0,0.0,0.0,65539,0, 0)
captureUserWait ( 9 )
captureDispatchPointer( 44620733750000,44621272969000, 2, 72.932472, 1497.220215,0.20784314,0.06666667,0,0.0,0.0,65539,0, 0)
captureUserWait ( 9 )
captureDispatchPointer( 44620733750000,44621282186000, 2, 71.933395, 1497.220215,0.20784314,0.06666667,0,0.0,0.0,65539,0, 0)
captureUserWait ( 18 )
captureDispatchPointer( 44620733750000,44621300794000, 2, 71.933395, 1498.219604,0.20784314,0.06666667,0,0.0,0.0,65539,0, 0)
captureUserWait ( 8 )
captureDispatchPointer( 44620733750000,44621309179000, 1, 71.933395, 1498.219604,0.20784314,0.06666667,0,0.0,0.0,65539,0, 0)
captureUserWait ( 2335 )
compareScreenshot(2014-11-13_04-39-37.jpg, 0, 0, 1080, 1920, 0, 1.0, 10)
captureDispatchPointer( 44623644611000,44623644611000, 0, 569.472717, 1291.327393,0.20784314,0.06666667,0,0.0,0.0,65539,0, 0)
captureUserWait ( 44 )
captureDispatchPointer( 44623644611000,44623689321000, 2, 569.472717, 1291.327393,0.20784314,0.06666667,0,0.0,0.0,65539,0, 0)
captureUserWait ( 18 )
captureDispatchPointer( 44623644611000,44623707929000, 2, 569.472717, 1291.327393,0.20784314,0.06666667,0,0.0,0.0,65539,0, 0)
captureUserWait ( 9 )
captureDispatchPointer( 44623644611000,44623717245000, 2, 569.472717, 1291.327393,0.20784314,0.06666667,0,0.0,0.0,65539,0, 0)
captureUserWait ( 8 )
captureDispatchPointer( 44623644611000,44623725513000, 1, 569.472717, 1291.327393,0.20784314,0.06666667,0,0.0,0.0,65539,0, 0)
captureUserWait ( 1243 )
compareScreenshot(2014-11-13_04-39-38.jpg, 0, 0, 1080, 1920, 0, 1.0, 10)
captureDispatchPointer( 44624969456000,44624969456000, 0, 459.574463, 1162.394531,0.20784314,0.06666667,0,0.0,0.0,65539,0, 0)
captureUserWait ( 26 )
captureDispatchPointer( 44624969456000,44624996211000, 2, 459.574463, 1162.394531,0.20784314,0.06666667,0,0.0,0.0,65539,0, 0)
captureUserWait ( 9 )
captureDispatchPointer( 44624969456000,44625005580000, 2, 458.575409, 1162.394531,0.20784314,0.06666667,0,0.0,0.0,65539,0, 0)
captureUserWait ( 9 )
captureDispatchPointer( 44624969456000,44625014789000, 2, 457.576324, 1162.394531,0.20784314,0.06666667,0,0.0,0.0,65539,0, 0)
captureUserWait ( 9 )
captureDispatchPointer( 44624969456000,44625024302000, 2, 456.577240, 1163.394043,0.20784314,0.06666667,0,0.0,0.0,65539,0, 0)
captureUserWait ( 9 )
captureDispatchPointer( 44624969456000,44625033489000, 2, 454.579102, 1164.393555,0.20784314,0.06666667,0,0.0,0.0,65539,0, 0)
captureUserWait ( 9 )
captureDispatchPointer( 44624969456000,44625042844000, 2, 451.581879, 1165.392944,0.20784314,0.06666667,0,0.0,0.0,65539,0, 0)
captureUserWait ( 9 )
captureDispatchPointer( 44624969456000,44625052172000, 2, 448.584656, 1166.392456,0.20784314,0.06666667,0,0.0,0.0,65539,0, 0)
captureUserWait ( 9 )
captureDispatchPointer( 44624969456000,44625061448000, 2, 444.588348, 1167.391968,0.20784314,0.06666667,0,0.0,0.0,65539,0, 0)
captureUserWait ( 9 )
captureDispatchPointer( 44624969456000,44625070733000, 2, 438.593903, 1167.391968,0.20784314,0.06666667,0,0.0,0.0,65539,0, 0)
captureUserWait ( 9 )
captureDispatchPointer( 44624969456000,44625080073000, 2, 429.602234, 1167.391968,0.20784314,0.06666667,0,0.0,0.0,65539,0, 0)
captureUserWait ( 9 )
captureDispatchPointer( 44624969456000,44625089350000, 2, 418.612396, 1166.392456,0.20784314,0.06666667,0,0.0,0.0,65539,0, 0)
captureUserWait ( 9 )
captureDispatchPointer( 44624969456000,44625098541000, 2, 406.623505, 1165.392944,0.20784314,0.06666667,0,0.0,0.0,65539,0, 0)
captureUserWait ( 9 )
captureDispatchPointer( 44624969456000,44625107908000, 2, 395.633667, 1164.393555,0.20784314,0.06666667,0,0.0,0.0,65539,0, 0)
captureUserWait ( 9 )
captureDispatchPointer( 44624969456000,44625117263000, 2, 382.645691, 1163.394043,0.20784314,0.06666667,0,0.0,0.0,65539,0, 0)
captureUserWait ( 9 )
captureDispatchPointer( 44624969456000,44625126551000, 2, 370.656799, 1162.394531,0.20784314,0.06666667,0,0.0,0.0,65539,0, 0)
captureUserWait ( 9 )
captureDispatchPointer( 44624969456000,44625135853000, 2, 359.666992, 1161.395020,0.20784314,0.06666667,0,0.0,0.0,65539,0, 0)
captureUserWait ( 9 )
captureDispatchPointer( 44624969456000,44625145159000, 2, 349.676239, 1160.395630,0.20784314,0.06666667,0,0.0,0.0,65539,0, 0)
captureUserWait ( 9 )
captureDispatchPointer( 44624969456000,44625154387000, 2, 340.684540, 1159.396118,0.20784314,0.06666667,0,0.0,0.0,65539,0, 0)
captureUserWait ( 9 )
captureDispatchPointer( 44624969456000,44625163652000, 2, 331.692871, 1158.396606,0.20784314,0.06666667,0,0.0,0.0,65539,0, 0)
captureUserWait ( 9 )
captureDispatchPointer( 44624969456000,44625173026000, 2, 322.701202, 1157.397217,0.20784314,0.06666667,0,0.0,0.0,65539,0, 0)
captureUserWait ( 9 )
captureDispatchPointer( 44624969456000,44625182405000, 2, 314.708618, 1156.397705,0.20784314,0.06666667,0,0.0,0.0,65539,0, 0)
captureUserWait ( 9 )
captureDispatchPointer( 44624969456000,44625191740000, 2, 304.717865, 1154.398682,0.20784314,0.06666667,0,0.0,0.0,65539,0, 0)
captureUserWait ( 9 )
captureDispatchPointer( 44624969456000,44625201048000, 2, 294.727112, 1152.399780,0.20784314,0.06666667,0,0.0,0.0,65539,0, 0)
captureUserWait ( 9 )
captureDispatchPointer( 44624969456000,44625210300000, 2, 283.737274, 1150.400757,0.20784314,0.06666667,0,0.0,0.0,65539,0, 0)
captureUserWait ( 9 )
captureDispatchPointer( 44624969456000,44625219673000, 2, 273.746521, 1148.401855,0.20784314,0.06666667,0,0.0,0.0,65539,0, 0)
captureUserWait ( 12 )
captureDispatchPointer( 44624969456000,44625232059000, 2, 263.755798, 1147.402344,0.20784314,0.06666667,0,0.0,0.0,65539,0, 0)
captureUserWait ( 6 )
captureDispatchPointer( 44624969456000,44625238118000, 2, 253.765030, 1146.402832,0.20784314,0.06666667,0,0.0,0.0,65539,0, 0)
captureUserWait ( 9 )
captureDispatchPointer( 44624969456000,44625247481000, 2, 243.774292, 1145.403442,0.20784314,0.06666667,0,0.0,0.0,65539,0, 0)
captureUserWait ( 9 )
captureDispatchPointer( 44624969456000,44625256838000, 2, 232.784454, 1145.403442,0.20784314,0.06666667,0,0.0,0.0,65539,0, 0)
captureUserWait ( 9 )
captureDispatchPointer( 44624969456000,44625266130000, 2, 220.795563, 1145.403442,0.20784314,0.06666667,0,0.0,0.0,65539,0, 0)
captureUserWait ( 9 )
captureDispatchPointer( 44624969456000,44625275430000, 2, 208.806656, 1146.402832,0.20784314,0.06666667,0,0.0,0.0,65539,0, 0)
captureUserWait ( 9 )
captureDispatchPointer( 44624969456000,44625284760000, 2, 197.816833, 1147.402344,0.20784314,0.06666667,0,0.0,0.0,65539,0, 0)
captureUserWait ( 9 )
captureDispatchPointer( 44624969456000,44625293975000, 2, 188.825165, 1148.401855,0.20784314,0.06666667,0,0.0,0.0,65539,0, 0)
captureUserWait ( 9 )
captureDispatchPointer( 44624969456000,44625303322000, 2, 179.833496, 1149.401367,0.20784314,0.06666667,0,0.0,0.0,65539,0, 0)
captureUserWait ( 9 )
captureDispatchPointer( 44624969456000,44625312621000, 2, 171.840881, 1150.400757,0.20784314,0.06666667,0,0.0,0.0,65539,0, 0)
captureUserWait ( 9 )
captureDispatchPointer( 44624969456000,44625322017000, 2, 164.847366, 1151.400269,0.20784314,0.06666667,0,0.0,0.0,65539,0, 0)
captureUserWait ( 9 )
captureDispatchPointer( 44624969456000,44625331253000, 2, 156.854767, 1153.399292,0.20784314,0.06666667,0,0.0,0.0,65539,0, 0)
captureUserWait ( 9 )
captureDispatchPointer( 44624969456000,44625340542000, 2, 148.862167, 1154.398682,0.20784314,0.06666667,0,0.0,0.0,65539,0, 0)
captureUserWait ( 9 )
captureDispatchPointer( 44624969456000,44625349894000, 2, 141.868637, 1155.398193,0.20784314,0.06666667,0,0.0,0.0,65539,0, 0)
captureUserWait ( 9 )
captureDispatchPointer( 44624969456000,44625359210000, 2, 134.875122, 1156.397705,0.20784314,0.06666667,0,0.0,0.0,65539,0, 0)
captureUserWait ( 9 )
captureDispatchPointer( 44624969456000,44625368470000, 2, 128.880661, 1157.397217,0.20784314,0.06666667,0,0.0,0.0,65539,0, 0)
captureUserWait ( 9 )
captureDispatchPointer( 44624969456000,44625377743000, 2, 123.885292, 1158.396606,0.20784314,0.06666667,0,0.0,0.0,65539,0, 0)
captureUserWait ( 9 )
captureDispatchPointer( 44624969456000,44625387095000, 2, 118.889915, 1158.396606,0.20784314,0.06666667,0,0.0,0.0,65539,0, 0)
captureUserWait ( 9 )
captureDispatchPointer( 44624969456000,44625396383000, 2, 115.892693, 1158.396606,0.20784314,0.06666667,0,0.0,0.0,65539,0, 0)
captureUserWait ( 9 )
captureDispatchPointer( 44624969456000,44625405710000, 2, 112.895470, 1158.396606,0.20784314,0.06666667,0,0.0,0.0,65539,0, 0)
captureUserWait ( 9 )
captureDispatchPointer( 44624969456000,44625414980000, 2, 109.898239, 1158.396606,0.20784314,0.06666667,0,0.0,0.0,65539,0, 0)
captureUserWait ( 9 )
captureDispatchPointer( 44624969456000,44625424426000, 2, 107.900093, 1158.396606,0.20784314,0.06666667,0,0.0,0.0,65539,0, 0)
captureUserWait ( 9 )
captureDispatchPointer( 44624969456000,44625433586000, 2, 105.901947, 1158.396606,0.20784314,0.06666667,0,0.0,0.0,65539,0, 0)
captureUserWait ( 9 )
captureDispatchPointer( 44624969456000,44625442929000, 2, 104.902870, 1158.396606,0.20784314,0.06666667,0,0.0,0.0,65539,0, 0)
captureUserWait ( 9 )
captureDispatchPointer( 44624969456000,44625452212000, 2, 103.903793, 1158.396606,0.20784314,0.06666667,0,0.0,0.0,65539,0, 0)
captureUserWait ( 9 )
captureDispatchPointer( 44624969456000,44625461616000, 2, 102.904716, 1158.396606,0.20784314,0.06666667,0,0.0,0.0,65539,0, 0)
captureUserWait ( 9 )
captureDispatchPointer( 44624969456000,44625470924000, 2, 101.905640, 1158.396606,0.20784314,0.06666667,0,0.0,0.0,65539,0, 0)
captureUserWait ( 9 )
captureDispatchPointer( 44624969456000,44625480168000, 2, 100.906570, 1158.396606,0.20784314,0.06666667,0,0.0,0.0,65539,0, 0)
captureUserWait ( 9 )
captureDispatchPointer( 44624969456000,44625489520000, 2, 99.907494, 1158.396606,0.20784314,0.06666667,0,0.0,0.0,65539,0, 0)
captureUserWait ( 9 )
captureDispatchPointer( 44624969456000,44625498793000, 2, 98.908417, 1158.396606,0.20784314,0.06666667,0,0.0,0.0,65539,0, 0)
captureUserWait ( 9 )
captureDispatchPointer( 44624969456000,44625508096000, 2, 97.909348, 1158.396606,0.20784314,0.06666667,0,0.0,0.0,65539,0, 0)
captureUserWait ( 9 )
captureDispatchPointer( 44624969456000,44625517481000, 2, 96.910271, 1158.396606,0.20784314,0.06666667,0,0.0,0.0,65539,0, 0)
captureUserWait ( 9 )
captureDispatchPointer( 44624969456000,44625526730000, 2, 96.910271, 1158.396606,0.20784314,0.06666667,0,0.0,0.0,65539,0, 0)
captureUserWait ( 9 )
captureDispatchPointer( 44624969456000,44625536016000, 2, 96.910271, 1158.396606,0.20784314,0.06666667,0,0.0,0.0,65539,0, 0)
captureUserWait ( 9 )
captureDispatchPointer( 44624969456000,44625545304000, 2, 96.910271, 1158.396606,0.20784314,0.06666667,0,0.0,0.0,65539,0, 0)
captureUserWait ( 8 )
captureDispatchPointer( 44624969456000,44625553660000, 1, 96.910271, 1158.396606,0.20784314,0.06666667,0,0.0,0.0,65539,0, 0)
captureUserWait ( 8362 )
compareScreenshot(2014-11-13_04-39-47.jpg, 0, 0, 1080, 1920, 0, 1.0, 10)
captureDispatchPointer( 44633916013000,44633916013000, 0, 613.432007, 1302.321655,0.20784314,0.06666667,0,0.0,0.0,65539,0, 0)
captureUserWait ( 55 )
captureDispatchPointer( 44633916013000,44633971275000, 2, 613.432007, 1302.321655,0.20784314,0.06666667,0,0.0,0.0,65539,0, 0)
captureUserWait ( 9 )
captureDispatchPointer( 44633916013000,44633980776000, 2, 614.431091, 1302.321655,0.20784314,0.06666667,0,0.0,0.0,65539,0, 0)
captureUserWait ( 8 )
captureDispatchPointer( 44633916013000,44633988834000, 1, 614.431091, 1302.321655,0.20784314,0.06666667,0,0.0,0.0,65539,0, 0)
captureUserWait ( 1282 )
compareScreenshot(2014-11-13_04-39-48.jpg, 0, 0, 1080, 1920, 0, 1.0, 10)
captureDispatchPointer( 44635270851000,44635270851000, 0, 625.420898, 1262.342529,0.20784314,0.06666667,0,0.0,0.0,65539,0, 0)
captureUserWait ( 7 )
captureDispatchPointer( 44635270851000,44635278676000, 2, 625.420898, 1262.342529,0.20784314,0.06666667,0,0.0,0.0,65539,0, 0)
captureUserWait ( 64 )
captureDispatchPointer( 44635270851000,44635342878000, 1, 625.420898, 1262.342529,0.20784314,0.06666667,0,0.0,0.0,65539,0, 0)
captureUserWait ( 7488 )
compareScreenshot(2014-11-13_04-39-56.jpg, 0, 0, 1080, 1920, 0, 1.0, 10)
captureDispatchPointer( 44642831327000,44642831327000, 0, 552.488464, 1406.267578,0.20784314,0.06666667,0,0.0,0.0,65539,0, 0)
captureUserWait ( 37 )
captureDispatchPointer( 44642831327000,44642868453000, 2, 552.488464, 1406.267578,0.20784314,0.06666667,0,0.0,0.0,65539,0, 0)
captureUserWait ( 9 )
captureDispatchPointer( 44642831327000,44642877717000, 2, 552.488464, 1407.266968,0.20784314,0.06666667,0,0.0,0.0,65539,0, 0)
captureUserWait ( 8 )
captureDispatchPointer( 44642831327000,44642886104000, 1, 552.488464, 1407.266968,0.20784314,0.06666667,0,0.0,0.0,65539,0, 0)
captureUserWait ( 1346 )
compareScreenshot(2014-11-13_04-39-57.jpg, 0, 0, 1080, 1920, 0, 1.0, 10)
captureDispatchPointer( 44644232699000,44644232699000, 0, 647.400574, 1138.407104,0.20784314,0.06666667,0,0.0,0.0,65539,0, 0)
captureUserWait ( 8 )
captureDispatchPointer( 44644232699000,44644240792000, 2, 647.400574, 1138.407104,0.20784314,0.06666667,0,0.0,0.0,65539,0, 0)
captureUserWait ( 9 )
captureDispatchPointer( 44644232699000,44644250069000, 2, 647.400574, 1138.407104,0.20784314,0.06666667,0,0.0,0.0,65539,0, 0)
captureUserWait ( 46 )
captureDispatchPointer( 44644232699000,44644296602000, 2, 647.400574, 1138.407104,0.20784314,0.06666667,0,0.0,0.0,65539,0, 0)
captureUserWait ( 9 )
captureDispatchPointer( 44644232699000,44644305868000, 2, 646.401489, 1139.406494,0.20784314,0.06666667,0,0.0,0.0,65539,0, 0)
captureUserWait ( 9 )
captureDispatchPointer( 44644232699000,44644315311000, 2, 645.402405, 1141.405518,0.20784314,0.06666667,0,0.0,0.0,65539,0, 0)
captureUserWait ( 9 )
captureDispatchPointer( 44644232699000,44644324496000, 2, 644.403320, 1144.403931,0.20784314,0.06666667,0,0.0,0.0,65539,0, 0)
captureUserWait ( 9 )
captureDispatchPointer( 44644232699000,44644333852000, 2, 644.403320, 1149.401367,0.20784314,0.06666667,0,0.0,0.0,65539,0, 0)
captureUserWait ( 9 )
captureDispatchPointer( 44644232699000,44644343169000, 2, 644.403320, 1155.398193,0.20784314,0.06666667,0,0.0,0.0,65539,0, 0)
captureUserWait ( 9 )
captureDispatchPointer( 44644232699000,44644352456000, 2, 644.403320, 1163.394043,0.20784314,0.06666667,0,0.0,0.0,65539,0, 0)
captureUserWait ( 9 )
captureDispatchPointer( 44644232699000,44644361775000, 2, 644.403320, 1171.389893,0.20784314,0.06666667,0,0.0,0.0,65539,0, 0)
captureUserWait ( 9 )
captureDispatchPointer( 44644232699000,44644371042000, 2, 644.403320, 1180.385132,0.20784314,0.06666667,0,0.0,0.0,65539,0, 0)
captureUserWait ( 9 )
captureDispatchPointer( 44644232699000,44644380371000, 2, 644.403320, 1189.380493,0.20784314,0.06666667,0,0.0,0.0,65539,0, 0)
captureUserWait ( 9 )
captureDispatchPointer( 44644232699000,44644389722000, 2, 643.404236, 1199.375244,0.20784314,0.06666667,0,0.0,0.0,65539,0, 0)
captureUserWait ( 9 )
captureDispatchPointer( 44644232699000,44644398905000, 2, 642.405212, 1210.369629,0.20784314,0.06666667,0,0.0,0.0,65539,0, 0)
captureUserWait ( 9 )
captureDispatchPointer( 44644232699000,44644408306000, 2, 641.406128, 1225.361816,0.20784314,0.06666667,0,0.0,0.0,65539,0, 0)
captureUserWait ( 9 )
captureDispatchPointer( 44644232699000,44644417595000, 2, 640.407043, 1242.352905,0.20784314,0.06666667,0,0.0,0.0,65539,0, 0)
captureUserWait ( 9 )
captureDispatchPointer( 44644232699000,44644426933000, 2, 639.407959, 1258.344604,0.20784314,0.06666667,0,0.0,0.0,65539,0, 0)
captureUserWait ( 9 )
captureDispatchPointer( 44644232699000,44644436202000, 2, 638.408875, 1273.336792,0.20784314,0.06666667,0,0.0,0.0,65539,0, 0)
captureUserWait ( 9 )
captureDispatchPointer( 44644232699000,44644445513000, 2, 638.408875, 1287.329468,0.20784314,0.06666667,0,0.0,0.0,65539,0, 0)
captureUserWait ( 9 )
captureDispatchPointer( 44644232699000,44644454788000, 2, 639.407959, 1302.321655,0.20784314,0.06666667,0,0.0,0.0,65539,0, 0)
captureUserWait ( 9 )
captureDispatchPointer( 44644232699000,44644464108000, 2, 640.407043, 1317.313843,0.20784314,0.06666667,0,0.0,0.0,65539,0, 0)
captureUserWait ( 9 )
captureDispatchPointer( 44644232699000,44644473411000, 2, 642.405212, 1331.306519,0.20784314,0.06666667,0,0.0,0.0,65539,0, 0)
captureUserWait ( 9 )
captureDispatchPointer( 44644232699000,44644482715000, 2, 643.404236, 1344.299805,0.20784314,0.06666667,0,0.0,0.0,65539,0, 0)
captureUserWait ( 9 )
captureDispatchPointer( 44644232699000,44644492027000, 2, 642.405212, 1359.291992,0.20784314,0.06666667,0,0.0,0.0,65539,0, 0)
captureUserWait ( 9 )
captureDispatchPointer( 44644232699000,44644501295000, 2, 642.405212, 1378.282104,0.20784314,0.06666667,0,0.0,0.0,65539,0, 0)
captureUserWait ( 9 )
captureDispatchPointer( 44644232699000,44644510587000, 2, 640.407043, 1398.271729,0.20784314,0.06666667,0,0.0,0.0,65539,0, 0)
captureUserWait ( 9 )
captureDispatchPointer( 44644232699000,44644519911000, 2, 638.408875, 1414.263428,0.20784314,0.06666667,0,0.0,0.0,65539,0, 0)
captureUserWait ( 9 )
captureDispatchPointer( 44644232699000,44644529125000, 2, 635.411682, 1429.255615,0.20784314,0.06666667,0,0.0,0.0,65539,0, 0)
captureUserWait ( 9 )
captureDispatchPointer( 44644232699000,44644538410000, 2, 633.413513, 1441.249268,0.20784314,0.06666667,0,0.0,0.0,65539,0, 0)
captureUserWait ( 9 )
captureDispatchPointer( 44644232699000,44644547728000, 2, 631.415344, 1451.244141,0.20784314,0.06666667,0,0.0,0.0,65539,0, 0)
captureUserWait ( 9 )
captureDispatchPointer( 44644232699000,44644557100000, 2, 630.416260, 1460.239380,0.20784314,0.06666667,0,0.0,0.0,65539,0, 0)
captureUserWait ( 9 )
captureDispatchPointer( 44644232699000,44644566391000, 2, 629.417236, 1469.234741,0.20784314,0.06666667,0,0.0,0.0,65539,0, 0)
captureUserWait ( 9 )
captureDispatchPointer( 44644232699000,44644575702000, 2, 628.418152, 1479.229492,0.20784314,0.06666667,0,0.0,0.0,65539,0, 0)
captureUserWait ( 9 )
captureDispatchPointer( 44644232699000,44644584997000, 2, 628.418152, 1487.225342,0.20784314,0.06666667,0,0.0,0.0,65539,0, 0)
captureUserWait ( 9 )
captureDispatchPointer( 44644232699000,44644594330000, 2, 628.418152, 1495.221191,0.20784314,0.06666667,0,0.0,0.0,65539,0, 0)
captureUserWait ( 9 )
captureDispatchPointer( 44644232699000,44644603596000, 2, 628.418152, 1501.218018,0.20784314,0.06666667,0,0.0,0.0,65539,0, 0)
captureUserWait ( 9 )
captureDispatchPointer( 44644232699000,44644612894000, 2, 629.417236, 1507.214966,0.20784314,0.06666667,0,0.0,0.0,65539,0, 0)
captureUserWait ( 9 )
captureDispatchPointer( 44644232699000,44644622229000, 2, 630.416260, 1513.211792,0.20784314,0.06666667,0,0.0,0.0,65539,0, 0)
captureUserWait ( 9 )
captureDispatchPointer( 44644232699000,44644631533000, 2, 630.416260, 1518.209229,0.20784314,0.06666667,0,0.0,0.0,65539,0, 0)
captureUserWait ( 9 )
captureDispatchPointer( 44644232699000,44644640805000, 2, 631.415344, 1522.207153,0.20784314,0.06666667,0,0.0,0.0,65539,0, 0)
captureUserWait ( 9 )
captureDispatchPointer( 44644232699000,44644650107000, 2, 631.415344, 1525.205566,0.20784314,0.06666667,0,0.0,0.0,65539,0, 0)
captureUserWait ( 9 )
captureDispatchPointer( 44644232699000,44644659438000, 2, 631.415344, 1528.203979,0.20784314,0.06666667,0,0.0,0.0,65539,0, 0)
captureUserWait ( 9 )
captureDispatchPointer( 44644232699000,44644668716000, 2, 631.415344, 1530.203003,0.20784314,0.06666667,0,0.0,0.0,65539,0, 0)
captureUserWait ( 9 )
captureDispatchPointer( 44644232699000,44644678010000, 2, 631.415344, 1532.201904,0.20784314,0.06666667,0,0.0,0.0,65539,0, 0)
captureUserWait ( 9 )
captureDispatchPointer( 44644232699000,44644687352000, 2, 631.415344, 1533.201416,0.20784314,0.06666667,0,0.0,0.0,65539,0, 0)
captureUserWait ( 9 )
captureDispatchPointer( 44644232699000,44644696676000, 2, 632.414429, 1534.200928,0.20784314,0.06666667,0,0.0,0.0,65539,0, 0)
captureUserWait ( 9 )
captureDispatchPointer( 44644232699000,44644706040000, 2, 633.413513, 1535.200439,0.20784314,0.06666667,0,0.0,0.0,65539,0, 0)
captureUserWait ( 9 )
captureDispatchPointer( 44644232699000,44644715329000, 2, 635.411682, 1536.199829,0.20784314,0.06666667,0,0.0,0.0,65539,0, 0)
captureUserWait ( 9 )
captureDispatchPointer( 44644232699000,44644724774000, 2, 637.409790, 1537.199341,0.20784314,0.06666667,0,0.0,0.0,65539,0, 0)
captureUserWait ( 9 )
captureDispatchPointer( 44644232699000,44644733982000, 2, 640.407043, 1538.198853,0.20784314,0.06666667,0,0.0,0.0,65539,0, 0)
captureUserWait ( 9 )
captureDispatchPointer( 44644232699000,44644743282000, 2, 644.403320, 1539.198242,0.20784314,0.06666667,0,0.0,0.0,65539,0, 0)
captureUserWait ( 9 )
captureDispatchPointer( 44644232699000,44644752554000, 2, 649.398682, 1540.197754,0.20784314,0.06666667,0,0.0,0.0,65539,0, 0)
captureUserWait ( 9 )
captureDispatchPointer( 44644232699000,44644761874000, 2, 655.393188, 1540.197754,0.20784314,0.06666667,0,0.0,0.0,65539,0, 0)
captureUserWait ( 9 )
captureDispatchPointer( 44644232699000,44644771155000, 2, 662.386658, 1540.197754,0.20784314,0.06666667,0,0.0,0.0,65539,0, 0)
captureUserWait ( 9 )
captureDispatchPointer( 44644232699000,44644780381000, 2, 669.380188, 1540.197754,0.20784314,0.06666667,0,0.0,0.0,65539,0, 0)
captureUserWait ( 9 )
captureDispatchPointer( 44644232699000,44644789728000, 2, 676.373718, 1539.198242,0.20784314,0.06666667,0,0.0,0.0,65539,0, 0)
captureUserWait ( 9 )
captureDispatchPointer( 44644232699000,44644799062000, 2, 683.367249, 1538.198853,0.20784314,0.06666667,0,0.0,0.0,65539,0, 0)
captureUserWait ( 9 )
captureDispatchPointer( 44644232699000,44644808383000, 2, 692.358948, 1537.199341,0.20784314,0.06666667,0,0.0,0.0,65539,0, 0)
captureUserWait ( 9 )
captureDispatchPointer( 44644232699000,44644817721000, 2, 701.350586, 1536.199829,0.20784314,0.06666667,0,0.0,0.0,65539,0, 0)
captureUserWait ( 9 )
captureDispatchPointer( 44644232699000,44644827062000, 2, 710.342285, 1535.200439,0.20784314,0.06666667,0,0.0,0.0,65539,0, 0)
captureUserWait ( 9 )
captureDispatchPointer( 44644232699000,44644836303000, 2, 720.333008, 1535.200439,0.20784314,0.06666667,0,0.0,0.0,65539,0, 0)
captureUserWait ( 9 )
captureDispatchPointer( 44644232699000,44644845569000, 2, 730.323792, 1535.200439,0.20784314,0.06666667,0,0.0,0.0,65539,0, 0)
captureUserWait ( 9 )
captureDispatchPointer( 44644232699000,44644854842000, 2, 739.315430, 1535.200439,0.20784314,0.06666667,0,0.0,0.0,65539,0, 0)
captureUserWait ( 9 )
captureDispatchPointer( 44644232699000,44644864172000, 2, 749.306213, 1535.200439,0.20784314,0.06666667,0,0.0,0.0,65539,0, 0)
captureUserWait ( 9 )
captureDispatchPointer( 44644232699000,44644873490000, 2, 759.296936, 1535.200439,0.20784314,0.06666667,0,0.0,0.0,65539,0, 0)
captureUserWait ( 9 )
captureDispatchPointer( 44644232699000,44644882816000, 2, 772.284912, 1535.200439,0.20784314,0.06666667,0,0.0,0.0,65539,0, 0)
captureUserWait ( 9 )
captureDispatchPointer( 44644232699000,44644892312000, 2, 783.274780, 1536.199829,0.20784314,0.06666667,0,0.0,0.0,65539,0, 0)
captureUserWait ( 9 )
captureDispatchPointer( 44644232699000,44644901472000, 2, 796.262695, 1536.199829,0.20784314,0.06666667,0,0.0,0.0,65539,0, 0)
captureUserWait ( 9 )
captureDispatchPointer( 44644232699000,44644910675000, 2, 808.251648, 1537.199341,0.20784314,0.06666667,0,0.0,0.0,65539,0, 0)
captureUserWait ( 9 )
captureDispatchPointer( 44644232699000,44644920073000, 2, 819.241455, 1538.198853,0.20784314,0.06666667,0,0.0,0.0,65539,0, 0)
captureUserWait ( 9 )
captureDispatchPointer( 44644232699000,44644929375000, 2, 831.230347, 1539.198242,0.20784314,0.06666667,0,0.0,0.0,65539,0, 0)
captureUserWait ( 9 )
captureDispatchPointer( 44644232699000,44644938648000, 2, 843.219238, 1540.197754,0.20784314,0.06666667,0,0.0,0.0,65539,0, 0)
captureUserWait ( 9 )
captureDispatchPointer( 44644232699000,44644947956000, 2, 856.207214, 1541.197266,0.20784314,0.06666667,0,0.0,0.0,65539,0, 0)
captureUserWait ( 9 )
captureDispatchPointer( 44644232699000,44644957292000, 2, 868.196106, 1541.197266,0.20784314,0.06666667,0,0.0,0.0,65539,0, 0)
captureUserWait ( 9 )
captureDispatchPointer( 44644232699000,44644966559000, 2, 880.184998, 1541.197266,0.20784314,0.06666667,0,0.0,0.0,65539,0, 0)
captureUserWait ( 9 )
captureDispatchPointer( 44644232699000,44644975817000, 2, 891.174866, 1542.196777,0.20784314,0.06666667,0,0.0,0.0,65539,0, 0)
captureUserWait ( 9 )
captureDispatchPointer( 44644232699000,44644985081000, 2, 901.165588, 1543.196167,0.20784314,0.06666667,0,0.0,0.0,65539,0, 0)
captureUserWait ( 9 )
captureDispatchPointer( 44644232699000,44644994404000, 2, 911.156372, 1544.195679,0.20784314,0.06666667,0,0.0,0.0,65539,0, 0)
captureUserWait ( 9 )
captureDispatchPointer( 44644232699000,44645003784000, 2, 921.147095, 1545.195190,0.20784314,0.06666667,0,0.0,0.0,65539,0, 0)
captureUserWait ( 9 )
captureDispatchPointer( 44644232699000,44645013043000, 2, 930.138794, 1545.195190,0.20784314,0.06666667,0,0.0,0.0,65539,0, 0)
captureUserWait ( 9 )
captureDispatchPointer( 44644232699000,44645022385000, 2, 939.130432, 1546.194702,0.20784314,0.06666667,0,0.0,0.0,65539,0, 0)
captureUserWait ( 9 )
captureDispatchPointer( 44644232699000,44645031705000, 2, 948.122131, 1546.194702,0.20784314,0.06666667,0,0.0,0.0,65539,0, 0)
captureUserWait ( 9 )
captureDispatchPointer( 44644232699000,44645040998000, 2, 957.113770, 1547.194092,0.20784314,0.06666667,0,0.0,0.0,65539,0, 0)
captureUserWait ( 9 )
captureDispatchPointer( 44644232699000,44645050330000, 2, 964.107300, 1547.194092,0.20784314,0.06666667,0,0.0,0.0,65539,0, 0)
captureUserWait ( 9 )
captureDispatchPointer( 44644232699000,44645059606000, 2, 970.101746, 1547.194092,0.20784314,0.06666667,0,0.0,0.0,65539,0, 0)
captureUserWait ( 9 )
captureDispatchPointer( 44644232699000,44645068805000, 2, 975.097168, 1547.194092,0.20784314,0.06666667,0,0.0,0.0,65539,0, 0)
captureUserWait ( 9 )
captureDispatchPointer( 44644232699000,44645078103000, 2, 980.092529, 1547.194092,0.20784314,0.06666667,0,0.0,0.0,65539,0, 0)
captureUserWait ( 9 )
captureDispatchPointer( 44644232699000,44645087409000, 2, 984.088806, 1547.194092,0.20784314,0.06666667,0,0.0,0.0,65539,0, 0)
captureUserWait ( 9 )
captureDispatchPointer( 44644232699000,44645096690000, 2, 988.085083, 1547.194092,0.20784314,0.06666667,0,0.0,0.0,65539,0, 0)
captureUserWait ( 9 )
captureDispatchPointer( 44644232699000,44645106095000, 2, 991.082336, 1547.194092,0.20784314,0.06666667,0,0.0,0.0,65539,0, 0)
captureUserWait ( 9 )
captureDispatchPointer( 44644232699000,44645115280000, 2, 994.079590, 1547.194092,0.20784314,0.06666667,0,0.0,0.0,65539,0, 0)
captureUserWait ( 9 )
captureDispatchPointer( 44644232699000,44645124631000, 2, 996.077698, 1547.194092,0.20784314,0.06666667,0,0.0,0.0,65539,0, 0)
captureUserWait ( 9 )
captureDispatchPointer( 44644232699000,44645133927000, 2, 998.075867, 1547.194092,0.20784314,0.06666667,0,0.0,0.0,65539,0, 0)
captureUserWait ( 9 )
captureDispatchPointer( 44644232699000,44645143224000, 2, 1000.074036, 1547.194092,0.20784314,0.06666667,0,0.0,0.0,65539,0, 0)
captureUserWait ( 9 )
captureDispatchPointer( 44644232699000,44645152702000, 2, 1001.073059, 1547.194092,0.20784314,0.06666667,0,0.0,0.0,65539,0, 0)
captureUserWait ( 9 )
captureDispatchPointer( 44644232699000,44645161831000, 2, 1002.072144, 1547.194092,0.20784314,0.06666667,0,0.0,0.0,65539,0, 0)
captureUserWait ( 9 )
captureDispatchPointer( 44644232699000,44645171161000, 2, 1003.071228, 1547.194092,0.20784314,0.06666667,0,0.0,0.0,65539,0, 0)
captureUserWait ( 9 )
captureDispatchPointer( 44644232699000,44645180486000, 2, 1004.070312, 1547.194092,0.20784314,0.06666667,0,0.0,0.0,65539,0, 0)
captureUserWait ( 9 )
captureDispatchPointer( 44644232699000,44645189747000, 2, 1005.069397, 1547.194092,0.20784314,0.06666667,0,0.0,0.0,65539,0, 0)
captureUserWait ( 9 )
captureDispatchPointer( 44644232699000,44645199046000, 2, 1006.068481, 1547.194092,0.20784314,0.06666667,0,0.0,0.0,65539,0, 0)
captureUserWait ( 9 )
captureDispatchPointer( 44644232699000,44645208342000, 2, 1007.067505, 1547.194092,0.20784314,0.06666667,0,0.0,0.0,65539,0, 0)
captureUserWait ( 9 )
captureDispatchPointer( 44644232699000,44645217646000, 2, 1008.066589, 1547.194092,0.20784314,0.06666667,0,0.0,0.0,65539,0, 0)
captureUserWait ( 9 )
captureDispatchPointer( 44644232699000,44645226978000, 2, 1009.065674, 1547.194092,0.20784314,0.06666667,0,0.0,0.0,65539,0, 0)
captureUserWait ( 9 )
captureDispatchPointer( 44644232699000,44645236255000, 2, 1010.064758, 1547.194092,0.20784314,0.06666667,0,0.0,0.0,65539,0, 0)
captureUserWait ( 9 )
captureDispatchPointer( 44644232699000,44645245577000, 2, 1011.063843, 1547.194092,0.20784314,0.06666667,0,0.0,0.0,65539,0, 0)
captureUserWait ( 9 )
captureDispatchPointer( 44644232699000,44645254911000, 2, 1012.062927, 1548.193604,0.20784314,0.06666667,0,0.0,0.0,65539,0, 0)
captureUserWait ( 8 )
captureDispatchPointer( 44644232699000,44645263142000, 1, 1012.062927, 1548.193604,0.20784314,0.06666667,0,0.0,0.0,65539,0, 0)
captureUserWait ( 7172 )
compareScreenshot(2014-11-13_04-40-05.jpg, 0, 0, 1080, 1920, 0, 1.0, 10)
captureDispatchPointer( 44652435831000,44652435831000, 0, 653.395020, 1112.420532,0.20784314,0.06666667,0,0.0,0.0,65539,0, 0)
captureUserWait ( 72 )
captureDispatchPointer( 44652435831000,44652508497000, 1, 653.395020, 1112.420532,0.20784314,0.06666667,0,0.0,0.0,65539,0, 0)
captureUserWait ( 2339 )
compareScreenshot(2014-11-13_04-40-08.jpg, 0, 0, 1080, 1920, 0, 1.0, 10)
captureDispatchKey( 0, 0, 0, 3, 0,0,0,0)
captureUserWait ( 111 )
captureDispatchKey( 0, 0, 1, 3, 0,0,0,0)
captureUserWait ( 5279 )
compareScreenshot(2014-11-13_04-40-13.jpg, 0, 0, 1080, 1920, 0, 1.0, 10)
captureDispatchKey( 0, 0, 0, 3, 0,0,0,0)
captureUserWait ( 92 )
captureDispatchKey( 0, 0, 1, 3, 0,0,0,0)
captureUserWait ( 93 )
captureDispatchKey( 0, 0, 0, 3, 0,0,0,0)
captureUserWait ( 74 )
captureDispatchKey( 0, 0, 1, 3, 0,0,0,0)
captureUserWait ( 1421 )
compareScreenshot(2014-11-13_04-40-15.jpg, 0, 0, 1080, 1920, 0, 1.0, 10)
captureDispatchPointer( 44661919947000,44661919947000, 0, 626.419983, 1698.115479,0.20784314,0.06666667,0,0.0,0.0,65539,0, 0)
captureUserWait ( 27 )
captureDispatchPointer( 44661919947000,44661947187000, 2, 626.419983, 1698.115479,0.20784314,0.06666667,0,0.0,0.0,65539,0, 0)
captureUserWait ( 18 )
captureDispatchPointer( 44661919947000,44661965778000, 2, 627.419067, 1698.115479,0.20784314,0.06666667,0,0.0,0.0,65539,0, 0)
captureUserWait ( 9 )
captureDispatchPointer( 44661919947000,44661975118000, 2, 628.418152, 1698.115479,0.20784314,0.06666667,0,0.0,0.0,65539,0, 0)
captureUserWait ( 9 )
captureDispatchPointer( 44661919947000,44661984506000, 2, 631.415344, 1699.114990,0.20784314,0.06666667,0,0.0,0.0,65539,0, 0)
captureUserWait ( 9 )
captureDispatchPointer( 44661919947000,44661993815000, 2, 636.410706, 1700.114502,0.20784314,0.06666667,0,0.0,0.0,65539,0, 0)
captureUserWait ( 9 )
captureDispatchPointer( 44661919947000,44662003125000, 2, 643.404236, 1701.114014,0.20784314,0.06666667,0,0.0,0.0,65539,0, 0)
captureUserWait ( 9 )
captureDispatchPointer( 44661919947000,44662012516000, 2, 652.395935, 1703.112915,0.20784314,0.06666667,0,0.0,0.0,65539,0, 0)
captureUserWait ( 9 )
captureDispatchPointer( 44661919947000,44662021661000, 2, 663.385742, 1704.112427,0.20784314,0.06666667,0,0.0,0.0,65539,0, 0)
captureUserWait ( 9 )
captureDispatchPointer( 44661919947000,44662030957000, 2, 676.373718, 1705.111938,0.20784314,0.06666667,0,0.0,0.0,65539,0, 0)
captureUserWait ( 9 )
captureDispatchPointer( 44661919947000,44662040353000, 2, 692.358948, 1706.111328,0.20784314,0.06666667,0,0.0,0.0,65539,0, 0)
captureUserWait ( 9 )
captureDispatchPointer( 44661919947000,44662049728000, 2, 709.343201, 1705.111938,0.20784314,0.06666667,0,0.0,0.0,65539,0, 0)
captureUserWait ( 9 )
captureDispatchPointer( 44661919947000,44662059044000, 2, 727.326538, 1704.112427,0.20784314,0.06666667,0,0.0,0.0,65539,0, 0)
captureUserWait ( 9 )
captureDispatchPointer( 44661919947000,44662068208000, 2, 745.309875, 1703.112915,0.20784314,0.06666667,0,0.0,0.0,65539,0, 0)
captureUserWait ( 9 )
captureDispatchPointer( 44661919947000,44662077593000, 2, 764.292297, 1703.112915,0.20784314,0.06666667,0,0.0,0.0,65539,0, 0)
captureUserWait ( 9 )
captureDispatchPointer( 44661919947000,44662086873000, 2, 785.272888, 1703.112915,0.20784314,0.06666667,0,0.0,0.0,65539,0, 0)
captureUserWait ( 9 )
captureDispatchPointer( 44661919947000,44662096124000, 2, 807.252563, 1704.112427,0.20784314,0.06666667,0,0.0,0.0,65539,0, 0)
captureUserWait ( 9 )
captureDispatchPointer( 44661919947000,44662105499000, 2, 836.225708, 1707.110840,0.20784314,0.06666667,0,0.0,0.0,65539,0, 0)
captureUserWait ( 9 )
captureDispatchPointer( 44661919947000,44662114785000, 2, 869.195190, 1709.109741,0.20784314,0.06666667,0,0.0,0.0,65539,0, 0)
captureUserWait ( 9 )
captureDispatchPointer( 44661919947000,44662123983000, 2, 896.170227, 1711.108765,0.20784314,0.06666667,0,0.0,0.0,65539,0, 0)
captureUserWait ( 9 )
captureDispatchPointer( 44661919947000,44662133363000, 2, 927.141541, 1715.106689,0.20784314,0.06666667,0,0.0,0.0,65539,0, 0)
captureUserWait ( 9 )
captureDispatchPointer( 44661919947000,44662142611000, 2, 957.113770, 1720.104126,0.20784314,0.06666667,0,0.0,0.0,65539,0, 0)
captureUserWait ( 9 )
captureDispatchPointer( 44661919947000,44662151889000, 2, 988.085083, 1724.101929,0.20784314,0.06666667,0,0.0,0.0,65539,0, 0)
captureUserWait ( 8 )
captureDispatchPointer( 44661919947000,44662160287000, 1, 988.085083, 1724.101929,0.20784314,0.06666667,0,0.0,0.0,65539,0, 0)
captureUserWait ( 1223 )
compareScreenshot(2014-11-13_04-40-16.jpg, 0, 0, 1080, 1920, 0, 1.0, 10)
captureDispatchKey( 0, 0, 0, 3, 0,0,0,0)
captureUserWait ( 37 )
captureDispatchKey( 0, 0, 1, 3, 0,0,0,0)
captureUserWait ( 2368 )
compareScreenshot(2014-11-13_04-40-19.jpg, 0, 0, 1080, 1920, 0, 1.0, 10)
captureUserWait ( 1500 )
