type=raw events 1
count= 1
speed=1.0
start data >>

# voice-call-3-min.txt
RunCmd(am start -n com.android.contacts/.activities.DialtactsActivity --activity-single-top)
captureUserWait ( 4500 )

# 1st call
compareScreenshot(2014-10-13_12-06-44.jpg, 0, 0, 1080, 1920, 0, 1.0, 10)
captureDispatchPointer( 690105831000,690105831000, 0, 518.519897, 1697.116089,0.20784314,0.06666667,0,0.0,0.0,65539,0, 0)
captureUserWait ( 17 )
captureDispatchPointer( 690105831000,690122840000, 2, 518.519897, 1697.116089,0.20784314,0.06666667,0,0.0,0.0,65539,0, 0)
captureUserWait ( 93 )
captureDispatchPointer( 690105831000,690216158000, 2, 518.519897, 1697.116089,0.20784314,0.06666667,0,0.0,0.0,65539,0, 0)
captureUserWait ( 7 )
captureDispatchPointer( 690105831000,690224118000, 1, 518.519897, 1697.116089,0.20784314,0.06666667,0,0.0,0.0,65539,0, 0)
captureUserWait ( 453 )
captureDispatchPointer( 690677902000,690677902000, 0, 563.478271, 1535.200439,0.20784314,0.06666667,0,0.0,0.0,65539,0, 0)
captureUserWait ( 17 )
captureDispatchPointer( 690677902000,690695654000, 2, 563.478271, 1535.200439,0.20784314,0.06666667,0,0.0,0.0,65539,0, 0)
captureUserWait ( 55 )
captureDispatchPointer( 690677902000,690751397000, 2, 563.478271, 1535.200439,0.20784314,0.06666667,0,0.0,0.0,65539,0, 0)
captureUserWait ( 18 )
captureDispatchPointer( 690677902000,690770101000, 2, 563.478271, 1535.200439,0.20784314,0.06666667,0,0.0,0.0,65539,0, 0)
captureUserWait ( 8 )
captureDispatchPointer( 690677902000,690778287000, 1, 563.478271, 1535.200439,0.20784314,0.06666667,0,0.0,0.0,65539,0, 0)
captureUserWait ( 462 )
captureDispatchPointer( 691240729000,691240729000, 0, 520.518066, 1677.126465,0.20784314,0.06666667,0,0.0,0.0,65539,0, 0)
captureUserWait ( 9 )
captureDispatchPointer( 691240729000,691249840000, 2, 520.518066, 1677.126465,0.20784314,0.06666667,0,0.0,0.0,65539,0, 0)
captureUserWait ( 65 )
captureDispatchPointer( 691240729000,691314897000, 2, 520.518066, 1677.126465,0.20784314,0.06666667,0,0.0,0.0,65539,0, 0)
captureUserWait ( 18 )
captureDispatchPointer( 691240729000,691332952000, 1, 520.518066, 1677.126465,0.20784314,0.06666667,0,0.0,0.0,65539,0, 0)
captureUserWait ( 298 )
captureDispatchPointer( 691631874000,691631874000, 0, 515.522644, 1682.123901,0.20784314,0.06666667,0,0.0,0.0,65539,0, 0)
captureUserWait ( 17 )
captureDispatchPointer( 691631874000,691649734000, 2, 515.522644, 1682.123901,0.20784314,0.06666667,0,0.0,0.0,65539,0, 0)
captureUserWait ( 9 )
captureDispatchPointer( 691631874000,691659051000, 2, 515.522644, 1682.123901,0.20784314,0.06666667,0,0.0,0.0,65539,0, 0)
captureUserWait ( 9 )
captureDispatchPointer( 691631874000,691668339000, 2, 515.522644, 1682.123901,0.20784314,0.06666667,0,0.0,0.0,65539,0, 0)
captureUserWait ( 9 )
captureDispatchPointer( 691631874000,691677683000, 2, 515.522644, 1682.123901,0.20784314,0.06666667,0,0.0,0.0,65539,0, 0)
captureUserWait ( 37 )
captureDispatchPointer( 691631874000,691714841000, 2, 515.522644, 1682.123901,0.20784314,0.06666667,0,0.0,0.0,65539,0, 0)
captureUserWait ( 9 )
captureDispatchPointer( 691631874000,691724033000, 2, 515.522644, 1682.123901,0.20784314,0.06666667,0,0.0,0.0,65539,0, 0)
captureUserWait ( 8 )
captureDispatchPointer( 691631874000,691732191000, 1, 515.522644, 1682.123901,0.20784314,0.06666667,0,0.0,0.0,65539,0, 0)
captureUserWait ( 407 )
captureDispatchPointer( 692139346000,692139346000, 0, 563.478271, 1407.266968,0.20784314,0.06666667,0,0.0,0.0,65539,0, 0)
captureUserWait ( 8 )
captureDispatchPointer( 692139346000,692148147000, 2, 563.478271, 1407.266968,0.20784314,0.06666667,0,0.0,0.0,65539,0, 0)
captureUserWait ( 83 )
captureDispatchPointer( 692139346000,692231886000, 2, 563.478271, 1407.266968,0.20784314,0.06666667,0,0.0,0.0,65539,0, 0)
captureUserWait ( 18 )
captureDispatchPointer( 692139346000,692250392000, 2, 563.478271, 1407.266968,0.20784314,0.06666667,0,0.0,0.0,65539,0, 0)
captureUserWait ( 9 )
captureDispatchPointer( 692139346000,692259576000, 2, 563.478271, 1407.266968,0.20784314,0.06666667,0,0.0,0.0,65539,0, 0)
captureUserWait ( 8 )
captureDispatchPointer( 692139346000,692267773000, 1, 563.478271, 1407.266968,0.20784314,0.06666667,0,0.0,0.0,65539,0, 0)
captureUserWait ( 215 )
captureDispatchPointer( 692483702000,692483702000, 0, 570.471802, 1409.265991,0.20784314,0.06666667,0,0.0,0.0,65539,0, 0)
captureUserWait ( 8 )
captureDispatchPointer( 692483702000,692492224000, 2, 570.471802, 1409.265991,0.20784314,0.06666667,0,0.0,0.0,65539,0, 0)
captureUserWait ( 18 )
captureDispatchPointer( 692483702000,692510758000, 2, 570.471802, 1409.265991,0.20784314,0.06666667,0,0.0,0.0,65539,0, 0)
captureUserWait ( 85 )
captureDispatchPointer( 692483702000,692595830000, 2, 570.471802, 1409.265991,0.20784314,0.06666667,0,0.0,0.0,65539,0, 0)
captureUserWait ( 7 )
captureDispatchPointer( 692483702000,692603728000, 2, 570.471802, 1409.265991,0.20784314,0.06666667,0,0.0,0.0,65539,0, 0)
captureUserWait ( 8 )
captureDispatchPointer( 692483702000,692611851000, 1, 570.471802, 1409.265991,0.20784314,0.06666667,0,0.0,0.0,65539,0, 0)
captureUserWait ( 243 )
captureDispatchPointer( 692855561000,692855561000, 0, 568.473633, 1422.259155,0.20784314,0.06666667,0,0.0,0.0,65539,0, 0)
captureUserWait ( 8 )
captureDispatchPointer( 692855561000,692863965000, 2, 568.473633, 1422.259155,0.20784314,0.06666667,0,0.0,0.0,65539,0, 0)
captureUserWait ( 9 )
captureDispatchPointer( 692855561000,692873265000, 2, 568.473633, 1422.259155,0.20784314,0.06666667,0,0.0,0.0,65539,0, 0)
captureUserWait ( 74 )
captureDispatchPointer( 692855561000,692948140000, 2, 568.473633, 1422.259155,0.20784314,0.06666667,0,0.0,0.0,65539,0, 0)
captureUserWait ( 8 )
captureDispatchPointer( 692855561000,692956975000, 2, 568.473633, 1422.259155,0.20784314,0.06666667,0,0.0,0.0,65539,0, 0)
captureUserWait ( 9 )
captureDispatchPointer( 692855561000,692966168000, 2, 568.473633, 1422.259155,0.20784314,0.06666667,0,0.0,0.0,65539,0, 0)
captureUserWait ( 8 )
captureDispatchPointer( 692855561000,692974344000, 1, 568.473633, 1422.259155,0.20784314,0.06666667,0,0.0,0.0,65539,0, 0)
captureUserWait ( 518 )
captureDispatchPointer( 693492778000,693492778000, 0, 573.468994, 1412.264404,0.20784314,0.06666667,0,0.0,0.0,65539,0, 0)
captureUserWait ( 9 )
captureDispatchPointer( 693492778000,693502173000, 2, 573.468994, 1412.264404,0.20784314,0.06666667,0,0.0,0.0,65539,0, 0)
captureUserWait ( 9 )
captureDispatchPointer( 693492778000,693511303000, 2, 573.468994, 1412.264404,0.20784314,0.06666667,0,0.0,0.0,65539,0, 0)
captureUserWait ( 18 )
captureDispatchPointer( 693492778000,693529789000, 2, 573.468994, 1412.264404,0.20784314,0.06666667,0,0.0,0.0,65539,0, 0)
captureUserWait ( 83 )
captureDispatchPointer( 693492778000,693613561000, 2, 573.468994, 1412.264404,0.20784314,0.06666667,0,0.0,0.0,65539,0, 0)
captureUserWait ( 9 )
captureDispatchPointer( 693492778000,693623048000, 2, 573.468994, 1412.264404,0.20784314,0.06666667,0,0.0,0.0,65539,0, 0)
captureUserWait ( 9 )
captureDispatchPointer( 693492778000,693632308000, 2, 573.468994, 1412.264404,0.20784314,0.06666667,0,0.0,0.0,65539,0, 0)
captureUserWait ( 7 )
captureDispatchPointer( 693492778000,693640288000, 1, 573.468994, 1412.264404,0.20784314,0.06666667,0,0.0,0.0,65539,0, 0)
captureUserWait ( 654 )
captureDispatchPointer( 694295108000,694295108000, 0, 861.202576, 1533.201416,0.20784314,0.06666667,0,0.0,0.0,65539,0, 0)
captureUserWait ( 17 )
captureDispatchPointer( 694295108000,694313050000, 2, 861.202576, 1533.201416,0.20784314,0.06666667,0,0.0,0.0,65539,0, 0)
captureUserWait ( 18 )
captureDispatchPointer( 694295108000,694331377000, 2, 861.202576, 1533.201416,0.20784314,0.06666667,0,0.0,0.0,65539,0, 0)
captureUserWait ( 55 )
captureDispatchPointer( 694295108000,694387140000, 2, 861.202576, 1533.201416,0.20784314,0.06666667,0,0.0,0.0,65539,0, 0)
captureUserWait ( 9 )
captureDispatchPointer( 694295108000,694396924000, 2, 861.202576, 1533.201416,0.20784314,0.06666667,0,0.0,0.0,65539,0, 0)
captureUserWait ( 7 )
captureDispatchPointer( 694295108000,694404551000, 1, 861.202576, 1533.201416,0.20784314,0.06666667,0,0.0,0.0,65539,0, 0)
captureUserWait ( 416 )
captureDispatchPointer( 694820578000,694820578000, 0, 583.459778, 1534.200928,0.20784314,0.06666667,0,0.0,0.0,65539,0, 0)
captureUserWait ( 18 )
captureDispatchPointer( 694820578000,694839127000, 2, 583.459778, 1534.200928,0.20784314,0.06666667,0,0.0,0.0,65539,0, 0)
captureUserWait ( 102 )
captureDispatchPointer( 694820578000,694941900000, 2, 583.459778, 1534.200928,0.20784314,0.06666667,0,0.0,0.0,65539,0, 0)
captureUserWait ( 8 )
captureDispatchPointer( 694820578000,694950815000, 2, 583.459778, 1534.200928,0.20784314,0.06666667,0,0.0,0.0,65539,0, 0)
captureUserWait ( 9 )
captureDispatchPointer( 694820578000,694959967000, 2, 583.459778, 1534.200928,0.20784314,0.06666667,0,0.0,0.0,65539,0, 0)
captureUserWait ( 8 )
captureDispatchPointer( 694820578000,694968188000, 1, 583.459778, 1534.200928,0.20784314,0.06666667,0,0.0,0.0,65539,0, 0)
captureUserWait ( 1261 )
compareScreenshot(2014-10-13_12-06-50.jpg, 0, 0, 1080, 1920, 0, 1.0, 10)
captureDispatchPointer( 696229816000,696229816000, 0, 583.459778, 1830.046753,0.20784314,0.06666667,0,0.0,0.0,65539,0, 0)
captureUserWait ( 17 )
captureDispatchPointer( 696229816000,696247520000, 2, 583.459778, 1831.046265,0.20784314,0.06666667,0,0.0,0.0,65539,0, 0)
captureUserWait ( 101 )
captureDispatchPointer( 696229816000,696348666000, 1, 583.459778, 1831.046265,0.20784314,0.06666667,0,0.0,0.0,65539,0, 0)
captureUserWait ( 77265 )

# 2nd call
compareScreenshot(2014-10-13_12-06-44.jpg, 0, 0, 1080, 1920, 0, 1.0, 10)
captureDispatchPointer( 690105831000,690105831000, 0, 518.519897, 1697.116089,0.20784314,0.06666667,0,0.0,0.0,65539,0, 0)
captureUserWait ( 17 )
captureDispatchPointer( 690105831000,690122840000, 2, 518.519897, 1697.116089,0.20784314,0.06666667,0,0.0,0.0,65539,0, 0)
captureUserWait ( 93 )
captureDispatchPointer( 690105831000,690216158000, 2, 518.519897, 1697.116089,0.20784314,0.06666667,0,0.0,0.0,65539,0, 0)
captureUserWait ( 7 )
captureDispatchPointer( 690105831000,690224118000, 1, 518.519897, 1697.116089,0.20784314,0.06666667,0,0.0,0.0,65539,0, 0)
captureUserWait ( 453 )
captureDispatchPointer( 690677902000,690677902000, 0, 563.478271, 1535.200439,0.20784314,0.06666667,0,0.0,0.0,65539,0, 0)
captureUserWait ( 17 )
captureDispatchPointer( 690677902000,690695654000, 2, 563.478271, 1535.200439,0.20784314,0.06666667,0,0.0,0.0,65539,0, 0)
captureUserWait ( 55 )
captureDispatchPointer( 690677902000,690751397000, 2, 563.478271, 1535.200439,0.20784314,0.06666667,0,0.0,0.0,65539,0, 0)
captureUserWait ( 18 )
captureDispatchPointer( 690677902000,690770101000, 2, 563.478271, 1535.200439,0.20784314,0.06666667,0,0.0,0.0,65539,0, 0)
captureUserWait ( 8 )
captureDispatchPointer( 690677902000,690778287000, 1, 563.478271, 1535.200439,0.20784314,0.06666667,0,0.0,0.0,65539,0, 0)
captureUserWait ( 462 )
captureDispatchPointer( 691240729000,691240729000, 0, 520.518066, 1677.126465,0.20784314,0.06666667,0,0.0,0.0,65539,0, 0)
captureUserWait ( 9 )
captureDispatchPointer( 691240729000,691249840000, 2, 520.518066, 1677.126465,0.20784314,0.06666667,0,0.0,0.0,65539,0, 0)
captureUserWait ( 65 )
captureDispatchPointer( 691240729000,691314897000, 2, 520.518066, 1677.126465,0.20784314,0.06666667,0,0.0,0.0,65539,0, 0)
captureUserWait ( 18 )
captureDispatchPointer( 691240729000,691332952000, 1, 520.518066, 1677.126465,0.20784314,0.06666667,0,0.0,0.0,65539,0, 0)
captureUserWait ( 298 )
captureDispatchPointer( 691631874000,691631874000, 0, 515.522644, 1682.123901,0.20784314,0.06666667,0,0.0,0.0,65539,0, 0)
captureUserWait ( 17 )
captureDispatchPointer( 691631874000,691649734000, 2, 515.522644, 1682.123901,0.20784314,0.06666667,0,0.0,0.0,65539,0, 0)
captureUserWait ( 9 )
captureDispatchPointer( 691631874000,691659051000, 2, 515.522644, 1682.123901,0.20784314,0.06666667,0,0.0,0.0,65539,0, 0)
captureUserWait ( 9 )
captureDispatchPointer( 691631874000,691668339000, 2, 515.522644, 1682.123901,0.20784314,0.06666667,0,0.0,0.0,65539,0, 0)
captureUserWait ( 9 )
captureDispatchPointer( 691631874000,691677683000, 2, 515.522644, 1682.123901,0.20784314,0.06666667,0,0.0,0.0,65539,0, 0)
captureUserWait ( 37 )
captureDispatchPointer( 691631874000,691714841000, 2, 515.522644, 1682.123901,0.20784314,0.06666667,0,0.0,0.0,65539,0, 0)
captureUserWait ( 9 )
captureDispatchPointer( 691631874000,691724033000, 2, 515.522644, 1682.123901,0.20784314,0.06666667,0,0.0,0.0,65539,0, 0)
captureUserWait ( 8 )
captureDispatchPointer( 691631874000,691732191000, 1, 515.522644, 1682.123901,0.20784314,0.06666667,0,0.0,0.0,65539,0, 0)
captureUserWait ( 407 )
captureDispatchPointer( 692139346000,692139346000, 0, 563.478271, 1407.266968,0.20784314,0.06666667,0,0.0,0.0,65539,0, 0)
captureUserWait ( 8 )
captureDispatchPointer( 692139346000,692148147000, 2, 563.478271, 1407.266968,0.20784314,0.06666667,0,0.0,0.0,65539,0, 0)
captureUserWait ( 83 )
captureDispatchPointer( 692139346000,692231886000, 2, 563.478271, 1407.266968,0.20784314,0.06666667,0,0.0,0.0,65539,0, 0)
captureUserWait ( 18 )
captureDispatchPointer( 692139346000,692250392000, 2, 563.478271, 1407.266968,0.20784314,0.06666667,0,0.0,0.0,65539,0, 0)
captureUserWait ( 9 )
captureDispatchPointer( 692139346000,692259576000, 2, 563.478271, 1407.266968,0.20784314,0.06666667,0,0.0,0.0,65539,0, 0)
captureUserWait ( 8 )
captureDispatchPointer( 692139346000,692267773000, 1, 563.478271, 1407.266968,0.20784314,0.06666667,0,0.0,0.0,65539,0, 0)
captureUserWait ( 215 )
captureDispatchPointer( 692483702000,692483702000, 0, 570.471802, 1409.265991,0.20784314,0.06666667,0,0.0,0.0,65539,0, 0)
captureUserWait ( 8 )
captureDispatchPointer( 692483702000,692492224000, 2, 570.471802, 1409.265991,0.20784314,0.06666667,0,0.0,0.0,65539,0, 0)
captureUserWait ( 18 )
captureDispatchPointer( 692483702000,692510758000, 2, 570.471802, 1409.265991,0.20784314,0.06666667,0,0.0,0.0,65539,0, 0)
captureUserWait ( 85 )
captureDispatchPointer( 692483702000,692595830000, 2, 570.471802, 1409.265991,0.20784314,0.06666667,0,0.0,0.0,65539,0, 0)
captureUserWait ( 7 )
captureDispatchPointer( 692483702000,692603728000, 2, 570.471802, 1409.265991,0.20784314,0.06666667,0,0.0,0.0,65539,0, 0)
captureUserWait ( 8 )
captureDispatchPointer( 692483702000,692611851000, 1, 570.471802, 1409.265991,0.20784314,0.06666667,0,0.0,0.0,65539,0, 0)
captureUserWait ( 243 )
captureDispatchPointer( 692855561000,692855561000, 0, 568.473633, 1422.259155,0.20784314,0.06666667,0,0.0,0.0,65539,0, 0)
captureUserWait ( 8 )
captureDispatchPointer( 692855561000,692863965000, 2, 568.473633, 1422.259155,0.20784314,0.06666667,0,0.0,0.0,65539,0, 0)
captureUserWait ( 9 )
captureDispatchPointer( 692855561000,692873265000, 2, 568.473633, 1422.259155,0.20784314,0.06666667,0,0.0,0.0,65539,0, 0)
captureUserWait ( 74 )
captureDispatchPointer( 692855561000,692948140000, 2, 568.473633, 1422.259155,0.20784314,0.06666667,0,0.0,0.0,65539,0, 0)
captureUserWait ( 8 )
captureDispatchPointer( 692855561000,692956975000, 2, 568.473633, 1422.259155,0.20784314,0.06666667,0,0.0,0.0,65539,0, 0)
captureUserWait ( 9 )
captureDispatchPointer( 692855561000,692966168000, 2, 568.473633, 1422.259155,0.20784314,0.06666667,0,0.0,0.0,65539,0, 0)
captureUserWait ( 8 )
captureDispatchPointer( 692855561000,692974344000, 1, 568.473633, 1422.259155,0.20784314,0.06666667,0,0.0,0.0,65539,0, 0)
captureUserWait ( 518 )
captureDispatchPointer( 693492778000,693492778000, 0, 573.468994, 1412.264404,0.20784314,0.06666667,0,0.0,0.0,65539,0, 0)
captureUserWait ( 9 )
captureDispatchPointer( 693492778000,693502173000, 2, 573.468994, 1412.264404,0.20784314,0.06666667,0,0.0,0.0,65539,0, 0)
captureUserWait ( 9 )
captureDispatchPointer( 693492778000,693511303000, 2, 573.468994, 1412.264404,0.20784314,0.06666667,0,0.0,0.0,65539,0, 0)
captureUserWait ( 18 )
captureDispatchPointer( 693492778000,693529789000, 2, 573.468994, 1412.264404,0.20784314,0.06666667,0,0.0,0.0,65539,0, 0)
captureUserWait ( 83 )
captureDispatchPointer( 693492778000,693613561000, 2, 573.468994, 1412.264404,0.20784314,0.06666667,0,0.0,0.0,65539,0, 0)
captureUserWait ( 9 )
captureDispatchPointer( 693492778000,693623048000, 2, 573.468994, 1412.264404,0.20784314,0.06666667,0,0.0,0.0,65539,0, 0)
captureUserWait ( 9 )
captureDispatchPointer( 693492778000,693632308000, 2, 573.468994, 1412.264404,0.20784314,0.06666667,0,0.0,0.0,65539,0, 0)
captureUserWait ( 7 )
captureDispatchPointer( 693492778000,693640288000, 1, 573.468994, 1412.264404,0.20784314,0.06666667,0,0.0,0.0,65539,0, 0)
captureUserWait ( 654 )
captureDispatchPointer( 694295108000,694295108000, 0, 861.202576, 1533.201416,0.20784314,0.06666667,0,0.0,0.0,65539,0, 0)
captureUserWait ( 17 )
captureDispatchPointer( 694295108000,694313050000, 2, 861.202576, 1533.201416,0.20784314,0.06666667,0,0.0,0.0,65539,0, 0)
captureUserWait ( 18 )
captureDispatchPointer( 694295108000,694331377000, 2, 861.202576, 1533.201416,0.20784314,0.06666667,0,0.0,0.0,65539,0, 0)
captureUserWait ( 55 )
captureDispatchPointer( 694295108000,694387140000, 2, 861.202576, 1533.201416,0.20784314,0.06666667,0,0.0,0.0,65539,0, 0)
captureUserWait ( 9 )
captureDispatchPointer( 694295108000,694396924000, 2, 861.202576, 1533.201416,0.20784314,0.06666667,0,0.0,0.0,65539,0, 0)
captureUserWait ( 7 )
captureDispatchPointer( 694295108000,694404551000, 1, 861.202576, 1533.201416,0.20784314,0.06666667,0,0.0,0.0,65539,0, 0)
captureUserWait ( 416 )
captureDispatchPointer( 694820578000,694820578000, 0, 583.459778, 1534.200928,0.20784314,0.06666667,0,0.0,0.0,65539,0, 0)
captureUserWait ( 18 )
captureDispatchPointer( 694820578000,694839127000, 2, 583.459778, 1534.200928,0.20784314,0.06666667,0,0.0,0.0,65539,0, 0)
captureUserWait ( 102 )
captureDispatchPointer( 694820578000,694941900000, 2, 583.459778, 1534.200928,0.20784314,0.06666667,0,0.0,0.0,65539,0, 0)
captureUserWait ( 8 )
captureDispatchPointer( 694820578000,694950815000, 2, 583.459778, 1534.200928,0.20784314,0.06666667,0,0.0,0.0,65539,0, 0)
captureUserWait ( 9 )
captureDispatchPointer( 694820578000,694959967000, 2, 583.459778, 1534.200928,0.20784314,0.06666667,0,0.0,0.0,65539,0, 0)
captureUserWait ( 8 )
captureDispatchPointer( 694820578000,694968188000, 1, 583.459778, 1534.200928,0.20784314,0.06666667,0,0.0,0.0,65539,0, 0)
captureUserWait ( 1261 )
compareScreenshot(2014-10-13_12-06-50.jpg, 0, 0, 1080, 1920, 0, 1.0, 10)
captureDispatchPointer( 696229816000,696229816000, 0, 583.459778, 1830.046753,0.20784314,0.06666667,0,0.0,0.0,65539,0, 0)
captureUserWait ( 17 )
captureDispatchPointer( 696229816000,696247520000, 2, 583.459778, 1831.046265,0.20784314,0.06666667,0,0.0,0.0,65539,0, 0)
captureUserWait ( 101 )
captureDispatchPointer( 696229816000,696348666000, 1, 583.459778, 1831.046265,0.20784314,0.06666667,0,0.0,0.0,65539,0, 0)
captureUserWait ( 70265 )


# press back button to home sheet
compareScreenshot(2014-10-13_12-07-57.jpg, 0, 0, 1080, 1920, 0, 1.0, 10)
captureDispatchKey( 0, 0, 0, 4, 0,0,0,0)
captureUserWait ( 130 )
captureDispatchKey( 0, 0, 1, 4, 0,0,0,0)
captureUserWait ( 1946 )
compareScreenshot(2014-10-13_12-08-09.jpg, 0, 0, 1080, 1920, 0, 1.0, 10)
captureUserWait ( 1500 )
