type=raw events 1
count= 1
speed=1.0
start data >>

# wake-up-alarm-1-min.txt
RunCmd(am start -n com.android.deskclock/.DeskClock --activity-single-top)
captureUserWait ( 4500 )

# alarm tag
compareScreenshot(2014-10-17_06-59-27.jpg, 0, 0, 1080, 1920, 0, 1.0, 10)
captureDispatchPointer( 106262032481000,106262032481000, 0, 140.869568, 197.896927,0.20784314,0.06666667,0,0.0,0.0,65539,0, 0)
captureUserWait ( 7 )
captureDispatchPointer( 106262032481000,106262040274000, 2, 140.869568, 197.896927,0.20784314,0.06666667,0,0.0,0.0,65539,0, 0)
captureUserWait ( 18 )
captureDispatchPointer( 106262032481000,106262058522000, 2, 140.869568, 196.897446,0.20784314,0.06666667,0,0.0,0.0,65539,0, 0)
captureUserWait ( 8 )
captureDispatchPointer( 106262032481000,106262066689000, 1, 140.869568, 196.897446,0.20784314,0.06666667,0,0.0,0.0,65539,0, 0)
captureUserWait ( 1957 )

# add
compareScreenshot(2014-10-17_06-59-29.jpg, 0, 0, 1080, 1920, 0, 1.0, 10)
captureDispatchPointer( 106264024385000,106264024385000, 0, 535.504150, 1796.064453,0.20784314,0.06666667,0,0.0,0.0,65539,0, 0)
captureUserWait ( 63 )
captureDispatchPointer( 106264024385000,106264088184000, 2, 535.504150, 1796.064453,0.20784314,0.06666667,0,0.0,0.0,65539,0, 0)
captureUserWait ( 8 )
captureDispatchPointer( 106264024385000,106264096347000, 1, 535.504150, 1796.064453,0.20784314,0.06666667,0,0.0,0.0,65539,0, 0)
captureUserWait ( 1286 )

# icon 7
compareScreenshot(2014-10-17_06-59-30.jpg, 0, 0, 1080, 1920, 0, 1.0, 10)
captureDispatchPointer( 106265383217000,106265383217000, 0, 457.576324, 1229.359619,0.20784314,0.06666667,0,0.0,0.0,65539,0, 0)
captureUserWait ( 52 )
captureDispatchPointer( 106265383217000,106265436113000, 1, 457.576324, 1229.359619,0.20784314,0.06666667,0,0.0,0.0,65539,0, 0)
captureUserWait ( 1189 )

# done
compareScreenshot(2014-10-17_06-59-31.jpg, 0, 0, 1080, 1920, 0, 1.0, 10)
captureDispatchPointer( 106266625674000,106266625674000, 0, 573.468994, 1536.199829,0.20784314,0.06666667,0,0.0,0.0,65539,0, 0)
captureUserWait ( 8 )
captureDispatchPointer( 106266625674000,106266634126000, 2, 573.468994, 1536.199829,0.20784314,0.06666667,0,0.0,0.0,65539,0, 0)
captureUserWait ( 9 )
captureDispatchPointer( 106266625674000,106266643409000, 2, 573.468994, 1536.199829,0.20784314,0.06666667,0,0.0,0.0,65539,0, 0)
captureUserWait ( 27 )
captureDispatchPointer( 106266625674000,106266671142000, 2, 573.468994, 1536.199829,0.20784314,0.06666667,0,0.0,0.0,65539,0, 0)
captureUserWait ( 17 )
captureDispatchPointer( 106266625674000,106266688714000, 1, 573.468994, 1536.199829,0.20784314,0.06666667,0,0.0,0.0,65539,0, 0)
captureUserWait ( 35118 )

# wait
captureUserWait ( 25118 )

# wake
compareScreenshot(2014-10-17_07-00-06.jpg, 0, 0, 1080, 1920, 0, 1.0, 10)
captureDispatchPointer( 106301807602000,106301807602000, 0, 546.494019, 1540.197754,0.20784314,0.06666667,0,0.0,0.0,65539,0, 0)
captureUserWait ( 39 )
captureDispatchPointer( 106301807602000,106301847240000, 2, 546.494019, 1540.197754,0.20784314,0.06666667,0,0.0,0.0,65539,0, 0)
captureUserWait ( 43 )
captureDispatchPointer( 106301807602000,106301890729000, 2, 547.493042, 1540.197754,0.20784314,0.06666667,0,0.0,0.0,65539,0, 0)
captureUserWait ( 9 )
captureDispatchPointer( 106301807602000,106301900048000, 2, 548.492126, 1540.197754,0.20784314,0.06666667,0,0.0,0.0,65539,0, 0)
captureUserWait ( 9 )
captureDispatchPointer( 106301807602000,106301909295000, 2, 550.490295, 1540.197754,0.20784314,0.06666667,0,0.0,0.0,65539,0, 0)
captureUserWait ( 9 )
captureDispatchPointer( 106301807602000,106301918624000, 2, 552.488464, 1541.197266,0.20784314,0.06666667,0,0.0,0.0,65539,0, 0)
captureUserWait ( 9 )
captureDispatchPointer( 106301807602000,106301927904000, 2, 555.485657, 1542.196777,0.20784314,0.06666667,0,0.0,0.0,65539,0, 0)
captureUserWait ( 9 )
captureDispatchPointer( 106301807602000,106301937237000, 2, 558.482910, 1543.196167,0.20784314,0.06666667,0,0.0,0.0,65539,0, 0)
captureUserWait ( 9 )
captureDispatchPointer( 106301807602000,106301946474000, 2, 561.480103, 1544.195679,0.20784314,0.06666667,0,0.0,0.0,65539,0, 0)
captureUserWait ( 9 )
captureDispatchPointer( 106301807602000,106301955778000, 2, 565.476440, 1545.195190,0.20784314,0.06666667,0,0.0,0.0,65539,0, 0)
captureUserWait ( 9 )
captureDispatchPointer( 106301807602000,106301965034000, 2, 569.472717, 1545.195190,0.20784314,0.06666667,0,0.0,0.0,65539,0, 0)
captureUserWait ( 9 )
captureDispatchPointer( 106301807602000,106301974333000, 2, 573.468994, 1545.195190,0.20784314,0.06666667,0,0.0,0.0,65539,0, 0)
captureUserWait ( 9 )
captureDispatchPointer( 106301807602000,106301983694000, 2, 577.465332, 1545.195190,0.20784314,0.06666667,0,0.0,0.0,65539,0, 0)
captureUserWait ( 9 )
captureDispatchPointer( 106301807602000,106301992946000, 2, 582.460693, 1545.195190,0.20784314,0.06666667,0,0.0,0.0,65539,0, 0)
captureUserWait ( 9 )
captureDispatchPointer( 106301807602000,106302002199000, 2, 587.456055, 1546.194702,0.20784314,0.06666667,0,0.0,0.0,65539,0, 0)
captureUserWait ( 9 )
captureDispatchPointer( 106301807602000,106302011439000, 2, 592.451416, 1546.194702,0.20784314,0.06666667,0,0.0,0.0,65539,0, 0)
captureUserWait ( 9 )
captureDispatchPointer( 106301807602000,106302020673000, 2, 598.445862, 1547.194092,0.20784314,0.06666667,0,0.0,0.0,65539,0, 0)
captureUserWait ( 9 )
captureDispatchPointer( 106301807602000,106302030079000, 2, 605.439392, 1548.193604,0.20784314,0.06666667,0,0.0,0.0,65539,0, 0)
captureUserWait ( 9 )
captureDispatchPointer( 106301807602000,106302039356000, 2, 612.432922, 1549.193115,0.20784314,0.06666667,0,0.0,0.0,65539,0, 0)
captureUserWait ( 9 )
captureDispatchPointer( 106301807602000,106302048633000, 2, 621.424622, 1550.192627,0.20784314,0.06666667,0,0.0,0.0,65539,0, 0)
captureUserWait ( 9 )
captureDispatchPointer( 106301807602000,106302057914000, 2, 630.416260, 1551.192017,0.20784314,0.06666667,0,0.0,0.0,65539,0, 0)
captureUserWait ( 9 )
captureDispatchPointer( 106301807602000,106302067219000, 2, 640.407043, 1552.191528,0.20784314,0.06666667,0,0.0,0.0,65539,0, 0)
captureUserWait ( 9 )
captureDispatchPointer( 106301807602000,106302076499000, 2, 649.398682, 1553.191040,0.20784314,0.06666667,0,0.0,0.0,65539,0, 0)
captureUserWait ( 9 )
captureDispatchPointer( 106301807602000,106302085807000, 2, 659.389465, 1555.189941,0.20784314,0.06666667,0,0.0,0.0,65539,0, 0)
captureUserWait ( 9 )
captureDispatchPointer( 106301807602000,106302094999000, 2, 669.380188, 1556.189453,0.20784314,0.06666667,0,0.0,0.0,65539,0, 0)
captureUserWait ( 9 )
captureDispatchPointer( 106301807602000,106302104363000, 2, 680.370056, 1557.188965,0.20784314,0.06666667,0,0.0,0.0,65539,0, 0)
captureUserWait ( 9 )
captureDispatchPointer( 106301807602000,106302113665000, 2, 690.360779, 1558.188354,0.20784314,0.06666667,0,0.0,0.0,65539,0, 0)
captureUserWait ( 9 )
captureDispatchPointer( 106301807602000,106302122949000, 2, 700.351501, 1559.187866,0.20784314,0.06666667,0,0.0,0.0,65539,0, 0)
captureUserWait ( 9 )
captureDispatchPointer( 106301807602000,106302132233000, 2, 711.341370, 1560.187378,0.20784314,0.06666667,0,0.0,0.0,65539,0, 0)
captureUserWait ( 9 )
captureDispatchPointer( 106301807602000,106302141552000, 2, 722.331177, 1561.186890,0.20784314,0.06666667,0,0.0,0.0,65539,0, 0)
captureUserWait ( 9 )
captureDispatchPointer( 106301807602000,106302150832000, 2, 732.321899, 1562.186279,0.20784314,0.06666667,0,0.0,0.0,65539,0, 0)
captureUserWait ( 9 )
captureDispatchPointer( 106301807602000,106302160089000, 2, 742.312683, 1564.185303,0.20784314,0.06666667,0,0.0,0.0,65539,0, 0)
captureUserWait ( 9 )
captureDispatchPointer( 106301807602000,106302169382000, 2, 753.302490, 1566.184204,0.20784314,0.06666667,0,0.0,0.0,65539,0, 0)
captureUserWait ( 9 )
captureDispatchPointer( 106301807602000,106302178671000, 2, 763.293274, 1568.183228,0.20784314,0.06666667,0,0.0,0.0,65539,0, 0)
captureUserWait ( 9 )
captureDispatchPointer( 106301807602000,106302187977000, 2, 772.284912, 1570.182129,0.20784314,0.06666667,0,0.0,0.0,65539,0, 0)
captureUserWait ( 9 )
captureDispatchPointer( 106301807602000,106302197257000, 2, 781.276611, 1572.181152,0.20784314,0.06666667,0,0.0,0.0,65539,0, 0)
captureUserWait ( 9 )
captureDispatchPointer( 106301807602000,106302206548000, 2, 790.268250, 1573.180542,0.20784314,0.06666667,0,0.0,0.0,65539,0, 0)
captureUserWait ( 9 )
captureDispatchPointer( 106301807602000,106302215848000, 2, 799.259949, 1574.180054,0.20784314,0.06666667,0,0.0,0.0,65539,0, 0)
captureUserWait ( 9 )
captureDispatchPointer( 106301807602000,106302225143000, 2, 808.251648, 1575.179565,0.20784314,0.06666667,0,0.0,0.0,65539,0, 0)
captureUserWait ( 9 )
captureDispatchPointer( 106301807602000,106302234417000, 2, 816.244202, 1576.179077,0.20784314,0.06666667,0,0.0,0.0,65539,0, 0)
captureUserWait ( 9 )
captureDispatchPointer( 106301807602000,106302243652000, 2, 824.236816, 1577.178467,0.20784314,0.06666667,0,0.0,0.0,65539,0, 0)
captureUserWait ( 9 )
captureDispatchPointer( 106301807602000,106302252999000, 2, 832.229431, 1577.178467,0.20784314,0.06666667,0,0.0,0.0,65539,0, 0)
captureUserWait ( 9 )
captureDispatchPointer( 106301807602000,106302262286000, 2, 840.222046, 1577.178467,0.20784314,0.06666667,0,0.0,0.0,65539,0, 0)
captureUserWait ( 9 )
captureDispatchPointer( 106301807602000,106302271609000, 2, 848.214600, 1577.178467,0.20784314,0.06666667,0,0.0,0.0,65539,0, 0)
captureUserWait ( 9 )
captureDispatchPointer( 106301807602000,106302280833000, 2, 855.208130, 1577.178467,0.20784314,0.06666667,0,0.0,0.0,65539,0, 0)
captureUserWait ( 9 )
captureDispatchPointer( 106301807602000,106302290124000, 2, 862.201660, 1577.178467,0.20784314,0.06666667,0,0.0,0.0,65539,0, 0)
captureUserWait ( 9 )
captureDispatchPointer( 106301807602000,106302299434000, 2, 868.196106, 1578.177979,0.20784314,0.06666667,0,0.0,0.0,65539,0, 0)
captureUserWait ( 9 )
captureDispatchPointer( 106301807602000,106302308747000, 2, 873.191467, 1578.177979,0.20784314,0.06666667,0,0.0,0.0,65539,0, 0)
captureUserWait ( 9 )
captureDispatchPointer( 106301807602000,106302318005000, 2, 878.186890, 1578.177979,0.20784314,0.06666667,0,0.0,0.0,65539,0, 0)
captureUserWait ( 9 )
captureDispatchPointer( 106301807602000,106302327288000, 2, 882.183167, 1578.177979,0.20784314,0.06666667,0,0.0,0.0,65539,0, 0)
captureUserWait ( 9 )
captureDispatchPointer( 106301807602000,106302336670000, 2, 885.180420, 1578.177979,0.20784314,0.06666667,0,0.0,0.0,65539,0, 0)
captureUserWait ( 9 )
captureDispatchPointer( 106301807602000,106302345851000, 2, 888.177612, 1578.177979,0.20784314,0.06666667,0,0.0,0.0,65539,0, 0)
captureUserWait ( 9 )
captureDispatchPointer( 106301807602000,106302355150000, 2, 890.175781, 1578.177979,0.20784314,0.06666667,0,0.0,0.0,65539,0, 0)
captureUserWait ( 9 )
captureDispatchPointer( 106301807602000,106302364539000, 2, 892.173889, 1578.177979,0.20784314,0.06666667,0,0.0,0.0,65539,0, 0)
captureUserWait ( 9 )
captureDispatchPointer( 106301807602000,106302373774000, 2, 894.172058, 1578.177979,0.20784314,0.06666667,0,0.0,0.0,65539,0, 0)
captureUserWait ( 9 )
captureDispatchPointer( 106301807602000,106302383100000, 2, 895.171143, 1578.177979,0.20784314,0.06666667,0,0.0,0.0,65539,0, 0)
captureUserWait ( 9 )
captureDispatchPointer( 106301807602000,106302392405000, 2, 897.169312, 1578.177979,0.20784314,0.06666667,0,0.0,0.0,65539,0, 0)
captureUserWait ( 9 )
captureDispatchPointer( 106301807602000,106302401667000, 2, 899.167419, 1578.177979,0.20784314,0.06666667,0,0.0,0.0,65539,0, 0)
captureUserWait ( 9 )
captureDispatchPointer( 106301807602000,106302411023000, 2, 901.165588, 1578.177979,0.20784314,0.06666667,0,0.0,0.0,65539,0, 0)
captureUserWait ( 9 )
captureDispatchPointer( 106301807602000,106302420384000, 2, 903.163757, 1578.177979,0.20784314,0.06666667,0,0.0,0.0,65539,0, 0)
captureUserWait ( 9 )
captureDispatchPointer( 106301807602000,106302429521000, 2, 906.160950, 1578.177979,0.20784314,0.06666667,0,0.0,0.0,65539,0, 0)
captureUserWait ( 9 )
captureDispatchPointer( 106301807602000,106302438802000, 2, 910.157288, 1577.178467,0.20784314,0.06666667,0,0.0,0.0,65539,0, 0)
captureUserWait ( 9 )
captureDispatchPointer( 106301807602000,106302448076000, 2, 914.153564, 1576.179077,0.20784314,0.06666667,0,0.0,0.0,65539,0, 0)
captureUserWait ( 9 )
captureDispatchPointer( 106301807602000,106302457359000, 2, 919.148926, 1575.179565,0.20784314,0.06666667,0,0.0,0.0,65539,0, 0)
captureUserWait ( 9 )
captureDispatchPointer( 106301807602000,106302466641000, 2, 924.144287, 1574.180054,0.20784314,0.06666667,0,0.0,0.0,65539,0, 0)
captureUserWait ( 9 )
captureDispatchPointer( 106301807602000,106302475965000, 2, 928.140625, 1573.180542,0.20784314,0.06666667,0,0.0,0.0,65539,0, 0)
captureUserWait ( 9 )
captureDispatchPointer( 106301807602000,106302485227000, 2, 931.137817, 1572.181152,0.20784314,0.06666667,0,0.0,0.0,65539,0, 0)
captureUserWait ( 9 )
captureDispatchPointer( 106301807602000,106302494560000, 2, 934.135071, 1571.181641,0.20784314,0.06666667,0,0.0,0.0,65539,0, 0)
captureUserWait ( 9 )
captureDispatchPointer( 106301807602000,106302503794000, 2, 937.132263, 1570.182129,0.20784314,0.06666667,0,0.0,0.0,65539,0, 0)
captureUserWait ( 9 )
captureDispatchPointer( 106301807602000,106302513096000, 2, 939.130432, 1569.182739,0.20784314,0.06666667,0,0.0,0.0,65539,0, 0)
captureUserWait ( 9 )
captureDispatchPointer( 106301807602000,106302522360000, 2, 941.128601, 1568.183228,0.20784314,0.06666667,0,0.0,0.0,65539,0, 0)
captureUserWait ( 9 )
captureDispatchPointer( 106301807602000,106302531715000, 2, 942.127686, 1567.183716,0.20784314,0.06666667,0,0.0,0.0,65539,0, 0)
captureUserWait ( 9 )
captureDispatchPointer( 106301807602000,106302540953000, 2, 943.126709, 1567.183716,0.20784314,0.06666667,0,0.0,0.0,65539,0, 0)
captureUserWait ( 9 )
captureDispatchPointer( 106301807602000,106302550208000, 2, 944.125793, 1567.183716,0.20784314,0.06666667,0,0.0,0.0,65539,0, 0)
captureUserWait ( 9 )
captureDispatchPointer( 106301807602000,106302559515000, 2, 945.124878, 1567.183716,0.20784314,0.06666667,0,0.0,0.0,65539,0, 0)
captureUserWait ( 9 )
captureDispatchPointer( 106301807602000,106302568782000, 2, 946.123962, 1567.183716,0.20784314,0.06666667,0,0.0,0.0,65539,0, 0)
captureUserWait ( 9 )
captureDispatchPointer( 106301807602000,106302578065000, 2, 947.123047, 1567.183716,0.20784314,0.06666667,0,0.0,0.0,65539,0, 0)
captureUserWait ( 9 )
captureDispatchPointer( 106301807602000,106302587519000, 2, 948.122131, 1567.183716,0.20784314,0.06666667,0,0.0,0.0,65539,0, 0)
captureUserWait ( 9 )
captureDispatchPointer( 106301807602000,106302596604000, 2, 949.121216, 1567.183716,0.20784314,0.06666667,0,0.0,0.0,65539,0, 0)
captureUserWait ( 9 )
captureDispatchPointer( 106301807602000,106302605910000, 2, 950.120239, 1567.183716,0.20784314,0.06666667,0,0.0,0.0,65539,0, 0)
captureUserWait ( 18 )
captureDispatchPointer( 106301807602000,106302624389000, 2, 950.120239, 1567.183716,0.20784314,0.06666667,0,0.0,0.0,65539,0, 0)
captureUserWait ( 8 )
captureDispatchPointer( 106301807602000,106302632630000, 1, 950.120239, 1567.183716,0.20784314,0.06666667,0,0.0,0.0,65539,0, 0)
captureUserWait ( 2734 )

# back home
compareScreenshot(2014-10-17_07-00-10.jpg, 0, 0, 1080, 1920, 0, 1.0, 10)
captureDispatchKey( 0, 0, 0, 4, 0,0,0,0)
captureUserWait ( 148 )
captureDispatchKey( 0, 0, 1, 4, 0,0,0,0)
captureUserWait ( 3183 )
compareScreenshot(2014-10-17_07-00-13.jpg, 0, 0, 1080, 1920, 0, 1.0, 10)
captureUserWait ( 1500 )
