type=raw events 1
count= 1
speed=1.0
start data >>

## widget-1-news-weather-4-min.txt

RunCmd(am start -n com.google.android.apps.genie.geniewidget/.activities.NewsActivity --activity-single-top)
captureUserWait ( 4500 )
captureUserWait ( 11000 )

# slide to news
compareScreenshot(2014-10-08_09-49-34.jpg, 0, 0, 1080, 1920, 0, 1.0, 10)
captureDispatchPointer( 49196326545000,49196326545000, 0, 741.313599, 1700.114502,0.20784314,0.06666667,0,0.0,0.0,65539,0, 0)
captureUserWait ( 8 )
captureDispatchPointer( 49196326545000,49196335492000, 2, 741.313599, 1700.114502,0.20784314,0.06666667,0,0.0,0.0,65539,0, 0)
captureUserWait ( 27 )
captureDispatchPointer( 49196326545000,49196363266000, 2, 741.313599, 1700.114502,0.20784314,0.06666667,0,0.0,0.0,65539,0, 0)
captureUserWait ( 9 )
captureDispatchPointer( 49196326545000,49196372587000, 2, 741.313599, 1699.114990,0.20784314,0.06666667,0,0.0,0.0,65539,0, 0)
captureUserWait ( 9 )
captureDispatchPointer( 49196326545000,49196381899000, 2, 742.312683, 1697.116089,0.20784314,0.06666667,0,0.0,0.0,65539,0, 0)
captureUserWait ( 9 )
captureDispatchPointer( 49196326545000,49196391338000, 2, 743.311768, 1694.117554,0.20784314,0.06666667,0,0.0,0.0,65539,0, 0)
captureUserWait ( 9 )
captureDispatchPointer( 49196326545000,49196400592000, 2, 743.311768, 1689.120239,0.20784314,0.06666667,0,0.0,0.0,65539,0, 0)
captureUserWait ( 9 )
captureDispatchPointer( 49196326545000,49196409936000, 2, 743.311768, 1681.124390,0.20784314,0.06666667,0,0.0,0.0,65539,0, 0)
captureUserWait ( 9 )
captureDispatchPointer( 49196326545000,49196419249000, 2, 743.311768, 1673.128540,0.20784314,0.06666667,0,0.0,0.0,65539,0, 0)
captureUserWait ( 9 )
captureDispatchPointer( 49196326545000,49196428547000, 2, 743.311768, 1665.132690,0.20784314,0.06666667,0,0.0,0.0,65539,0, 0)
captureUserWait ( 9 )
captureDispatchPointer( 49196326545000,49196437864000, 2, 743.311768, 1658.136353,0.20784314,0.06666667,0,0.0,0.0,65539,0, 0)
captureUserWait ( 9 )
captureDispatchPointer( 49196326545000,49196447057000, 2, 743.311768, 1652.139526,0.20784314,0.06666667,0,0.0,0.0,65539,0, 0)
captureUserWait ( 9 )
captureDispatchPointer( 49196326545000,49196456352000, 2, 744.310852, 1647.142090,0.20784314,0.06666667,0,0.0,0.0,65539,0, 0)
captureUserWait ( 9 )
captureDispatchPointer( 49196326545000,49196465624000, 2, 745.309875, 1643.144165,0.20784314,0.06666667,0,0.0,0.0,65539,0, 0)
captureUserWait ( 9 )
captureDispatchPointer( 49196326545000,49196474958000, 2, 745.309875, 1639.146240,0.20784314,0.06666667,0,0.0,0.0,65539,0, 0)
captureUserWait ( 9 )
captureDispatchPointer( 49196326545000,49196484290000, 2, 746.308960, 1635.148315,0.20784314,0.06666667,0,0.0,0.0,65539,0, 0)
captureUserWait ( 9 )
captureDispatchPointer( 49196326545000,49196493571000, 2, 746.308960, 1631.150391,0.20784314,0.06666667,0,0.0,0.0,65539,0, 0)
captureUserWait ( 9 )
captureDispatchPointer( 49196326545000,49196502889000, 2, 746.308960, 1627.152466,0.20784314,0.06666667,0,0.0,0.0,65539,0, 0)
captureUserWait ( 9 )
captureDispatchPointer( 49196326545000,49196512127000, 2, 746.308960, 1622.155029,0.20784314,0.06666667,0,0.0,0.0,65539,0, 0)
captureUserWait ( 9 )
captureDispatchPointer( 49196326545000,49196521408000, 2, 746.308960, 1616.158203,0.20784314,0.06666667,0,0.0,0.0,65539,0, 0)
captureUserWait ( 9 )
captureDispatchPointer( 49196326545000,49196530739000, 2, 746.308960, 1610.161377,0.20784314,0.06666667,0,0.0,0.0,65539,0, 0)
captureUserWait ( 9 )
captureDispatchPointer( 49196326545000,49196540103000, 2, 746.308960, 1603.165039,0.20784314,0.06666667,0,0.0,0.0,65539,0, 0)
captureUserWait ( 9 )
captureDispatchPointer( 49196326545000,49196549417000, 2, 746.308960, 1597.168091,0.20784314,0.06666667,0,0.0,0.0,65539,0, 0)
captureUserWait ( 9 )
captureDispatchPointer( 49196326545000,49196558729000, 2, 746.308960, 1591.171265,0.20784314,0.06666667,0,0.0,0.0,65539,0, 0)
captureUserWait ( 9 )
captureDispatchPointer( 49196326545000,49196568072000, 2, 746.308960, 1585.174316,0.20784314,0.06666667,0,0.0,0.0,65539,0, 0)
captureUserWait ( 9 )
captureDispatchPointer( 49196326545000,49196577373000, 2, 746.308960, 1579.177490,0.20784314,0.06666667,0,0.0,0.0,65539,0, 0)
captureUserWait ( 9 )
captureDispatchPointer( 49196326545000,49196586659000, 2, 746.308960, 1573.180542,0.20784314,0.06666667,0,0.0,0.0,65539,0, 0)
captureUserWait ( 9 )
captureDispatchPointer( 49196326545000,49196596015000, 2, 746.308960, 1567.183716,0.20784314,0.06666667,0,0.0,0.0,65539,0, 0)
captureUserWait ( 9 )
captureDispatchPointer( 49196326545000,49196605315000, 2, 746.308960, 1560.187378,0.20784314,0.06666667,0,0.0,0.0,65539,0, 0)
captureUserWait ( 9 )
captureDispatchPointer( 49196326545000,49196614600000, 2, 746.308960, 1553.191040,0.20784314,0.06666667,0,0.0,0.0,65539,0, 0)
captureUserWait ( 9 )
captureDispatchPointer( 49196326545000,49196623814000, 2, 746.308960, 1546.194702,0.20784314,0.06666667,0,0.0,0.0,65539,0, 0)
captureUserWait ( 9 )
captureDispatchPointer( 49196326545000,49196633119000, 2, 746.308960, 1539.198242,0.20784314,0.06666667,0,0.0,0.0,65539,0, 0)
captureUserWait ( 9 )
captureDispatchPointer( 49196326545000,49196642418000, 2, 746.308960, 1533.201416,0.20784314,0.06666667,0,0.0,0.0,65539,0, 0)
captureUserWait ( 9 )
captureDispatchPointer( 49196326545000,49196651825000, 2, 746.308960, 1527.204590,0.20784314,0.06666667,0,0.0,0.0,65539,0, 0)
captureUserWait ( 9 )
captureDispatchPointer( 49196326545000,49196661113000, 2, 746.308960, 1521.207642,0.20784314,0.06666667,0,0.0,0.0,65539,0, 0)
captureUserWait ( 9 )
captureDispatchPointer( 49196326545000,49196670426000, 2, 746.308960, 1515.210815,0.20784314,0.06666667,0,0.0,0.0,65539,0, 0)
captureUserWait ( 9 )
captureDispatchPointer( 49196326545000,49196679749000, 2, 746.308960, 1510.213379,0.20784314,0.06666667,0,0.0,0.0,65539,0, 0)
captureUserWait ( 9 )
captureDispatchPointer( 49196326545000,49196689060000, 2, 746.308960, 1504.216553,0.20784314,0.06666667,0,0.0,0.0,65539,0, 0)
captureUserWait ( 9 )
captureDispatchPointer( 49196326545000,49196698360000, 2, 747.308044, 1498.219604,0.20784314,0.06666667,0,0.0,0.0,65539,0, 0)
captureUserWait ( 9 )
captureDispatchPointer( 49196326545000,49196707679000, 2, 747.308044, 1492.222778,0.20784314,0.06666667,0,0.0,0.0,65539,0, 0)
captureUserWait ( 9 )
captureDispatchPointer( 49196326545000,49196716966000, 2, 748.307129, 1486.225830,0.20784314,0.06666667,0,0.0,0.0,65539,0, 0)
captureUserWait ( 9 )
captureDispatchPointer( 49196326545000,49196726280000, 2, 749.306213, 1480.229004,0.20784314,0.06666667,0,0.0,0.0,65539,0, 0)
captureUserWait ( 9 )
captureDispatchPointer( 49196326545000,49196735604000, 2, 749.306213, 1475.231567,0.20784314,0.06666667,0,0.0,0.0,65539,0, 0)
captureUserWait ( 9 )
captureDispatchPointer( 49196326545000,49196744791000, 2, 749.306213, 1471.233643,0.20784314,0.06666667,0,0.0,0.0,65539,0, 0)
captureUserWait ( 9 )
captureDispatchPointer( 49196326545000,49196754142000, 2, 749.306213, 1467.235718,0.20784314,0.06666667,0,0.0,0.0,65539,0, 0)
captureUserWait ( 9 )
captureDispatchPointer( 49196326545000,49196763432000, 2, 749.306213, 1464.237305,0.20784314,0.06666667,0,0.0,0.0,65539,0, 0)
captureUserWait ( 9 )
captureDispatchPointer( 49196326545000,49196772739000, 2, 750.305298, 1460.239380,0.20784314,0.06666667,0,0.0,0.0,65539,0, 0)
captureUserWait ( 9 )
captureDispatchPointer( 49196326545000,49196782029000, 2, 751.304321, 1456.241455,0.20784314,0.06666667,0,0.0,0.0,65539,0, 0)
captureUserWait ( 9 )
captureDispatchPointer( 49196326545000,49196791351000, 2, 751.304321, 1452.243530,0.20784314,0.06666667,0,0.0,0.0,65539,0, 0)
captureUserWait ( 9 )
captureDispatchPointer( 49196326545000,49196800635000, 2, 751.304321, 1448.245728,0.20784314,0.06666667,0,0.0,0.0,65539,0, 0)
captureUserWait ( 9 )
captureDispatchPointer( 49196326545000,49196809962000, 2, 752.303406, 1444.247803,0.20784314,0.06666667,0,0.0,0.0,65539,0, 0)
captureUserWait ( 9 )
captureDispatchPointer( 49196326545000,49196819269000, 2, 752.303406, 1440.249878,0.20784314,0.06666667,0,0.0,0.0,65539,0, 0)
captureUserWait ( 9 )
captureDispatchPointer( 49196326545000,49196828576000, 2, 753.302490, 1435.252441,0.20784314,0.06666667,0,0.0,0.0,65539,0, 0)
captureUserWait ( 9 )
captureDispatchPointer( 49196326545000,49196837910000, 2, 753.302490, 1430.255005,0.20784314,0.06666667,0,0.0,0.0,65539,0, 0)
captureUserWait ( 9 )
captureDispatchPointer( 49196326545000,49196847303000, 2, 754.301575, 1426.257080,0.20784314,0.06666667,0,0.0,0.0,65539,0, 0)
captureUserWait ( 9 )
captureDispatchPointer( 49196326545000,49196856527000, 2, 754.301575, 1422.259155,0.20784314,0.06666667,0,0.0,0.0,65539,0, 0)
captureUserWait ( 9 )
captureDispatchPointer( 49196326545000,49196865785000, 2, 755.300659, 1418.261230,0.20784314,0.06666667,0,0.0,0.0,65539,0, 0)
captureUserWait ( 9 )
captureDispatchPointer( 49196326545000,49196875123000, 2, 755.300659, 1414.263428,0.20784314,0.06666667,0,0.0,0.0,65539,0, 0)
captureUserWait ( 9 )
captureDispatchPointer( 49196326545000,49196884455000, 2, 755.300659, 1411.264893,0.20784314,0.06666667,0,0.0,0.0,65539,0, 0)
captureUserWait ( 9 )
captureDispatchPointer( 49196326545000,49196893762000, 2, 756.299744, 1407.266968,0.20784314,0.06666667,0,0.0,0.0,65539,0, 0)
captureUserWait ( 9 )
captureDispatchPointer( 49196326545000,49196903022000, 2, 756.299744, 1403.269043,0.20784314,0.06666667,0,0.0,0.0,65539,0, 0)
captureUserWait ( 9 )
captureDispatchPointer( 49196326545000,49196912319000, 2, 757.298828, 1399.271118,0.20784314,0.06666667,0,0.0,0.0,65539,0, 0)
captureUserWait ( 9 )
captureDispatchPointer( 49196326545000,49196921780000, 2, 757.298828, 1395.273315,0.20784314,0.06666667,0,0.0,0.0,65539,0, 0)
captureUserWait ( 9 )
captureDispatchPointer( 49196326545000,49196930923000, 2, 757.298828, 1390.275879,0.20784314,0.06666667,0,0.0,0.0,65539,0, 0)
captureUserWait ( 9 )
captureDispatchPointer( 49196326545000,49196940188000, 2, 757.298828, 1386.277954,0.20784314,0.06666667,0,0.0,0.0,65539,0, 0)
captureUserWait ( 9 )
captureDispatchPointer( 49196326545000,49196949498000, 2, 758.297852, 1382.280029,0.20784314,0.06666667,0,0.0,0.0,65539,0, 0)
captureUserWait ( 9 )
captureDispatchPointer( 49196326545000,49196958789000, 2, 758.297852, 1378.282104,0.20784314,0.06666667,0,0.0,0.0,65539,0, 0)
captureUserWait ( 9 )
captureDispatchPointer( 49196326545000,49196968085000, 2, 759.296936, 1374.284180,0.20784314,0.06666667,0,0.0,0.0,65539,0, 0)
captureUserWait ( 9 )
captureDispatchPointer( 49196326545000,49196977384000, 2, 759.296936, 1370.286255,0.20784314,0.06666667,0,0.0,0.0,65539,0, 0)
captureUserWait ( 9 )
captureDispatchPointer( 49196326545000,49196986681000, 2, 760.296021, 1366.288330,0.20784314,0.06666667,0,0.0,0.0,65539,0, 0)
captureUserWait ( 9 )
captureDispatchPointer( 49196326545000,49196995978000, 2, 761.295105, 1361.291016,0.20784314,0.06666667,0,0.0,0.0,65539,0, 0)
captureUserWait ( 9 )
captureDispatchPointer( 49196326545000,49197005349000, 2, 761.295105, 1357.293091,0.20784314,0.06666667,0,0.0,0.0,65539,0, 0)
captureUserWait ( 9 )
captureDispatchPointer( 49196326545000,49197014626000, 2, 762.294189, 1352.295654,0.20784314,0.06666667,0,0.0,0.0,65539,0, 0)
captureUserWait ( 9 )
captureDispatchPointer( 49196326545000,49197023951000, 2, 762.294189, 1347.298218,0.20784314,0.06666667,0,0.0,0.0,65539,0, 0)
captureUserWait ( 9 )
captureDispatchPointer( 49196326545000,49197033245000, 2, 763.293274, 1342.300903,0.20784314,0.06666667,0,0.0,0.0,65539,0, 0)
captureUserWait ( 9 )
captureDispatchPointer( 49196326545000,49197042570000, 2, 763.293274, 1338.302979,0.20784314,0.06666667,0,0.0,0.0,65539,0, 0)
captureUserWait ( 9 )
captureDispatchPointer( 49196326545000,49197051959000, 2, 764.292297, 1333.305542,0.20784314,0.06666667,0,0.0,0.0,65539,0, 0)
captureUserWait ( 9 )
captureDispatchPointer( 49196326545000,49197061166000, 2, 764.292297, 1329.307617,0.20784314,0.06666667,0,0.0,0.0,65539,0, 0)
captureUserWait ( 9 )
captureDispatchPointer( 49196326545000,49197070637000, 2, 764.292297, 1324.310181,0.20784314,0.06666667,0,0.0,0.0,65539,0, 0)
captureUserWait ( 9 )
captureDispatchPointer( 49196326545000,49197079811000, 2, 764.292297, 1319.312866,0.20784314,0.06666667,0,0.0,0.0,65539,0, 0)
captureUserWait ( 9 )
captureDispatchPointer( 49196326545000,49197089081000, 2, 764.292297, 1315.314941,0.20784314,0.06666667,0,0.0,0.0,65539,0, 0)
captureUserWait ( 9 )
captureDispatchPointer( 49196326545000,49197098428000, 2, 764.292297, 1310.317505,0.20784314,0.06666667,0,0.0,0.0,65539,0, 0)
captureUserWait ( 9 )
captureDispatchPointer( 49196326545000,49197107759000, 2, 765.291382, 1305.320068,0.20784314,0.06666667,0,0.0,0.0,65539,0, 0)
captureUserWait ( 9 )
captureDispatchPointer( 49196326545000,49197116989000, 2, 765.291382, 1300.322754,0.20784314,0.06666667,0,0.0,0.0,65539,0, 0)
captureUserWait ( 9 )
captureDispatchPointer( 49196326545000,49197126402000, 2, 765.291382, 1295.325317,0.20784314,0.06666667,0,0.0,0.0,65539,0, 0)
captureUserWait ( 9 )
captureDispatchPointer( 49196326545000,49197135636000, 2, 765.291382, 1290.327881,0.20784314,0.06666667,0,0.0,0.0,65539,0, 0)
captureUserWait ( 9 )
captureDispatchPointer( 49196326545000,49197144956000, 2, 765.291382, 1285.330566,0.20784314,0.06666667,0,0.0,0.0,65539,0, 0)
captureUserWait ( 9 )
captureDispatchPointer( 49196326545000,49197154279000, 2, 765.291382, 1281.332642,0.20784314,0.06666667,0,0.0,0.0,65539,0, 0)
captureUserWait ( 9 )
captureDispatchPointer( 49196326545000,49197163608000, 2, 765.291382, 1277.334717,0.20784314,0.06666667,0,0.0,0.0,65539,0, 0)
captureUserWait ( 9 )
captureDispatchPointer( 49196326545000,49197172914000, 2, 765.291382, 1273.336792,0.20784314,0.06666667,0,0.0,0.0,65539,0, 0)
captureUserWait ( 9 )
captureDispatchPointer( 49196326545000,49197182227000, 2, 765.291382, 1269.338867,0.20784314,0.06666667,0,0.0,0.0,65539,0, 0)
captureUserWait ( 9 )
captureDispatchPointer( 49196326545000,49197191562000, 2, 766.290466, 1265.340942,0.20784314,0.06666667,0,0.0,0.0,65539,0, 0)
captureUserWait ( 9 )
captureDispatchPointer( 49196326545000,49197200783000, 2, 766.290466, 1262.342529,0.20784314,0.06666667,0,0.0,0.0,65539,0, 0)
captureUserWait ( 9 )
captureDispatchPointer( 49196326545000,49197210184000, 2, 767.289551, 1258.344604,0.20784314,0.06666667,0,0.0,0.0,65539,0, 0)
captureUserWait ( 9 )
captureDispatchPointer( 49196326545000,49197219446000, 2, 767.289551, 1254.346680,0.20784314,0.06666667,0,0.0,0.0,65539,0, 0)
captureUserWait ( 9 )
captureDispatchPointer( 49196326545000,49197228766000, 2, 768.288635, 1249.349243,0.20784314,0.06666667,0,0.0,0.0,65539,0, 0)
captureUserWait ( 9 )
captureDispatchPointer( 49196326545000,49197238069000, 2, 769.287720, 1243.352417,0.20784314,0.06666667,0,0.0,0.0,65539,0, 0)
captureUserWait ( 9 )
captureDispatchPointer( 49196326545000,49197247373000, 2, 770.286804, 1237.355469,0.20784314,0.06666667,0,0.0,0.0,65539,0, 0)
captureUserWait ( 9 )
captureDispatchPointer( 49196326545000,49197256669000, 2, 771.285828, 1231.358643,0.20784314,0.06666667,0,0.0,0.0,65539,0, 0)
captureUserWait ( 9 )
captureDispatchPointer( 49196326545000,49197265972000, 2, 772.284912, 1226.361206,0.20784314,0.06666667,0,0.0,0.0,65539,0, 0)
captureUserWait ( 9 )
captureDispatchPointer( 49196326545000,49197275280000, 2, 773.283997, 1222.363281,0.20784314,0.06666667,0,0.0,0.0,65539,0, 0)
captureUserWait ( 9 )
captureDispatchPointer( 49196326545000,49197284571000, 2, 773.283997, 1218.365356,0.20784314,0.06666667,0,0.0,0.0,65539,0, 0)
captureUserWait ( 9 )
captureDispatchPointer( 49196326545000,49197293930000, 2, 773.283997, 1214.367432,0.20784314,0.06666667,0,0.0,0.0,65539,0, 0)
captureUserWait ( 9 )
captureDispatchPointer( 49196326545000,49197303188000, 2, 773.283997, 1211.369019,0.20784314,0.06666667,0,0.0,0.0,65539,0, 0)
captureUserWait ( 9 )
captureDispatchPointer( 49196326545000,49197312493000, 2, 773.283997, 1207.371094,0.20784314,0.06666667,0,0.0,0.0,65539,0, 0)
captureUserWait ( 9 )
captureDispatchPointer( 49196326545000,49197321892000, 2, 773.283997, 1204.372681,0.20784314,0.06666667,0,0.0,0.0,65539,0, 0)
captureUserWait ( 9 )
captureDispatchPointer( 49196326545000,49197331118000, 2, 773.283997, 1201.374268,0.20784314,0.06666667,0,0.0,0.0,65539,0, 0)
captureUserWait ( 9 )
captureDispatchPointer( 49196326545000,49197340381000, 2, 774.283081, 1197.376343,0.20784314,0.06666667,0,0.0,0.0,65539,0, 0)
captureUserWait ( 9 )
captureDispatchPointer( 49196326545000,49197349676000, 2, 775.282166, 1194.377930,0.20784314,0.06666667,0,0.0,0.0,65539,0, 0)
captureUserWait ( 9 )
captureDispatchPointer( 49196326545000,49197359028000, 2, 775.282166, 1191.379517,0.20784314,0.06666667,0,0.0,0.0,65539,0, 0)
captureUserWait ( 9 )
captureDispatchPointer( 49196326545000,49197368353000, 2, 775.282166, 1187.381592,0.20784314,0.06666667,0,0.0,0.0,65539,0, 0)
captureUserWait ( 9 )
captureDispatchPointer( 49196326545000,49197377657000, 2, 775.282166, 1184.383057,0.20784314,0.06666667,0,0.0,0.0,65539,0, 0)
captureUserWait ( 9 )
captureDispatchPointer( 49196326545000,49197386930000, 2, 775.282166, 1181.384644,0.20784314,0.06666667,0,0.0,0.0,65539,0, 0)
captureUserWait ( 9 )
captureDispatchPointer( 49196326545000,49197396294000, 2, 775.282166, 1177.386719,0.20784314,0.06666667,0,0.0,0.0,65539,0, 0)
captureUserWait ( 9 )
captureDispatchPointer( 49196326545000,49197405552000, 2, 775.282166, 1174.388306,0.20784314,0.06666667,0,0.0,0.0,65539,0, 0)
captureUserWait ( 9 )
captureDispatchPointer( 49196326545000,49197414864000, 2, 775.282166, 1170.390381,0.20784314,0.06666667,0,0.0,0.0,65539,0, 0)
captureUserWait ( 9 )
captureDispatchPointer( 49196326545000,49197424168000, 2, 775.282166, 1167.391968,0.20784314,0.06666667,0,0.0,0.0,65539,0, 0)
captureUserWait ( 9 )
captureDispatchPointer( 49196326545000,49197433466000, 2, 775.282166, 1163.394043,0.20784314,0.06666667,0,0.0,0.0,65539,0, 0)
captureUserWait ( 9 )
captureDispatchPointer( 49196326545000,49197442849000, 2, 775.282166, 1160.395630,0.20784314,0.06666667,0,0.0,0.0,65539,0, 0)
captureUserWait ( 9 )
captureDispatchPointer( 49196326545000,49197452137000, 2, 775.282166, 1157.397217,0.20784314,0.06666667,0,0.0,0.0,65539,0, 0)
captureUserWait ( 9 )
captureDispatchPointer( 49196326545000,49197461394000, 2, 775.282166, 1153.399292,0.20784314,0.06666667,0,0.0,0.0,65539,0, 0)
captureUserWait ( 9 )
captureDispatchPointer( 49196326545000,49197470699000, 2, 775.282166, 1150.400757,0.20784314,0.06666667,0,0.0,0.0,65539,0, 0)
captureUserWait ( 9 )
captureDispatchPointer( 49196326545000,49197480035000, 2, 775.282166, 1147.402344,0.20784314,0.06666667,0,0.0,0.0,65539,0, 0)
captureUserWait ( 9 )
captureDispatchPointer( 49196326545000,49197489300000, 2, 775.282166, 1143.404419,0.20784314,0.06666667,0,0.0,0.0,65539,0, 0)
captureUserWait ( 9 )
captureDispatchPointer( 49196326545000,49197498669000, 2, 775.282166, 1139.406494,0.20784314,0.06666667,0,0.0,0.0,65539,0, 0)
captureUserWait ( 9 )
captureDispatchPointer( 49196326545000,49197507948000, 2, 775.282166, 1135.408569,0.20784314,0.06666667,0,0.0,0.0,65539,0, 0)
captureUserWait ( 9 )
captureDispatchPointer( 49196326545000,49197517210000, 2, 775.282166, 1131.410645,0.20784314,0.06666667,0,0.0,0.0,65539,0, 0)
captureUserWait ( 9 )
captureDispatchPointer( 49196326545000,49197526559000, 2, 775.282166, 1127.412720,0.20784314,0.06666667,0,0.0,0.0,65539,0, 0)
captureUserWait ( 9 )
captureDispatchPointer( 49196326545000,49197535827000, 2, 775.282166, 1124.414307,0.20784314,0.06666667,0,0.0,0.0,65539,0, 0)
captureUserWait ( 9 )
captureDispatchPointer( 49196326545000,49197545104000, 2, 775.282166, 1121.415894,0.20784314,0.06666667,0,0.0,0.0,65539,0, 0)
captureUserWait ( 9 )
captureDispatchPointer( 49196326545000,49197554444000, 2, 775.282166, 1118.417480,0.20784314,0.06666667,0,0.0,0.0,65539,0, 0)
captureUserWait ( 9 )
captureDispatchPointer( 49196326545000,49197563748000, 2, 775.282166, 1115.419067,0.20784314,0.06666667,0,0.0,0.0,65539,0, 0)
captureUserWait ( 9 )
captureDispatchPointer( 49196326545000,49197573056000, 2, 775.282166, 1112.420532,0.20784314,0.06666667,0,0.0,0.0,65539,0, 0)
captureUserWait ( 9 )
captureDispatchPointer( 49196326545000,49197582412000, 2, 775.282166, 1109.422119,0.20784314,0.06666667,0,0.0,0.0,65539,0, 0)
captureUserWait ( 9 )
captureDispatchPointer( 49196326545000,49197591669000, 2, 775.282166, 1106.423706,0.20784314,0.06666667,0,0.0,0.0,65539,0, 0)
captureUserWait ( 9 )
captureDispatchPointer( 49196326545000,49197601024000, 2, 775.282166, 1103.425293,0.20784314,0.06666667,0,0.0,0.0,65539,0, 0)
captureUserWait ( 9 )
captureDispatchPointer( 49196326545000,49197610251000, 2, 775.282166, 1100.426880,0.20784314,0.06666667,0,0.0,0.0,65539,0, 0)
captureUserWait ( 9 )
captureDispatchPointer( 49196326545000,49197619572000, 2, 775.282166, 1097.428345,0.20784314,0.06666667,0,0.0,0.0,65539,0, 0)
captureUserWait ( 9 )
captureDispatchPointer( 49196326545000,49197628905000, 2, 775.282166, 1093.430420,0.20784314,0.06666667,0,0.0,0.0,65539,0, 0)
captureUserWait ( 9 )
captureDispatchPointer( 49196326545000,49197638204000, 2, 775.282166, 1090.432007,0.20784314,0.06666667,0,0.0,0.0,65539,0, 0)
captureUserWait ( 9 )
captureDispatchPointer( 49196326545000,49197647530000, 2, 775.282166, 1087.433594,0.20784314,0.06666667,0,0.0,0.0,65539,0, 0)
captureUserWait ( 9 )
captureDispatchPointer( 49196326545000,49197656820000, 2, 775.282166, 1085.434692,0.20784314,0.06666667,0,0.0,0.0,65539,0, 0)
captureUserWait ( 9 )
captureDispatchPointer( 49196326545000,49197666128000, 2, 775.282166, 1083.435669,0.20784314,0.06666667,0,0.0,0.0,65539,0, 0)
captureUserWait ( 9 )
captureDispatchPointer( 49196326545000,49197675477000, 2, 775.282166, 1081.436768,0.20784314,0.06666667,0,0.0,0.0,65539,0, 0)
captureUserWait ( 9 )
captureDispatchPointer( 49196326545000,49197684839000, 2, 775.282166, 1080.437256,0.20784314,0.06666667,0,0.0,0.0,65539,0, 0)
captureUserWait ( 9 )
captureDispatchPointer( 49196326545000,49197694122000, 2, 775.282166, 1079.437744,0.20784314,0.06666667,0,0.0,0.0,65539,0, 0)
captureUserWait ( 9 )
captureDispatchPointer( 49196326545000,49197703434000, 2, 775.282166, 1078.438232,0.20784314,0.06666667,0,0.0,0.0,65539,0, 0)
captureUserWait ( 9 )
captureDispatchPointer( 49196326545000,49197712881000, 2, 775.282166, 1076.439331,0.20784314,0.06666667,0,0.0,0.0,65539,0, 0)
captureUserWait ( 9 )
captureDispatchPointer( 49196326545000,49197722038000, 2, 775.282166, 1074.440430,0.20784314,0.06666667,0,0.0,0.0,65539,0, 0)
captureUserWait ( 9 )
captureDispatchPointer( 49196326545000,49197731245000, 2, 775.282166, 1072.441406,0.20784314,0.06666667,0,0.0,0.0,65539,0, 0)
captureUserWait ( 9 )
captureDispatchPointer( 49196326545000,49197740549000, 2, 775.282166, 1071.441895,0.20784314,0.06666667,0,0.0,0.0,65539,0, 0)
captureUserWait ( 9 )
captureDispatchPointer( 49196326545000,49197749826000, 2, 775.282166, 1069.442993,0.20784314,0.06666667,0,0.0,0.0,65539,0, 0)
captureUserWait ( 9 )
captureDispatchPointer( 49196326545000,49197759158000, 2, 775.282166, 1068.443481,0.20784314,0.06666667,0,0.0,0.0,65539,0, 0)
captureUserWait ( 9 )
captureDispatchPointer( 49196326545000,49197768469000, 2, 775.282166, 1067.443970,0.20784314,0.06666667,0,0.0,0.0,65539,0, 0)
captureUserWait ( 9 )
captureDispatchPointer( 49196326545000,49197777819000, 2, 775.282166, 1066.444580,0.20784314,0.06666667,0,0.0,0.0,65539,0, 0)
captureUserWait ( 9 )
captureDispatchPointer( 49196326545000,49197787115000, 2, 775.282166, 1065.445068,0.20784314,0.06666667,0,0.0,0.0,65539,0, 0)
captureUserWait ( 18 )
captureDispatchPointer( 49196326545000,49197805718000, 2, 775.282166, 1064.445557,0.20784314,0.06666667,0,0.0,0.0,65539,0, 0)
captureUserWait ( 18 )
captureDispatchPointer( 49196326545000,49197824476000, 2, 775.282166, 1063.446045,0.20784314,0.06666667,0,0.0,0.0,65539,0, 0)
captureUserWait ( 9 )
captureDispatchPointer( 49196326545000,49197833631000, 2, 775.282166, 1062.446655,0.20784314,0.06666667,0,0.0,0.0,65539,0, 0)
captureUserWait ( 9 )
captureDispatchPointer( 49196326545000,49197842947000, 2, 775.282166, 1061.447144,0.20784314,0.06666667,0,0.0,0.0,65539,0, 0)
captureUserWait ( 9 )
captureDispatchPointer( 49196326545000,49197852272000, 2, 775.282166, 1060.447632,0.20784314,0.06666667,0,0.0,0.0,65539,0, 0)
captureUserWait ( 55 )
captureDispatchPointer( 49196326545000,49197908101000, 2, 775.282166, 1059.448120,0.20784314,0.06666667,0,0.0,0.0,65539,0, 0)
captureUserWait ( 9 )
captureDispatchPointer( 49196326545000,49197917522000, 2, 775.282166, 1058.448730,0.20784314,0.06666667,0,0.0,0.0,65539,0, 0)
captureUserWait ( 9 )
captureDispatchPointer( 49196326545000,49197926773000, 2, 775.282166, 1057.449219,0.20784314,0.06666667,0,0.0,0.0,65539,0, 0)
captureUserWait ( 9 )
captureDispatchPointer( 49196326545000,49197936074000, 2, 775.282166, 1056.449707,0.20784314,0.06666667,0,0.0,0.0,65539,0, 0)
captureUserWait ( 27 )
captureDispatchPointer( 49196326545000,49197963945000, 2, 775.282166, 1055.450317,0.20784314,0.06666667,0,0.0,0.0,65539,0, 0)
captureUserWait ( 18 )
captureDispatchPointer( 49196326545000,49197982587000, 2, 775.282166, 1054.450806,0.20784314,0.06666667,0,0.0,0.0,65539,0, 0)
captureUserWait ( 9 )
captureDispatchPointer( 49196326545000,49197991892000, 2, 775.282166, 1053.451294,0.20784314,0.06666667,0,0.0,0.0,65539,0, 0)
captureUserWait ( 9 )
captureDispatchPointer( 49196326545000,49198001244000, 2, 775.282166, 1052.451782,0.20784314,0.06666667,0,0.0,0.0,65539,0, 0)
captureUserWait ( 9 )
captureDispatchPointer( 49196326545000,49198010516000, 2, 775.282166, 1051.452393,0.20784314,0.06666667,0,0.0,0.0,65539,0, 0)
captureUserWait ( 9 )
captureDispatchPointer( 49196326545000,49198019814000, 2, 775.282166, 1050.452881,0.20784314,0.06666667,0,0.0,0.0,65539,0, 0)
captureUserWait ( 9 )
captureDispatchPointer( 49196326545000,49198029108000, 2, 775.282166, 1049.453369,0.20784314,0.06666667,0,0.0,0.0,65539,0, 0)
captureUserWait ( 9 )
captureDispatchPointer( 49196326545000,49198038417000, 2, 775.282166, 1048.453857,0.20784314,0.06666667,0,0.0,0.0,65539,0, 0)
captureUserWait ( 55 )
captureDispatchPointer( 49196326545000,49198094258000, 2, 775.282166, 1047.454468,0.20784314,0.06666667,0,0.0,0.0,65539,0, 0)
captureUserWait ( 18 )
captureDispatchPointer( 49196326545000,49198112807000, 2, 775.282166, 1046.454956,0.20784314,0.06666667,0,0.0,0.0,65539,0, 0)
captureUserWait ( 9 )
captureDispatchPointer( 49196326545000,49198122252000, 2, 776.281250, 1045.455444,0.20784314,0.06666667,0,0.0,0.0,65539,0, 0)
captureUserWait ( 9 )
captureDispatchPointer( 49196326545000,49198131499000, 2, 776.281250, 1044.455933,0.20784314,0.06666667,0,0.0,0.0,65539,0, 0)
captureUserWait ( 9 )
captureDispatchPointer( 49196326545000,49198140783000, 2, 776.281250, 1043.456543,0.20784314,0.06666667,0,0.0,0.0,65539,0, 0)
captureUserWait ( 9 )
captureDispatchPointer( 49196326545000,49198150111000, 2, 776.281250, 1042.457031,0.20784314,0.06666667,0,0.0,0.0,65539,0, 0)
captureUserWait ( 27 )
captureDispatchPointer( 49196326545000,49198177959000, 2, 776.281250, 1042.457031,0.20784314,0.06666667,0,0.0,0.0,65539,0, 0)
captureUserWait ( 111 )
captureDispatchPointer( 49196326545000,49198289908000, 2, 776.281250, 1042.457031,0.20784314,0.06666667,0,0.0,0.0,65539,0, 0)
captureUserWait ( 18 )
captureDispatchPointer( 49196326545000,49198308710000, 2, 776.281250, 1042.457031,0.20784314,0.06666667,0,0.0,0.0,65539,0, 0)
captureUserWait ( 36 )
captureDispatchPointer( 49196326545000,49198345416000, 2, 776.281250, 1042.457031,0.20784314,0.06666667,0,0.0,0.0,65539,0, 0)
captureUserWait ( 18 )
captureDispatchPointer( 49196326545000,49198364261000, 2, 776.281250, 1042.457031,0.20784314,0.06666667,0,0.0,0.0,65539,0, 0)
captureUserWait ( 37 )
captureDispatchPointer( 49196326545000,49198401349000, 2, 777.280273, 1042.457031,0.20784314,0.06666667,0,0.0,0.0,65539,0, 0)
captureUserWait ( 9 )
captureDispatchPointer( 49196326545000,49198410668000, 2, 778.279358, 1042.457031,0.20784314,0.06666667,0,0.0,0.0,65539,0, 0)
captureUserWait ( 9 )
captureDispatchPointer( 49196326545000,49198420083000, 2, 779.278442, 1042.457031,0.20784314,0.06666667,0,0.0,0.0,65539,0, 0)
captureUserWait ( 9 )
captureDispatchPointer( 49196326545000,49198429210000, 2, 779.278442, 1042.457031,0.20784314,0.06666667,0,0.0,0.0,65539,0, 0)
captureUserWait ( 17 )
captureDispatchPointer( 49196326545000,49198446709000, 1, 779.278442, 1042.457031,0.20784314,0.06666667,0,0.0,0.0,65539,0, 0)
captureUserWait ( 2125 )

# 1st news
compareScreenshot(2014-10-08_09-49-39.jpg, 0, 0, 1080, 1920, 0, 1.0, 10)
captureDispatchPointer( 49200571795000,49200571795000, 0, 513.524536, 429.776154,0.20784314,0.06666667,0,0.0,0.0,65539,0, 0)
captureUserWait ( 43 )
captureDispatchPointer( 49200571795000,49200615406000, 1, 513.524536, 429.776154,0.20784314,0.06666667,0,0.0,0.0,65539,0, 0)
captureUserWait ( 38336 )

# browse
compareScreenshot(2014-10-08_09-50-17.jpg, 0, 0, 1080, 1920, 0, 1.0, 10)
captureDispatchPointer( 49238951683000,49238951683000, 0, 674.375610, 1703.112915,0.20784314,0.06666667,0,0.0,0.0,65539,0, 0)
captureUserWait ( 16 )
captureDispatchPointer( 49238951683000,49238968658000, 2, 674.375610, 1703.112915,0.20784314,0.06666667,0,0.0,0.0,65539,0, 0)
captureUserWait ( 18 )
captureDispatchPointer( 49238951683000,49238987149000, 2, 674.375610, 1702.113403,0.20784314,0.06666667,0,0.0,0.0,65539,0, 0)
captureUserWait ( 9 )
captureDispatchPointer( 49238951683000,49238996500000, 2, 674.375610, 1699.114990,0.20784314,0.06666667,0,0.0,0.0,65539,0, 0)
captureUserWait ( 9 )
captureDispatchPointer( 49238951683000,49239005786000, 2, 674.375610, 1694.117554,0.20784314,0.06666667,0,0.0,0.0,65539,0, 0)
captureUserWait ( 9 )
captureDispatchPointer( 49238951683000,49239015024000, 2, 674.375610, 1684.122803,0.20784314,0.06666667,0,0.0,0.0,65539,0, 0)
captureUserWait ( 9 )
captureDispatchPointer( 49238951683000,49239024321000, 2, 674.375610, 1670.130127,0.20784314,0.06666667,0,0.0,0.0,65539,0, 0)
captureUserWait ( 9 )
captureDispatchPointer( 49238951683000,49239033625000, 2, 674.375610, 1655.137939,0.20784314,0.06666667,0,0.0,0.0,65539,0, 0)
captureUserWait ( 9 )
captureDispatchPointer( 49238951683000,49239042944000, 2, 674.375610, 1640.145752,0.20784314,0.06666667,0,0.0,0.0,65539,0, 0)
captureUserWait ( 9 )
captureDispatchPointer( 49238951683000,49239052334000, 2, 673.376526, 1625.153564,0.20784314,0.06666667,0,0.0,0.0,65539,0, 0)
captureUserWait ( 9 )
captureDispatchPointer( 49238951683000,49239061651000, 2, 672.377441, 1607.162842,0.20784314,0.06666667,0,0.0,0.0,65539,0, 0)
captureUserWait ( 9 )
captureDispatchPointer( 49238951683000,49239070966000, 2, 671.378357, 1589.172241,0.20784314,0.06666667,0,0.0,0.0,65539,0, 0)
captureUserWait ( 9 )
captureDispatchPointer( 49238951683000,49239080504000, 2, 670.379272, 1574.180054,0.20784314,0.06666667,0,0.0,0.0,65539,0, 0)
captureUserWait ( 9 )
captureDispatchPointer( 49238951683000,49239089562000, 2, 669.380188, 1560.187378,0.20784314,0.06666667,0,0.0,0.0,65539,0, 0)
captureUserWait ( 9 )
captureDispatchPointer( 49238951683000,49239098757000, 2, 669.380188, 1547.194092,0.20784314,0.06666667,0,0.0,0.0,65539,0, 0)
captureUserWait ( 9 )
captureDispatchPointer( 49238951683000,49239108165000, 2, 669.380188, 1532.201904,0.20784314,0.06666667,0,0.0,0.0,65539,0, 0)
captureUserWait ( 9 )
captureDispatchPointer( 49238951683000,49239117496000, 2, 669.380188, 1517.209717,0.20784314,0.06666667,0,0.0,0.0,65539,0, 0)
captureUserWait ( 9 )
captureDispatchPointer( 49238951683000,49239126797000, 2, 670.379272, 1502.217529,0.20784314,0.06666667,0,0.0,0.0,65539,0, 0)
captureUserWait ( 9 )
captureDispatchPointer( 49238951683000,49239136112000, 2, 671.378357, 1487.225342,0.20784314,0.06666667,0,0.0,0.0,65539,0, 0)
captureUserWait ( 9 )
captureDispatchPointer( 49238951683000,49239145333000, 2, 673.376526, 1471.233643,0.20784314,0.06666667,0,0.0,0.0,65539,0, 0)
captureUserWait ( 9 )
captureDispatchPointer( 49238951683000,49239154632000, 2, 675.374634, 1452.243530,0.20784314,0.06666667,0,0.0,0.0,65539,0, 0)
captureUserWait ( 9 )
captureDispatchPointer( 49238951683000,49239164144000, 2, 678.371887, 1431.254517,0.20784314,0.06666667,0,0.0,0.0,65539,0, 0)
captureUserWait ( 9 )
captureDispatchPointer( 49238951683000,49239173302000, 2, 680.370056, 1411.264893,0.20784314,0.06666667,0,0.0,0.0,65539,0, 0)
captureUserWait ( 9 )
captureDispatchPointer( 49238951683000,49239182786000, 2, 683.367249, 1392.274780,0.20784314,0.06666667,0,0.0,0.0,65539,0, 0)
captureUserWait ( 9 )
captureDispatchPointer( 49238951683000,49239192004000, 2, 686.364502, 1373.284668,0.20784314,0.06666667,0,0.0,0.0,65539,0, 0)
captureUserWait ( 9 )
captureDispatchPointer( 49238951683000,49239201311000, 2, 690.360779, 1355.294067,0.20784314,0.06666667,0,0.0,0.0,65539,0, 0)
captureUserWait ( 9 )
captureDispatchPointer( 49238951683000,49239210577000, 2, 692.358948, 1340.301880,0.20784314,0.06666667,0,0.0,0.0,65539,0, 0)
captureUserWait ( 9 )
captureDispatchPointer( 49238951683000,49239219889000, 2, 694.357056, 1326.309204,0.20784314,0.06666667,0,0.0,0.0,65539,0, 0)
captureUserWait ( 9 )
captureDispatchPointer( 49238951683000,49239229224000, 2, 696.355225, 1312.316528,0.20784314,0.06666667,0,0.0,0.0,65539,0, 0)
captureUserWait ( 9 )
captureDispatchPointer( 49238951683000,49239238452000, 2, 698.353394, 1300.322754,0.20784314,0.06666667,0,0.0,0.0,65539,0, 0)
captureUserWait ( 9 )
captureDispatchPointer( 49238951683000,49239247766000, 2, 700.351501, 1286.329956,0.20784314,0.06666667,0,0.0,0.0,65539,0, 0)
captureUserWait ( 9 )
captureDispatchPointer( 49238951683000,49239257112000, 2, 703.348755, 1272.337280,0.20784314,0.06666667,0,0.0,0.0,65539,0, 0)
captureUserWait ( 9 )
captureDispatchPointer( 49238951683000,49239266393000, 2, 705.346924, 1258.344604,0.20784314,0.06666667,0,0.0,0.0,65539,0, 0)
captureUserWait ( 9 )
captureDispatchPointer( 49238951683000,49239275735000, 2, 707.345032, 1245.351318,0.20784314,0.06666667,0,0.0,0.0,65539,0, 0)
captureUserWait ( 9 )
captureDispatchPointer( 49238951683000,49239285121000, 2, 710.342285, 1231.358643,0.20784314,0.06666667,0,0.0,0.0,65539,0, 0)
captureUserWait ( 9 )
captureDispatchPointer( 49238951683000,49239294562000, 2, 713.339478, 1218.365356,0.20784314,0.06666667,0,0.0,0.0,65539,0, 0)
captureUserWait ( 9 )
captureDispatchPointer( 49238951683000,49239303680000, 2, 716.336731, 1205.372192,0.20784314,0.06666667,0,0.0,0.0,65539,0, 0)
captureUserWait ( 9 )
captureDispatchPointer( 49238951683000,49239313051000, 2, 718.334900, 1193.378418,0.20784314,0.06666667,0,0.0,0.0,65539,0, 0)
captureUserWait ( 9 )
captureDispatchPointer( 49238951683000,49239322342000, 2, 720.333008, 1182.384155,0.20784314,0.06666667,0,0.0,0.0,65539,0, 0)
captureUserWait ( 9 )
captureDispatchPointer( 49238951683000,49239331652000, 2, 722.331177, 1172.389404,0.20784314,0.06666667,0,0.0,0.0,65539,0, 0)
captureUserWait ( 9 )
captureDispatchPointer( 49238951683000,49239341000000, 2, 724.329346, 1162.394531,0.20784314,0.06666667,0,0.0,0.0,65539,0, 0)
captureUserWait ( 9 )
captureDispatchPointer( 49238951683000,49239350252000, 2, 726.327454, 1153.399292,0.20784314,0.06666667,0,0.0,0.0,65539,0, 0)
captureUserWait ( 9 )
captureDispatchPointer( 49238951683000,49239359575000, 2, 728.325623, 1145.403442,0.20784314,0.06666667,0,0.0,0.0,65539,0, 0)
captureUserWait ( 9 )
captureDispatchPointer( 49238951683000,49239368870000, 2, 730.323792, 1137.407593,0.20784314,0.06666667,0,0.0,0.0,65539,0, 0)
captureUserWait ( 9 )
captureDispatchPointer( 49238951683000,49239378169000, 2, 732.321899, 1129.411743,0.20784314,0.06666667,0,0.0,0.0,65539,0, 0)
captureUserWait ( 9 )
captureDispatchPointer( 49238951683000,49239387500000, 2, 734.320068, 1120.416382,0.20784314,0.06666667,0,0.0,0.0,65539,0, 0)
captureUserWait ( 9 )
captureDispatchPointer( 49238951683000,49239396808000, 2, 736.318237, 1110.421631,0.20784314,0.06666667,0,0.0,0.0,65539,0, 0)
captureUserWait ( 9 )
captureDispatchPointer( 49238951683000,49239406121000, 2, 738.316406, 1100.426880,0.20784314,0.06666667,0,0.0,0.0,65539,0, 0)
captureUserWait ( 9 )
captureDispatchPointer( 49238951683000,49239415518000, 2, 739.315430, 1091.431519,0.20784314,0.06666667,0,0.0,0.0,65539,0, 0)
captureUserWait ( 9 )
captureDispatchPointer( 49238951683000,49239424786000, 2, 740.314514, 1081.436768,0.20784314,0.06666667,0,0.0,0.0,65539,0, 0)
captureUserWait ( 9 )
captureDispatchPointer( 49238951683000,49239434083000, 2, 741.313599, 1071.441895,0.20784314,0.06666667,0,0.0,0.0,65539,0, 0)
captureUserWait ( 9 )
captureDispatchPointer( 49238951683000,49239443382000, 2, 742.312683, 1061.447144,0.20784314,0.06666667,0,0.0,0.0,65539,0, 0)
captureUserWait ( 9 )
captureDispatchPointer( 49238951683000,49239452684000, 2, 744.310852, 1051.452393,0.20784314,0.06666667,0,0.0,0.0,65539,0, 0)
captureUserWait ( 9 )
captureDispatchPointer( 49238951683000,49239462008000, 2, 746.308960, 1040.458130,0.20784314,0.06666667,0,0.0,0.0,65539,0, 0)
captureUserWait ( 9 )
captureDispatchPointer( 49238951683000,49239471349000, 2, 748.307129, 1029.463745,0.20784314,0.06666667,0,0.0,0.0,65539,0, 0)
captureUserWait ( 9 )
captureDispatchPointer( 49238951683000,49239480564000, 2, 751.304321, 1018.469543,0.20784314,0.06666667,0,0.0,0.0,65539,0, 0)
captureUserWait ( 9 )
captureDispatchPointer( 49238951683000,49239489854000, 2, 753.302490, 1008.474731,0.20784314,0.06666667,0,0.0,0.0,65539,0, 0)
captureUserWait ( 9 )
captureDispatchPointer( 49238951683000,49239499122000, 2, 754.301575, 999.479431,0.20784314,0.06666667,0,0.0,0.0,65539,0, 0)
captureUserWait ( 9 )
captureDispatchPointer( 49238951683000,49239508419000, 2, 755.300659, 990.484070,0.20784314,0.06666667,0,0.0,0.0,65539,0, 0)
captureUserWait ( 9 )
captureDispatchPointer( 49238951683000,49239517733000, 2, 757.298828, 981.488770,0.20784314,0.06666667,0,0.0,0.0,65539,0, 0)
captureUserWait ( 9 )
captureDispatchPointer( 49238951683000,49239527150000, 2, 758.297852, 972.493469,0.20784314,0.06666667,0,0.0,0.0,65539,0, 0)
captureUserWait ( 9 )
captureDispatchPointer( 49238951683000,49239536426000, 2, 760.296021, 963.498169,0.20784314,0.06666667,0,0.0,0.0,65539,0, 0)
captureUserWait ( 9 )
captureDispatchPointer( 49238951683000,49239545724000, 2, 762.294189, 953.503357,0.20784314,0.06666667,0,0.0,0.0,65539,0, 0)
captureUserWait ( 9 )
captureDispatchPointer( 49238951683000,49239554991000, 2, 764.292297, 942.509094,0.20784314,0.06666667,0,0.0,0.0,65539,0, 0)
captureUserWait ( 9 )
captureDispatchPointer( 49238951683000,49239564296000, 2, 766.290466, 932.514282,0.20784314,0.06666667,0,0.0,0.0,65539,0, 0)
captureUserWait ( 9 )
captureDispatchPointer( 49238951683000,49239573618000, 2, 768.288635, 922.519470,0.20784314,0.06666667,0,0.0,0.0,65539,0, 0)
captureUserWait ( 9 )
captureDispatchPointer( 49238951683000,49239582906000, 2, 770.286804, 914.523682,0.20784314,0.06666667,0,0.0,0.0,65539,0, 0)
captureUserWait ( 9 )
captureDispatchPointer( 49238951683000,49239592277000, 2, 772.284912, 907.527283,0.20784314,0.06666667,0,0.0,0.0,65539,0, 0)
captureUserWait ( 9 )
captureDispatchPointer( 49238951683000,49239601522000, 2, 773.283997, 901.530457,0.20784314,0.06666667,0,0.0,0.0,65539,0, 0)
captureUserWait ( 9 )
captureDispatchPointer( 49238951683000,49239610829000, 2, 775.282166, 894.534058,0.20784314,0.06666667,0,0.0,0.0,65539,0, 0)
captureUserWait ( 9 )
captureDispatchPointer( 49238951683000,49239620183000, 2, 777.280273, 887.537720,0.20784314,0.06666667,0,0.0,0.0,65539,0, 0)
captureUserWait ( 9 )
captureDispatchPointer( 49238951683000,49239629457000, 2, 779.278442, 880.541382,0.20784314,0.06666667,0,0.0,0.0,65539,0, 0)
captureUserWait ( 9 )
captureDispatchPointer( 49238951683000,49239638737000, 2, 781.276611, 873.544983,0.20784314,0.06666667,0,0.0,0.0,65539,0, 0)
captureUserWait ( 9 )
captureDispatchPointer( 49238951683000,49239648030000, 2, 783.274780, 865.549194,0.20784314,0.06666667,0,0.0,0.0,65539,0, 0)
captureUserWait ( 9 )
captureDispatchPointer( 49238951683000,49239657382000, 2, 786.271973, 856.553833,0.20784314,0.06666667,0,0.0,0.0,65539,0, 0)
captureUserWait ( 9 )
captureDispatchPointer( 49238951683000,49239666773000, 2, 789.269226, 847.558533,0.20784314,0.06666667,0,0.0,0.0,65539,0, 0)
captureUserWait ( 9 )
captureDispatchPointer( 49238951683000,49239676056000, 2, 792.266418, 838.563232,0.20784314,0.06666667,0,0.0,0.0,65539,0, 0)
captureUserWait ( 9 )
captureDispatchPointer( 49238951683000,49239685359000, 2, 794.264587, 831.566895,0.20784314,0.06666667,0,0.0,0.0,65539,0, 0)
captureUserWait ( 9 )
captureDispatchPointer( 49238951683000,49239694674000, 2, 796.262695, 824.570496,0.20784314,0.06666667,0,0.0,0.0,65539,0, 0)
captureUserWait ( 9 )
captureDispatchPointer( 49238951683000,49239704028000, 2, 798.260864, 817.574158,0.20784314,0.06666667,0,0.0,0.0,65539,0, 0)
captureUserWait ( 9 )
captureDispatchPointer( 49238951683000,49239713360000, 2, 800.259033, 809.578308,0.20784314,0.06666667,0,0.0,0.0,65539,0, 0)
captureUserWait ( 9 )
captureDispatchPointer( 49238951683000,49239722603000, 2, 802.257202, 801.582520,0.20784314,0.06666667,0,0.0,0.0,65539,0, 0)
captureUserWait ( 9 )
captureDispatchPointer( 49238951683000,49239731913000, 2, 805.254395, 792.587158,0.20784314,0.06666667,0,0.0,0.0,65539,0, 0)
captureUserWait ( 9 )
captureDispatchPointer( 49238951683000,49239741248000, 2, 808.251648, 784.591370,0.20784314,0.06666667,0,0.0,0.0,65539,0, 0)
captureUserWait ( 9 )
captureDispatchPointer( 49238951683000,49239750514000, 2, 811.248840, 774.596558,0.20784314,0.06666667,0,0.0,0.0,65539,0, 0)
captureUserWait ( 9 )
captureDispatchPointer( 49238951683000,49239759787000, 2, 814.246094, 766.600708,0.20784314,0.06666667,0,0.0,0.0,65539,0, 0)
captureUserWait ( 9 )
captureDispatchPointer( 49238951683000,49239769155000, 2, 816.244202, 759.604370,0.20784314,0.06666667,0,0.0,0.0,65539,0, 0)
captureUserWait ( 9 )
captureDispatchPointer( 49238951683000,49239778448000, 2, 818.242371, 753.607483,0.20784314,0.06666667,0,0.0,0.0,65539,0, 0)
captureUserWait ( 9 )
captureDispatchPointer( 49238951683000,49239787757000, 2, 819.241455, 747.610596,0.20784314,0.06666667,0,0.0,0.0,65539,0, 0)
captureUserWait ( 9 )
captureDispatchPointer( 49238951683000,49239797085000, 2, 820.240540, 741.613708,0.20784314,0.06666667,0,0.0,0.0,65539,0, 0)
captureUserWait ( 9 )
captureDispatchPointer( 49238951683000,49239806331000, 2, 821.239624, 735.616821,0.20784314,0.06666667,0,0.0,0.0,65539,0, 0)
captureUserWait ( 9 )
captureDispatchPointer( 49238951683000,49239816123000, 2, 823.237732, 729.619995,0.20784314,0.06666667,0,0.0,0.0,65539,0, 0)
captureUserWait ( 8 )
captureDispatchPointer( 49238951683000,49239824994000, 2, 824.236816, 723.623108,0.20784314,0.06666667,0,0.0,0.0,65539,0, 0)
captureUserWait ( 9 )
captureDispatchPointer( 49238951683000,49239834267000, 2, 825.235901, 718.625671,0.20784314,0.06666667,0,0.0,0.0,65539,0, 0)
captureUserWait ( 9 )
captureDispatchPointer( 49238951683000,49239843601000, 2, 826.234985, 713.628296,0.20784314,0.06666667,0,0.0,0.0,65539,0, 0)
captureUserWait ( 9 )
captureDispatchPointer( 49238951683000,49239852770000, 2, 827.234070, 708.630920,0.20784314,0.06666667,0,0.0,0.0,65539,0, 0)
captureUserWait ( 9 )
captureDispatchPointer( 49238951683000,49239862128000, 2, 828.233093, 704.632996,0.20784314,0.06666667,0,0.0,0.0,65539,0, 0)
captureUserWait ( 9 )
captureDispatchPointer( 49238951683000,49239871481000, 2, 829.232178, 700.635071,0.20784314,0.06666667,0,0.0,0.0,65539,0, 0)
captureUserWait ( 9 )
captureDispatchPointer( 49238951683000,49239880743000, 2, 830.231262, 697.636658,0.20784314,0.06666667,0,0.0,0.0,65539,0, 0)
captureUserWait ( 9 )
captureDispatchPointer( 49238951683000,49239890049000, 2, 831.230347, 694.638184,0.20784314,0.06666667,0,0.0,0.0,65539,0, 0)
captureUserWait ( 9 )
captureDispatchPointer( 49238951683000,49239899287000, 2, 832.229431, 691.639771,0.20784314,0.06666667,0,0.0,0.0,65539,0, 0)
captureUserWait ( 9 )
captureDispatchPointer( 49238951683000,49239908675000, 2, 833.228516, 688.641296,0.20784314,0.06666667,0,0.0,0.0,65539,0, 0)
captureUserWait ( 9 )
captureDispatchPointer( 49238951683000,49239917967000, 2, 834.227600, 685.642883,0.20784314,0.06666667,0,0.0,0.0,65539,0, 0)
captureUserWait ( 9 )
captureDispatchPointer( 49238951683000,49239927350000, 2, 835.226624, 681.644958,0.20784314,0.06666667,0,0.0,0.0,65539,0, 0)
captureUserWait ( 9 )
captureDispatchPointer( 49238951683000,49239936593000, 2, 836.225708, 677.647034,0.20784314,0.06666667,0,0.0,0.0,65539,0, 0)
captureUserWait ( 9 )
captureDispatchPointer( 49238951683000,49239945996000, 2, 837.224792, 673.649109,0.20784314,0.06666667,0,0.0,0.0,65539,0, 0)
captureUserWait ( 9 )
captureDispatchPointer( 49238951683000,49239955216000, 2, 838.223877, 669.651184,0.20784314,0.06666667,0,0.0,0.0,65539,0, 0)
captureUserWait ( 9 )
captureDispatchPointer( 49238951683000,49239964585000, 2, 839.222961, 665.653259,0.20784314,0.06666667,0,0.0,0.0,65539,0, 0)
captureUserWait ( 9 )
captureDispatchPointer( 49238951683000,49239973886000, 2, 840.222046, 662.654846,0.20784314,0.06666667,0,0.0,0.0,65539,0, 0)
captureUserWait ( 9 )
captureDispatchPointer( 49238951683000,49239983139000, 2, 841.221069, 659.656433,0.20784314,0.06666667,0,0.0,0.0,65539,0, 0)
captureUserWait ( 9 )
captureDispatchPointer( 49238951683000,49239992424000, 2, 841.221069, 657.657471,0.20784314,0.06666667,0,0.0,0.0,65539,0, 0)
captureUserWait ( 9 )
captureDispatchPointer( 49238951683000,49240001704000, 2, 842.220154, 655.658508,0.20784314,0.06666667,0,0.0,0.0,65539,0, 0)
captureUserWait ( 9 )
captureDispatchPointer( 49238951683000,49240011033000, 2, 842.220154, 653.659546,0.20784314,0.06666667,0,0.0,0.0,65539,0, 0)
captureUserWait ( 9 )
captureDispatchPointer( 49238951683000,49240020321000, 2, 842.220154, 651.660583,0.20784314,0.06666667,0,0.0,0.0,65539,0, 0)
captureUserWait ( 9 )
captureDispatchPointer( 49238951683000,49240029609000, 2, 842.220154, 650.661072,0.20784314,0.06666667,0,0.0,0.0,65539,0, 0)
captureUserWait ( 9 )
captureDispatchPointer( 49238951683000,49240038944000, 2, 842.220154, 649.661621,0.20784314,0.06666667,0,0.0,0.0,65539,0, 0)
captureUserWait ( 9 )
captureDispatchPointer( 49238951683000,49240048237000, 2, 842.220154, 648.662109,0.20784314,0.06666667,0,0.0,0.0,65539,0, 0)
captureUserWait ( 9 )
captureDispatchPointer( 49238951683000,49240057553000, 2, 842.220154, 647.662659,0.20784314,0.06666667,0,0.0,0.0,65539,0, 0)
captureUserWait ( 9 )
captureDispatchPointer( 49238951683000,49240066842000, 2, 842.220154, 646.663208,0.20784314,0.06666667,0,0.0,0.0,65539,0, 0)
captureUserWait ( 9 )
captureDispatchPointer( 49238951683000,49240076267000, 2, 842.220154, 645.663696,0.20784314,0.06666667,0,0.0,0.0,65539,0, 0)
captureUserWait ( 27 )
captureDispatchPointer( 49238951683000,49240104056000, 2, 842.220154, 645.663696,0.20784314,0.06666667,0,0.0,0.0,65539,0, 0)
captureUserWait ( 8 )
captureDispatchPointer( 49238951683000,49240112234000, 1, 842.220154, 645.663696,0.20784314,0.06666667,0,0.0,0.0,65539,0, 0)

# read 1 min
captureUserWait ( 60000 )
captureUserWait ( 15000 )

captureDispatchPointer( 49240705631000,49240705631000, 0, 636.410706, 1582.175903,0.20784314,0.06666667,0,0.0,0.0,65539,0, 0)
captureUserWait ( 9 )
captureDispatchPointer( 49240705631000,49240714924000, 2, 636.410706, 1582.175903,0.20784314,0.06666667,0,0.0,0.0,65539,0, 0)
captureUserWait ( 27 )
captureDispatchPointer( 49240705631000,49240742628000, 2, 635.411682, 1582.175903,0.20784314,0.06666667,0,0.0,0.0,65539,0, 0)
captureUserWait ( 18 )
captureDispatchPointer( 49240705631000,49240761300000, 2, 634.412598, 1581.176392,0.20784314,0.06666667,0,0.0,0.0,65539,0, 0)
captureUserWait ( 9 )
captureDispatchPointer( 49240705631000,49240770645000, 2, 633.413513, 1580.177002,0.20784314,0.06666667,0,0.0,0.0,65539,0, 0)
captureUserWait ( 9 )
captureDispatchPointer( 49240705631000,49240779816000, 2, 632.414429, 1578.177979,0.20784314,0.06666667,0,0.0,0.0,65539,0, 0)
captureUserWait ( 9 )
captureDispatchPointer( 49240705631000,49240789157000, 2, 631.415344, 1574.180054,0.20784314,0.06666667,0,0.0,0.0,65539,0, 0)
captureUserWait ( 9 )
captureDispatchPointer( 49240705631000,49240798454000, 2, 631.415344, 1569.182739,0.20784314,0.06666667,0,0.0,0.0,65539,0, 0)
captureUserWait ( 9 )
captureDispatchPointer( 49240705631000,49240807764000, 2, 631.415344, 1563.185791,0.20784314,0.06666667,0,0.0,0.0,65539,0, 0)
captureUserWait ( 9 )
captureDispatchPointer( 49240705631000,49240817072000, 2, 631.415344, 1556.189453,0.20784314,0.06666667,0,0.0,0.0,65539,0, 0)
captureUserWait ( 9 )
captureDispatchPointer( 49240705631000,49240826716000, 2, 631.415344, 1549.193115,0.20784314,0.06666667,0,0.0,0.0,65539,0, 0)
captureUserWait ( 9 )
captureDispatchPointer( 49240705631000,49240835781000, 2, 631.415344, 1542.196777,0.20784314,0.06666667,0,0.0,0.0,65539,0, 0)
captureUserWait ( 9 )
captureDispatchPointer( 49240705631000,49240845141000, 2, 631.415344, 1534.200928,0.20784314,0.06666667,0,0.0,0.0,65539,0, 0)
captureUserWait ( 9 )
captureDispatchPointer( 49240705631000,49240854404000, 2, 631.415344, 1525.205566,0.20784314,0.06666667,0,0.0,0.0,65539,0, 0)
captureUserWait ( 9 )
captureDispatchPointer( 49240705631000,49240863744000, 2, 631.415344, 1514.211304,0.20784314,0.06666667,0,0.0,0.0,65539,0, 0)
captureUserWait ( 9 )
captureDispatchPointer( 49240705631000,49240873330000, 2, 631.415344, 1503.217041,0.20784314,0.06666667,0,0.0,0.0,65539,0, 0)
captureUserWait ( 8 )
captureDispatchPointer( 49240705631000,49240882275000, 2, 631.415344, 1493.222290,0.20784314,0.06666667,0,0.0,0.0,65539,0, 0)
captureUserWait ( 9 )
captureDispatchPointer( 49240705631000,49240891597000, 2, 632.414429, 1483.227417,0.20784314,0.06666667,0,0.0,0.0,65539,0, 0)
captureUserWait ( 9 )
captureDispatchPointer( 49240705631000,49240900919000, 2, 632.414429, 1473.232666,0.20784314,0.06666667,0,0.0,0.0,65539,0, 0)
captureUserWait ( 9 )
captureDispatchPointer( 49240705631000,49240910143000, 2, 632.414429, 1463.237915,0.20784314,0.06666667,0,0.0,0.0,65539,0, 0)
captureUserWait ( 9 )
captureDispatchPointer( 49240705631000,49240919484000, 2, 633.413513, 1454.242554,0.20784314,0.06666667,0,0.0,0.0,65539,0, 0)
captureUserWait ( 9 )
captureDispatchPointer( 49240705631000,49240928973000, 2, 634.412598, 1445.247192,0.20784314,0.06666667,0,0.0,0.0,65539,0, 0)
captureUserWait ( 9 )
captureDispatchPointer( 49240705631000,49240938146000, 2, 634.412598, 1437.251343,0.20784314,0.06666667,0,0.0,0.0,65539,0, 0)
captureUserWait ( 9 )
captureDispatchPointer( 49240705631000,49240947614000, 2, 634.412598, 1430.255005,0.20784314,0.06666667,0,0.0,0.0,65539,0, 0)
captureUserWait ( 9 )
captureDispatchPointer( 49240705631000,49240956770000, 2, 634.412598, 1424.258179,0.20784314,0.06666667,0,0.0,0.0,65539,0, 0)
captureUserWait ( 9 )
captureDispatchPointer( 49240705631000,49240966174000, 2, 634.412598, 1417.261841,0.20784314,0.06666667,0,0.0,0.0,65539,0, 0)
captureUserWait ( 9 )
captureDispatchPointer( 49240705631000,49240975306000, 2, 634.412598, 1410.265503,0.20784314,0.06666667,0,0.0,0.0,65539,0, 0)
captureUserWait ( 9 )
captureDispatchPointer( 49240705631000,49240984595000, 2, 635.411682, 1401.270142,0.20784314,0.06666667,0,0.0,0.0,65539,0, 0)
captureUserWait ( 9 )
captureDispatchPointer( 49240705631000,49240993968000, 2, 637.409790, 1389.276367,0.20784314,0.06666667,0,0.0,0.0,65539,0, 0)
captureUserWait ( 9 )
captureDispatchPointer( 49240705631000,49241003306000, 2, 640.407043, 1375.283691,0.20784314,0.06666667,0,0.0,0.0,65539,0, 0)
captureUserWait ( 9 )
captureDispatchPointer( 49240705631000,49241012580000, 2, 643.404236, 1363.289917,0.20784314,0.06666667,0,0.0,0.0,65539,0, 0)
captureUserWait ( 9 )
captureDispatchPointer( 49240705631000,49241022012000, 2, 645.402405, 1353.295166,0.20784314,0.06666667,0,0.0,0.0,65539,0, 0)
captureUserWait ( 9 )
captureDispatchPointer( 49240705631000,49241031241000, 2, 647.400574, 1345.299316,0.20784314,0.06666667,0,0.0,0.0,65539,0, 0)
captureUserWait ( 9 )
captureDispatchPointer( 49240705631000,49241040535000, 2, 649.398682, 1338.302979,0.20784314,0.06666667,0,0.0,0.0,65539,0, 0)
captureUserWait ( 9 )
captureDispatchPointer( 49240705631000,49241049854000, 2, 650.397766, 1332.306030,0.20784314,0.06666667,0,0.0,0.0,65539,0, 0)
captureUserWait ( 9 )
captureDispatchPointer( 49240705631000,49241059129000, 2, 651.396851, 1327.308716,0.20784314,0.06666667,0,0.0,0.0,65539,0, 0)
captureUserWait ( 9 )
captureDispatchPointer( 49240705631000,49241068447000, 2, 652.395935, 1322.311279,0.20784314,0.06666667,0,0.0,0.0,65539,0, 0)
captureUserWait ( 9 )
captureDispatchPointer( 49240705631000,49241077760000, 2, 653.395020, 1317.313843,0.20784314,0.06666667,0,0.0,0.0,65539,0, 0)
captureUserWait ( 9 )
captureDispatchPointer( 49240705631000,49241087174000, 2, 654.394104, 1312.316528,0.20784314,0.06666667,0,0.0,0.0,65539,0, 0)
captureUserWait ( 9 )
captureDispatchPointer( 49240705631000,49241096372000, 2, 655.393188, 1307.319092,0.20784314,0.06666667,0,0.0,0.0,65539,0, 0)
captureUserWait ( 9 )
captureDispatchPointer( 49240705631000,49241105679000, 2, 656.392212, 1300.322754,0.20784314,0.06666667,0,0.0,0.0,65539,0, 0)
captureUserWait ( 9 )
captureDispatchPointer( 49240705631000,49241115006000, 2, 657.391296, 1294.325806,0.20784314,0.06666667,0,0.0,0.0,65539,0, 0)
captureUserWait ( 9 )
captureDispatchPointer( 49240705631000,49241124285000, 2, 658.390381, 1288.328979,0.20784314,0.06666667,0,0.0,0.0,65539,0, 0)
captureUserWait ( 9 )
captureDispatchPointer( 49240705631000,49241133583000, 2, 659.389465, 1282.332031,0.20784314,0.06666667,0,0.0,0.0,65539,0, 0)
captureUserWait ( 9 )
captureDispatchPointer( 49240705631000,49241142909000, 2, 660.388550, 1277.334717,0.20784314,0.06666667,0,0.0,0.0,65539,0, 0)
captureUserWait ( 9 )
captureDispatchPointer( 49240705631000,49241152282000, 2, 661.387634, 1272.337280,0.20784314,0.06666667,0,0.0,0.0,65539,0, 0)
captureUserWait ( 9 )
captureDispatchPointer( 49240705631000,49241161626000, 2, 662.386658, 1267.339844,0.20784314,0.06666667,0,0.0,0.0,65539,0, 0)
captureUserWait ( 9 )
captureDispatchPointer( 49240705631000,49241170854000, 2, 662.386658, 1263.341919,0.20784314,0.06666667,0,0.0,0.0,65539,0, 0)
captureUserWait ( 9 )
captureDispatchPointer( 49240705631000,49241180226000, 2, 663.385742, 1258.344604,0.20784314,0.06666667,0,0.0,0.0,65539,0, 0)
captureUserWait ( 9 )
captureDispatchPointer( 49240705631000,49241189448000, 2, 664.384827, 1253.347168,0.20784314,0.06666667,0,0.0,0.0,65539,0, 0)
captureUserWait ( 9 )
captureDispatchPointer( 49240705631000,49241198768000, 2, 665.383911, 1248.349731,0.20784314,0.06666667,0,0.0,0.0,65539,0, 0)
captureUserWait ( 9 )
captureDispatchPointer( 49240705631000,49241208094000, 2, 666.382996, 1242.352905,0.20784314,0.06666667,0,0.0,0.0,65539,0, 0)
captureUserWait ( 9 )
captureDispatchPointer( 49240705631000,49241217330000, 2, 667.382080, 1235.356567,0.20784314,0.06666667,0,0.0,0.0,65539,0, 0)
captureUserWait ( 9 )
captureDispatchPointer( 49240705631000,49241226567000, 2, 668.381104, 1227.360718,0.20784314,0.06666667,0,0.0,0.0,65539,0, 0)
captureUserWait ( 9 )
captureDispatchPointer( 49240705631000,49241235887000, 2, 669.380188, 1219.364868,0.20784314,0.06666667,0,0.0,0.0,65539,0, 0)
captureUserWait ( 9 )
captureDispatchPointer( 49240705631000,49241245255000, 2, 669.380188, 1211.369019,0.20784314,0.06666667,0,0.0,0.0,65539,0, 0)
captureUserWait ( 9 )
captureDispatchPointer( 49240705631000,49241254547000, 2, 670.379272, 1204.372681,0.20784314,0.06666667,0,0.0,0.0,65539,0, 0)
captureUserWait ( 9 )
captureDispatchPointer( 49240705631000,49241263869000, 2, 671.378357, 1197.376343,0.20784314,0.06666667,0,0.0,0.0,65539,0, 0)
captureUserWait ( 9 )
captureDispatchPointer( 49240705631000,49241273205000, 2, 672.377441, 1190.380005,0.20784314,0.06666667,0,0.0,0.0,65539,0, 0)
captureUserWait ( 9 )
captureDispatchPointer( 49240705631000,49241282609000, 2, 673.376526, 1183.383667,0.20784314,0.06666667,0,0.0,0.0,65539,0, 0)
captureUserWait ( 9 )
captureDispatchPointer( 49240705631000,49241291822000, 2, 674.375610, 1176.387329,0.20784314,0.06666667,0,0.0,0.0,65539,0, 0)
captureUserWait ( 9 )
captureDispatchPointer( 49240705631000,49241301021000, 2, 675.374634, 1170.390381,0.20784314,0.06666667,0,0.0,0.0,65539,0, 0)
captureUserWait ( 9 )
captureDispatchPointer( 49240705631000,49241310348000, 2, 676.373718, 1164.393555,0.20784314,0.06666667,0,0.0,0.0,65539,0, 0)
captureUserWait ( 9 )
captureDispatchPointer( 49240705631000,49241319622000, 2, 677.372803, 1157.397217,0.20784314,0.06666667,0,0.0,0.0,65539,0, 0)
captureUserWait ( 9 )
captureDispatchPointer( 49240705631000,49241328928000, 2, 678.371887, 1150.400757,0.20784314,0.06666667,0,0.0,0.0,65539,0, 0)
captureUserWait ( 9 )
captureDispatchPointer( 49240705631000,49241338219000, 2, 679.370972, 1143.404419,0.20784314,0.06666667,0,0.0,0.0,65539,0, 0)
captureUserWait ( 9 )
captureDispatchPointer( 49240705631000,49241347562000, 2, 680.370056, 1135.408569,0.20784314,0.06666667,0,0.0,0.0,65539,0, 0)
captureUserWait ( 9 )
captureDispatchPointer( 49240705631000,49241356888000, 2, 681.369080, 1128.412231,0.20784314,0.06666667,0,0.0,0.0,65539,0, 0)
captureUserWait ( 9 )
captureDispatchPointer( 49240705631000,49241366286000, 2, 682.368164, 1120.416382,0.20784314,0.06666667,0,0.0,0.0,65539,0, 0)
captureUserWait ( 9 )
captureDispatchPointer( 49240705631000,49241375557000, 2, 682.368164, 1114.419556,0.20784314,0.06666667,0,0.0,0.0,65539,0, 0)
captureUserWait ( 9 )
captureDispatchPointer( 49240705631000,49241384760000, 2, 682.368164, 1108.422729,0.20784314,0.06666667,0,0.0,0.0,65539,0, 0)
captureUserWait ( 9 )
captureDispatchPointer( 49240705631000,49241394050000, 2, 682.368164, 1102.425781,0.20784314,0.06666667,0,0.0,0.0,65539,0, 0)
captureUserWait ( 9 )
captureDispatchPointer( 49240705631000,49241403349000, 2, 682.368164, 1097.428345,0.20784314,0.06666667,0,0.0,0.0,65539,0, 0)
captureUserWait ( 9 )
captureDispatchPointer( 49240705631000,49241412722000, 2, 683.367249, 1092.431030,0.20784314,0.06666667,0,0.0,0.0,65539,0, 0)
captureUserWait ( 9 )
captureDispatchPointer( 49240705631000,49241422005000, 2, 684.366333, 1087.433594,0.20784314,0.06666667,0,0.0,0.0,65539,0, 0)
captureUserWait ( 9 )
captureDispatchPointer( 49240705631000,49241431371000, 2, 685.365417, 1082.436157,0.20784314,0.06666667,0,0.0,0.0,65539,0, 0)
captureUserWait ( 9 )
captureDispatchPointer( 49240705631000,49241440627000, 2, 686.364502, 1077.438843,0.20784314,0.06666667,0,0.0,0.0,65539,0, 0)
captureUserWait ( 9 )
captureDispatchPointer( 49240705631000,49241449870000, 2, 687.363525, 1072.441406,0.20784314,0.06666667,0,0.0,0.0,65539,0, 0)
captureUserWait ( 9 )
captureDispatchPointer( 49240705631000,49241459204000, 2, 688.362610, 1067.443970,0.20784314,0.06666667,0,0.0,0.0,65539,0, 0)
captureUserWait ( 9 )
captureDispatchPointer( 49240705631000,49241468578000, 2, 689.361694, 1061.447144,0.20784314,0.06666667,0,0.0,0.0,65539,0, 0)
captureUserWait ( 9 )
captureDispatchPointer( 49240705631000,49241477840000, 2, 690.360779, 1055.450317,0.20784314,0.06666667,0,0.0,0.0,65539,0, 0)
captureUserWait ( 9 )
captureDispatchPointer( 49240705631000,49241487131000, 2, 691.359863, 1049.453369,0.20784314,0.06666667,0,0.0,0.0,65539,0, 0)
captureUserWait ( 9 )
captureDispatchPointer( 49240705631000,49241496427000, 2, 692.358948, 1043.456543,0.20784314,0.06666667,0,0.0,0.0,65539,0, 0)
captureUserWait ( 9 )
captureDispatchPointer( 49240705631000,49241505749000, 2, 693.358032, 1037.459595,0.20784314,0.06666667,0,0.0,0.0,65539,0, 0)
captureUserWait ( 9 )
captureDispatchPointer( 49240705631000,49241515142000, 2, 694.357056, 1031.462769,0.20784314,0.06666667,0,0.0,0.0,65539,0, 0)
captureUserWait ( 9 )
captureDispatchPointer( 49240705631000,49241524379000, 2, 695.356140, 1024.466431,0.20784314,0.06666667,0,0.0,0.0,65539,0, 0)
captureUserWait ( 9 )
captureDispatchPointer( 49240705631000,49241533717000, 2, 696.355225, 1017.470032,0.20784314,0.06666667,0,0.0,0.0,65539,0, 0)
captureUserWait ( 9 )
captureDispatchPointer( 49240705631000,49241543047000, 2, 697.354309, 1011.473145,0.20784314,0.06666667,0,0.0,0.0,65539,0, 0)
captureUserWait ( 9 )
captureDispatchPointer( 49240705631000,49241552287000, 2, 698.353394, 1005.476318,0.20784314,0.06666667,0,0.0,0.0,65539,0, 0)
captureUserWait ( 9 )
captureDispatchPointer( 49240705631000,49241561632000, 2, 699.352478, 999.479431,0.20784314,0.06666667,0,0.0,0.0,65539,0, 0)
captureUserWait ( 9 )
captureDispatchPointer( 49240705631000,49241570907000, 2, 700.351501, 994.481995,0.20784314,0.06666667,0,0.0,0.0,65539,0, 0)
captureUserWait ( 9 )
captureDispatchPointer( 49240705631000,49241580188000, 2, 701.350586, 989.484619,0.20784314,0.06666667,0,0.0,0.0,65539,0, 0)
captureUserWait ( 9 )
captureDispatchPointer( 49240705631000,49241589491000, 2, 701.350586, 984.487244,0.20784314,0.06666667,0,0.0,0.0,65539,0, 0)
captureUserWait ( 9 )
captureDispatchPointer( 49240705631000,49241598846000, 2, 702.349670, 979.489807,0.20784314,0.06666667,0,0.0,0.0,65539,0, 0)
captureUserWait ( 9 )
captureDispatchPointer( 49240705631000,49241608099000, 2, 703.348755, 974.492432,0.20784314,0.06666667,0,0.0,0.0,65539,0, 0)
captureUserWait ( 9 )
captureDispatchPointer( 49240705631000,49241617446000, 2, 704.347839, 968.495544,0.20784314,0.06666667,0,0.0,0.0,65539,0, 0)
captureUserWait ( 9 )
captureDispatchPointer( 49240705631000,49241626849000, 2, 706.346008, 962.498657,0.20784314,0.06666667,0,0.0,0.0,65539,0, 0)
captureUserWait ( 9 )
captureDispatchPointer( 49240705631000,49241636057000, 2, 708.344116, 956.501770,0.20784314,0.06666667,0,0.0,0.0,65539,0, 0)
captureUserWait ( 9 )
captureDispatchPointer( 49240705631000,49241645350000, 2, 709.343201, 950.504944,0.20784314,0.06666667,0,0.0,0.0,65539,0, 0)
captureUserWait ( 9 )
captureDispatchPointer( 49240705631000,49241654624000, 2, 711.341370, 943.508545,0.20784314,0.06666667,0,0.0,0.0,65539,0, 0)
captureUserWait ( 9 )
captureDispatchPointer( 49240705631000,49241663963000, 2, 712.340454, 937.511719,0.20784314,0.06666667,0,0.0,0.0,65539,0, 0)
captureUserWait ( 9 )
captureDispatchPointer( 49240705631000,49241673405000, 2, 714.338562, 931.514832,0.20784314,0.06666667,0,0.0,0.0,65539,0, 0)
captureUserWait ( 9 )
captureDispatchPointer( 49240705631000,49241682942000, 2, 715.337646, 925.517944,0.20784314,0.06666667,0,0.0,0.0,65539,0, 0)
captureUserWait ( 9 )
captureDispatchPointer( 49240705631000,49241692046000, 2, 716.336731, 920.520569,0.20784314,0.06666667,0,0.0,0.0,65539,0, 0)
captureUserWait ( 9 )
captureDispatchPointer( 49240705631000,49241701355000, 2, 717.335815, 916.522644,0.20784314,0.06666667,0,0.0,0.0,65539,0, 0)
captureUserWait ( 9 )
captureDispatchPointer( 49240705631000,49241710647000, 2, 718.334900, 912.524719,0.20784314,0.06666667,0,0.0,0.0,65539,0, 0)
captureUserWait ( 9 )
captureDispatchPointer( 49240705631000,49241719889000, 2, 719.333984, 908.526794,0.20784314,0.06666667,0,0.0,0.0,65539,0, 0)
captureUserWait ( 9 )
captureDispatchPointer( 49240705631000,49241729210000, 2, 720.333008, 903.529419,0.20784314,0.06666667,0,0.0,0.0,65539,0, 0)
captureUserWait ( 9 )
captureDispatchPointer( 49240705631000,49241738518000, 2, 721.332092, 898.531982,0.20784314,0.06666667,0,0.0,0.0,65539,0, 0)
captureUserWait ( 9 )
captureDispatchPointer( 49240705631000,49241747805000, 2, 722.331177, 893.534607,0.20784314,0.06666667,0,0.0,0.0,65539,0, 0)
captureUserWait ( 9 )
captureDispatchPointer( 49240705631000,49241757149000, 2, 723.330261, 888.537170,0.20784314,0.06666667,0,0.0,0.0,65539,0, 0)
captureUserWait ( 9 )
captureDispatchPointer( 49240705631000,49241766517000, 2, 725.328430, 882.540344,0.20784314,0.06666667,0,0.0,0.0,65539,0, 0)
captureUserWait ( 9 )
captureDispatchPointer( 49240705631000,49241775767000, 2, 726.327454, 876.543457,0.20784314,0.06666667,0,0.0,0.0,65539,0, 0)
captureUserWait ( 9 )
captureDispatchPointer( 49240705631000,49241785023000, 2, 728.325623, 870.546570,0.20784314,0.06666667,0,0.0,0.0,65539,0, 0)
captureUserWait ( 9 )
captureDispatchPointer( 49240705631000,49241794378000, 2, 729.324707, 864.549683,0.20784314,0.06666667,0,0.0,0.0,65539,0, 0)
captureUserWait ( 9 )
captureDispatchPointer( 49240705631000,49241803646000, 2, 730.323792, 858.552795,0.20784314,0.06666667,0,0.0,0.0,65539,0, 0)
captureUserWait ( 9 )
captureDispatchPointer( 49240705631000,49241812984000, 2, 731.322876, 852.555969,0.20784314,0.06666667,0,0.0,0.0,65539,0, 0)
captureUserWait ( 9 )
captureDispatchPointer( 49240705631000,49241822278000, 2, 732.321899, 845.559570,0.20784314,0.06666667,0,0.0,0.0,65539,0, 0)
captureUserWait ( 9 )
captureDispatchPointer( 49240705631000,49241831603000, 2, 734.320068, 838.563232,0.20784314,0.06666667,0,0.0,0.0,65539,0, 0)
captureUserWait ( 9 )
captureDispatchPointer( 49240705631000,49241840892000, 2, 736.318237, 831.566895,0.20784314,0.06666667,0,0.0,0.0,65539,0, 0)
captureUserWait ( 9 )
captureDispatchPointer( 49240705631000,49241850201000, 2, 738.316406, 825.570007,0.20784314,0.06666667,0,0.0,0.0,65539,0, 0)
captureUserWait ( 9 )
captureDispatchPointer( 49240705631000,49241859471000, 2, 740.314514, 818.573669,0.20784314,0.06666667,0,0.0,0.0,65539,0, 0)
captureUserWait ( 9 )
captureDispatchPointer( 49240705631000,49241868839000, 2, 742.312683, 812.576782,0.20784314,0.06666667,0,0.0,0.0,65539,0, 0)
captureUserWait ( 9 )
captureDispatchPointer( 49240705631000,49241878099000, 2, 744.310852, 806.579895,0.20784314,0.06666667,0,0.0,0.0,65539,0, 0)
captureUserWait ( 9 )
captureDispatchPointer( 49240705631000,49241887393000, 2, 746.308960, 801.582520,0.20784314,0.06666667,0,0.0,0.0,65539,0, 0)
captureUserWait ( 9 )
captureDispatchPointer( 49240705631000,49241896668000, 2, 747.308044, 797.584595,0.20784314,0.06666667,0,0.0,0.0,65539,0, 0)
captureUserWait ( 9 )
captureDispatchPointer( 49240705631000,49241905958000, 2, 748.307129, 793.586670,0.20784314,0.06666667,0,0.0,0.0,65539,0, 0)
captureUserWait ( 9 )
captureDispatchPointer( 49240705631000,49241915354000, 2, 749.306213, 790.588196,0.20784314,0.06666667,0,0.0,0.0,65539,0, 0)
captureUserWait ( 9 )
captureDispatchPointer( 49240705631000,49241924648000, 2, 750.305298, 787.589783,0.20784314,0.06666667,0,0.0,0.0,65539,0, 0)
captureUserWait ( 9 )
captureDispatchPointer( 49240705631000,49241933913000, 2, 751.304321, 784.591370,0.20784314,0.06666667,0,0.0,0.0,65539,0, 0)
captureUserWait ( 9 )
captureDispatchPointer( 49240705631000,49241943129000, 2, 752.303406, 781.592896,0.20784314,0.06666667,0,0.0,0.0,65539,0, 0)
captureUserWait ( 9 )
captureDispatchPointer( 49240705631000,49241952423000, 2, 753.302490, 778.594482,0.20784314,0.06666667,0,0.0,0.0,65539,0, 0)
captureUserWait ( 9 )
captureDispatchPointer( 49240705631000,49241961701000, 2, 754.301575, 775.596008,0.20784314,0.06666667,0,0.0,0.0,65539,0, 0)
captureUserWait ( 9 )
captureDispatchPointer( 49240705631000,49241971036000, 2, 755.300659, 773.597046,0.20784314,0.06666667,0,0.0,0.0,65539,0, 0)
captureUserWait ( 9 )
captureDispatchPointer( 49240705631000,49241980353000, 2, 756.299744, 771.598083,0.20784314,0.06666667,0,0.0,0.0,65539,0, 0)
captureUserWait ( 9 )
captureDispatchPointer( 49240705631000,49241989614000, 2, 756.299744, 769.599121,0.20784314,0.06666667,0,0.0,0.0,65539,0, 0)
captureUserWait ( 9 )
captureDispatchPointer( 49240705631000,49241998969000, 2, 756.299744, 767.600220,0.20784314,0.06666667,0,0.0,0.0,65539,0, 0)
captureUserWait ( 9 )
captureDispatchPointer( 49240705631000,49242008239000, 2, 756.299744, 766.600708,0.20784314,0.06666667,0,0.0,0.0,65539,0, 0)
captureUserWait ( 9 )
captureDispatchPointer( 49240705631000,49242017585000, 2, 756.299744, 765.601257,0.20784314,0.06666667,0,0.0,0.0,65539,0, 0)
captureUserWait ( 9 )
captureDispatchPointer( 49240705631000,49242026839000, 2, 756.299744, 763.602295,0.20784314,0.06666667,0,0.0,0.0,65539,0, 0)
captureUserWait ( 9 )
captureDispatchPointer( 49240705631000,49242036127000, 2, 756.299744, 762.602783,0.20784314,0.06666667,0,0.0,0.0,65539,0, 0)
captureUserWait ( 9 )
captureDispatchPointer( 49240705631000,49242045536000, 2, 756.299744, 761.603333,0.20784314,0.06666667,0,0.0,0.0,65539,0, 0)
captureUserWait ( 9 )
captureDispatchPointer( 49240705631000,49242054782000, 2, 756.299744, 759.604370,0.20784314,0.06666667,0,0.0,0.0,65539,0, 0)
captureUserWait ( 9 )
captureDispatchPointer( 49240705631000,49242064039000, 2, 757.298828, 758.604858,0.20784314,0.06666667,0,0.0,0.0,65539,0, 0)
captureUserWait ( 9 )
captureDispatchPointer( 49240705631000,49242073386000, 2, 757.298828, 757.605408,0.20784314,0.06666667,0,0.0,0.0,65539,0, 0)
captureUserWait ( 9 )
captureDispatchPointer( 49240705631000,49242082668000, 2, 757.298828, 756.605896,0.20784314,0.06666667,0,0.0,0.0,65539,0, 0)
captureUserWait ( 9 )
captureDispatchPointer( 49240705631000,49242092006000, 2, 757.298828, 755.606445,0.20784314,0.06666667,0,0.0,0.0,65539,0, 0)
captureUserWait ( 9 )
captureDispatchPointer( 49240705631000,49242101305000, 2, 757.298828, 754.606934,0.20784314,0.06666667,0,0.0,0.0,65539,0, 0)
captureUserWait ( 9 )
captureDispatchPointer( 49240705631000,49242110589000, 2, 757.298828, 753.607483,0.20784314,0.06666667,0,0.0,0.0,65539,0, 0)
captureUserWait ( 9 )
captureDispatchPointer( 49240705631000,49242119932000, 2, 757.298828, 752.607971,0.20784314,0.06666667,0,0.0,0.0,65539,0, 0)
captureUserWait ( 9 )
captureDispatchPointer( 49240705631000,49242129226000, 2, 757.298828, 751.608521,0.20784314,0.06666667,0,0.0,0.0,65539,0, 0)
captureUserWait ( 9 )
captureDispatchPointer( 49240705631000,49242138546000, 2, 757.298828, 750.609009,0.20784314,0.06666667,0,0.0,0.0,65539,0, 0)
captureUserWait ( 9 )
captureDispatchPointer( 49240705631000,49242147812000, 2, 757.298828, 749.609558,0.20784314,0.06666667,0,0.0,0.0,65539,0, 0)
captureUserWait ( 9 )
captureDispatchPointer( 49240705631000,49242157083000, 2, 757.298828, 748.610107,0.20784314,0.06666667,0,0.0,0.0,65539,0, 0)
captureUserWait ( 9 )
captureDispatchPointer( 49240705631000,49242166411000, 2, 757.298828, 747.610596,0.20784314,0.06666667,0,0.0,0.0,65539,0, 0)
captureUserWait ( 9 )
captureDispatchPointer( 49240705631000,49242175745000, 2, 757.298828, 746.611145,0.20784314,0.06666667,0,0.0,0.0,65539,0, 0)
captureUserWait ( 18 )
captureDispatchPointer( 49240705631000,49242194358000, 2, 757.298828, 746.611145,0.20784314,0.06666667,0,0.0,0.0,65539,0, 0)
captureUserWait ( 9 )
captureDispatchPointer( 49240705631000,49242203696000, 2, 758.297852, 746.611145,0.20784314,0.06666667,0,0.0,0.0,65539,0, 0)
captureUserWait ( 8 )
captureDispatchPointer( 49240705631000,49242211863000, 1, 758.297852, 746.611145,0.20784314,0.06666667,0,0.0,0.0,65539,0, 0)

# read 1 min
captureUserWait ( 60000 )
captureUserWait ( 15000 )

compareScreenshot(2014-10-08_09-50-25.jpg, 0, 0, 1080, 1920, 0, 1.0, 10)
captureDispatchPointer( 49247201615000,49247201615000, 0, 827.234070, 1680.124878,0.20784314,0.06666667,0,0.0,0.0,65539,0, 0)
captureUserWait ( 17 )
captureDispatchPointer( 49247201615000,49247218945000, 2, 827.234070, 1680.124878,0.20784314,0.06666667,0,0.0,0.0,65539,0, 0)
captureUserWait ( 18 )
captureDispatchPointer( 49247201615000,49247237439000, 2, 827.234070, 1680.124878,0.20784314,0.06666667,0,0.0,0.0,65539,0, 0)
captureUserWait ( 9 )
captureDispatchPointer( 49247201615000,49247246764000, 2, 827.234070, 1679.125366,0.20784314,0.06666667,0,0.0,0.0,65539,0, 0)
captureUserWait ( 9 )
captureDispatchPointer( 49247201615000,49247256102000, 2, 828.233093, 1676.126953,0.20784314,0.06666667,0,0.0,0.0,65539,0, 0)
captureUserWait ( 9 )
captureDispatchPointer( 49247201615000,49247265374000, 2, 829.232178, 1670.130127,0.20784314,0.06666667,0,0.0,0.0,65539,0, 0)
captureUserWait ( 9 )
captureDispatchPointer( 49247201615000,49247274695000, 2, 830.231262, 1661.134766,0.20784314,0.06666667,0,0.0,0.0,65539,0, 0)
captureUserWait ( 9 )
captureDispatchPointer( 49247201615000,49247283989000, 2, 832.229431, 1650.140503,0.20784314,0.06666667,0,0.0,0.0,65539,0, 0)
captureUserWait ( 9 )
captureDispatchPointer( 49247201615000,49247293309000, 2, 834.227600, 1637.147339,0.20784314,0.06666667,0,0.0,0.0,65539,0, 0)
captureUserWait ( 9 )
captureDispatchPointer( 49247201615000,49247302940000, 2, 836.225708, 1622.155029,0.20784314,0.06666667,0,0.0,0.0,65539,0, 0)
captureUserWait ( 8 )
captureDispatchPointer( 49247201615000,49247311903000, 2, 838.223877, 1605.163940,0.20784314,0.06666667,0,0.0,0.0,65539,0, 0)
captureUserWait ( 9 )
captureDispatchPointer( 49247201615000,49247321168000, 2, 840.222046, 1587.173340,0.20784314,0.06666667,0,0.0,0.0,65539,0, 0)
captureUserWait ( 9 )
captureDispatchPointer( 49247201615000,49247330584000, 2, 841.221069, 1572.181152,0.20784314,0.06666667,0,0.0,0.0,65539,0, 0)
captureUserWait ( 9 )
captureDispatchPointer( 49247201615000,49247340312000, 2, 842.220154, 1559.187866,0.20784314,0.06666667,0,0.0,0.0,65539,0, 0)
captureUserWait ( 8 )
captureDispatchPointer( 49247201615000,49247349112000, 2, 843.219238, 1547.194092,0.20784314,0.06666667,0,0.0,0.0,65539,0, 0)
captureUserWait ( 9 )
captureDispatchPointer( 49247201615000,49247358379000, 2, 844.218323, 1533.201416,0.20784314,0.06666667,0,0.0,0.0,65539,0, 0)
captureUserWait ( 9 )
captureDispatchPointer( 49247201615000,49247367669000, 2, 846.216492, 1518.209229,0.20784314,0.06666667,0,0.0,0.0,65539,0, 0)
captureUserWait ( 9 )
captureDispatchPointer( 49247201615000,49247377099000, 2, 847.215576, 1504.216553,0.20784314,0.06666667,0,0.0,0.0,65539,0, 0)
captureUserWait ( 9 )
captureDispatchPointer( 49247201615000,49247386451000, 2, 849.213684, 1490.223755,0.20784314,0.06666667,0,0.0,0.0,65539,0, 0)
captureUserWait ( 9 )
captureDispatchPointer( 49247201615000,49247395601000, 2, 850.212769, 1476.231079,0.20784314,0.06666667,0,0.0,0.0,65539,0, 0)
captureUserWait ( 9 )
captureDispatchPointer( 49247201615000,49247404931000, 2, 852.210938, 1461.238892,0.20784314,0.06666667,0,0.0,0.0,65539,0, 0)
captureUserWait ( 9 )
captureDispatchPointer( 49247201615000,49247414419000, 2, 854.209045, 1444.247803,0.20784314,0.06666667,0,0.0,0.0,65539,0, 0)
captureUserWait ( 9 )
captureDispatchPointer( 49247201615000,49247423699000, 2, 855.208130, 1429.255615,0.20784314,0.06666667,0,0.0,0.0,65539,0, 0)
captureUserWait ( 9 )
captureDispatchPointer( 49247201615000,49247432890000, 2, 856.207214, 1416.262329,0.20784314,0.06666667,0,0.0,0.0,65539,0, 0)
captureUserWait ( 9 )
captureDispatchPointer( 49247201615000,49247442171000, 2, 856.207214, 1405.268066,0.20784314,0.06666667,0,0.0,0.0,65539,0, 0)
captureUserWait ( 9 )
captureDispatchPointer( 49247201615000,49247451626000, 2, 856.207214, 1396.272705,0.20784314,0.06666667,0,0.0,0.0,65539,0, 0)
captureUserWait ( 9 )
captureDispatchPointer( 49247201615000,49247460855000, 2, 856.207214, 1388.276855,0.20784314,0.06666667,0,0.0,0.0,65539,0, 0)
captureUserWait ( 9 )
captureDispatchPointer( 49247201615000,49247470219000, 2, 856.207214, 1381.280518,0.20784314,0.06666667,0,0.0,0.0,65539,0, 0)
captureUserWait ( 9 )
captureDispatchPointer( 49247201615000,49247479448000, 2, 856.207214, 1374.284180,0.20784314,0.06666667,0,0.0,0.0,65539,0, 0)
captureUserWait ( 9 )
captureDispatchPointer( 49247201615000,49247488718000, 2, 856.207214, 1368.287354,0.20784314,0.06666667,0,0.0,0.0,65539,0, 0)
captureUserWait ( 9 )
captureDispatchPointer( 49247201615000,49247498169000, 2, 857.206299, 1362.290405,0.20784314,0.06666667,0,0.0,0.0,65539,0, 0)
captureUserWait ( 9 )
captureDispatchPointer( 49247201615000,49247507320000, 2, 857.206299, 1356.293579,0.20784314,0.06666667,0,0.0,0.0,65539,0, 0)
captureUserWait ( 9 )
captureDispatchPointer( 49247201615000,49247516698000, 2, 858.205383, 1350.296631,0.20784314,0.06666667,0,0.0,0.0,65539,0, 0)
captureUserWait ( 9 )
captureDispatchPointer( 49247201615000,49247526019000, 2, 858.205383, 1345.299316,0.20784314,0.06666667,0,0.0,0.0,65539,0, 0)
captureUserWait ( 9 )
captureDispatchPointer( 49247201615000,49247535303000, 2, 859.204468, 1340.301880,0.20784314,0.06666667,0,0.0,0.0,65539,0, 0)
captureUserWait ( 9 )
captureDispatchPointer( 49247201615000,49247544583000, 2, 860.203491, 1335.304443,0.20784314,0.06666667,0,0.0,0.0,65539,0, 0)
captureUserWait ( 9 )
captureDispatchPointer( 49247201615000,49247554034000, 2, 860.203491, 1329.307617,0.20784314,0.06666667,0,0.0,0.0,65539,0, 0)
captureUserWait ( 9 )
captureDispatchPointer( 49247201615000,49247563201000, 2, 860.203491, 1323.310791,0.20784314,0.06666667,0,0.0,0.0,65539,0, 0)
captureUserWait ( 9 )
captureDispatchPointer( 49247201615000,49247572538000, 2, 860.203491, 1317.313843,0.20784314,0.06666667,0,0.0,0.0,65539,0, 0)
captureUserWait ( 9 )
captureDispatchPointer( 49247201615000,49247581844000, 2, 861.202576, 1312.316528,0.20784314,0.06666667,0,0.0,0.0,65539,0, 0)
captureUserWait ( 9 )
captureDispatchPointer( 49247201615000,49247591122000, 2, 862.201660, 1306.319580,0.20784314,0.06666667,0,0.0,0.0,65539,0, 0)
captureUserWait ( 9 )
captureDispatchPointer( 49247201615000,49247600498000, 2, 864.199829, 1299.323242,0.20784314,0.06666667,0,0.0,0.0,65539,0, 0)
captureUserWait ( 9 )
captureDispatchPointer( 49247201615000,49247609831000, 2, 866.197998, 1292.326904,0.20784314,0.06666667,0,0.0,0.0,65539,0, 0)
captureUserWait ( 9 )
captureDispatchPointer( 49247201615000,49247619158000, 2, 867.197021, 1285.330566,0.20784314,0.06666667,0,0.0,0.0,65539,0, 0)
captureUserWait ( 9 )
captureDispatchPointer( 49247201615000,49247628464000, 2, 869.195190, 1279.333618,0.20784314,0.06666667,0,0.0,0.0,65539,0, 0)
captureUserWait ( 9 )
captureDispatchPointer( 49247201615000,49247637992000, 2, 870.194275, 1273.336792,0.20784314,0.06666667,0,0.0,0.0,65539,0, 0)
captureUserWait ( 9 )
captureDispatchPointer( 49247201615000,49247647119000, 2, 872.192444, 1268.339355,0.20784314,0.06666667,0,0.0,0.0,65539,0, 0)
captureUserWait ( 9 )
captureDispatchPointer( 49247201615000,49247656380000, 2, 873.191467, 1263.341919,0.20784314,0.06666667,0,0.0,0.0,65539,0, 0)
captureUserWait ( 9 )
captureDispatchPointer( 49247201615000,49247665747000, 2, 874.190552, 1258.344604,0.20784314,0.06666667,0,0.0,0.0,65539,0, 0)
captureUserWait ( 9 )
captureDispatchPointer( 49247201615000,49247675019000, 2, 874.190552, 1253.347168,0.20784314,0.06666667,0,0.0,0.0,65539,0, 0)
captureUserWait ( 9 )
captureDispatchPointer( 49247201615000,49247684343000, 2, 875.189636, 1246.350830,0.20784314,0.06666667,0,0.0,0.0,65539,0, 0)
captureUserWait ( 9 )
captureDispatchPointer( 49247201615000,49247693618000, 2, 876.188721, 1240.354004,0.20784314,0.06666667,0,0.0,0.0,65539,0, 0)
captureUserWait ( 10 )
captureDispatchPointer( 49247201615000,49247703902000, 2, 877.187805, 1233.357544,0.20784314,0.06666667,0,0.0,0.0,65539,0, 0)
captureUserWait ( 8 )
captureDispatchPointer( 49247201615000,49247712181000, 2, 877.187805, 1226.361206,0.20784314,0.06666667,0,0.0,0.0,65539,0, 0)
captureUserWait ( 9 )
captureDispatchPointer( 49247201615000,49247721583000, 2, 878.186890, 1220.364380,0.20784314,0.06666667,0,0.0,0.0,65539,0, 0)
captureUserWait ( 9 )
captureDispatchPointer( 49247201615000,49247730803000, 2, 879.185913, 1214.367432,0.20784314,0.06666667,0,0.0,0.0,65539,0, 0)
captureUserWait ( 9 )
captureDispatchPointer( 49247201615000,49247740132000, 2, 880.184998, 1210.369629,0.20784314,0.06666667,0,0.0,0.0,65539,0, 0)
captureUserWait ( 9 )
captureDispatchPointer( 49247201615000,49247749428000, 2, 881.184082, 1206.371704,0.20784314,0.06666667,0,0.0,0.0,65539,0, 0)
captureUserWait ( 9 )
captureDispatchPointer( 49247201615000,49247758725000, 2, 882.183167, 1203.373169,0.20784314,0.06666667,0,0.0,0.0,65539,0, 0)
captureUserWait ( 9 )
captureDispatchPointer( 49247201615000,49247768031000, 2, 883.182251, 1201.374268,0.20784314,0.06666667,0,0.0,0.0,65539,0, 0)
captureUserWait ( 9 )
captureDispatchPointer( 49247201615000,49247777302000, 2, 883.182251, 1199.375244,0.20784314,0.06666667,0,0.0,0.0,65539,0, 0)
captureUserWait ( 9 )
captureDispatchPointer( 49247201615000,49247786624000, 2, 883.182251, 1198.375854,0.20784314,0.06666667,0,0.0,0.0,65539,0, 0)
captureUserWait ( 9 )
captureDispatchPointer( 49247201615000,49247795926000, 2, 883.182251, 1197.376343,0.20784314,0.06666667,0,0.0,0.0,65539,0, 0)
captureUserWait ( 9 )
captureDispatchPointer( 49247201615000,49247805236000, 2, 883.182251, 1196.376831,0.20784314,0.06666667,0,0.0,0.0,65539,0, 0)
captureUserWait ( 9 )
captureDispatchPointer( 49247201615000,49247814582000, 2, 883.182251, 1195.377319,0.20784314,0.06666667,0,0.0,0.0,65539,0, 0)
captureUserWait ( 9 )
captureDispatchPointer( 49247201615000,49247823875000, 2, 883.182251, 1194.377930,0.20784314,0.06666667,0,0.0,0.0,65539,0, 0)
captureUserWait ( 9 )
captureDispatchPointer( 49247201615000,49247833176000, 2, 883.182251, 1193.378418,0.20784314,0.06666667,0,0.0,0.0,65539,0, 0)
captureUserWait ( 9 )
captureDispatchPointer( 49247201615000,49247842474000, 2, 883.182251, 1192.378906,0.20784314,0.06666667,0,0.0,0.0,65539,0, 0)
captureUserWait ( 9 )
captureDispatchPointer( 49247201615000,49247851735000, 2, 883.182251, 1191.379517,0.20784314,0.06666667,0,0.0,0.0,65539,0, 0)
captureUserWait ( 65 )
captureDispatchPointer( 49247201615000,49247916838000, 2, 883.182251, 1190.380005,0.20784314,0.06666667,0,0.0,0.0,65539,0, 0)
captureUserWait ( 130 )
captureDispatchPointer( 49247201615000,49248047535000, 2, 883.182251, 1190.380005,0.20784314,0.06666667,0,0.0,0.0,65539,0, 0)
captureUserWait ( 7 )
captureDispatchPointer( 49247201615000,49248055276000, 1, 883.182251, 1190.380005,0.20784314,0.06666667,0,0.0,0.0,65539,0, 0)
captureUserWait ( 2270 )

# press back button 
compareScreenshot(2014-10-08_09-50-28.jpg, 0, 0, 1080, 1920, 0, 1.0, 10)
captureDispatchKey( 0, 0, 0, 4, 0,0,0,0)
captureUserWait ( 203 )
captureDispatchKey( 0, 0, 1, 4, 0,0,0,0)
captureUserWait ( 6869 )

# press back button
compareScreenshot(2014-10-08_09-53-11.jpg, 0, 0, 1080, 1920, 0, 1.0, 10)
captureDispatchKey( 0, 0, 0, 4, 0,0,0,0)
captureUserWait ( 204 )
captureDispatchKey( 0, 0, 1, 4, 0,0,0,0)
captureUserWait ( 5294 )
compareScreenshot(2014-10-08_09-53-17.jpg, 0, 0, 1080, 1920, 0, 1.0, 10)
captureUserWait ( 1500 )

# slide to left (pointer to right)
captureDispatchPointer( 16361603598000,16361603598000, 0, 161.850143, 976.491394,0.20784314,0.06666667,0,0.0,0.0,65539,0, 0)
captureUserWait ( 7 )
captureDispatchPointer( 16361603598000,16361611488000, 2, 161.850143, 976.491394,0.20784314,0.06666667,0,0.0,0.0,65539,0, 0)
captureUserWait ( 57 )
captureDispatchPointer( 16361603598000,16361669191000, 2, 161.850143, 977.490845,0.20784314,0.06666667,0,0.0,0.0,65539,0, 0)
captureUserWait ( 9 )
captureDispatchPointer( 16361603598000,16361678675000, 2, 162.849213, 978.490356,0.20784314,0.06666667,0,0.0,0.0,65539,0, 0)
captureUserWait ( 9 )
captureDispatchPointer( 16361603598000,16361688312000, 2, 164.847366, 979.489807,0.20784314,0.06666667,0,0.0,0.0,65539,0, 0)
captureUserWait ( 9 )
captureDispatchPointer( 16361603598000,16361697912000, 2, 166.845520, 980.489319,0.20784314,0.06666667,0,0.0,0.0,65539,0, 0)
captureUserWait ( 9 )
captureDispatchPointer( 16361603598000,16361707488000, 2, 169.842743, 981.488770,0.20784314,0.06666667,0,0.0,0.0,65539,0, 0)
captureUserWait ( 9 )
captureDispatchPointer( 16361603598000,16361717084000, 2, 173.839035, 982.488281,0.20784314,0.06666667,0,0.0,0.0,65539,0, 0)
captureUserWait ( 9 )
captureDispatchPointer( 16361603598000,16361726697000, 2, 179.833496, 982.488281,0.20784314,0.06666667,0,0.0,0.0,65539,0, 0)
captureUserWait ( 9 )
captureDispatchPointer( 16361603598000,16361736288000, 2, 186.827011, 982.488281,0.20784314,0.06666667,0,0.0,0.0,65539,0, 0)
captureUserWait ( 9 )
captureDispatchPointer( 16361603598000,16361745897000, 2, 193.820541, 982.488281,0.20784314,0.06666667,0,0.0,0.0,65539,0, 0)
captureUserWait ( 9 )
captureDispatchPointer( 16361603598000,16361755591000, 2, 204.810364, 982.488281,0.20784314,0.06666667,0,0.0,0.0,65539,0, 0)
captureUserWait ( 10 )
captureDispatchPointer( 16361603598000,16361765627000, 2, 218.797409, 982.488281,0.20784314,0.06666667,0,0.0,0.0,65539,0, 0)
captureUserWait ( 17 )
captureDispatchPointer( 16361603598000,16361782662000, 2, 236.780762, 980.489319,0.20784314,0.06666667,0,0.0,0.0,65539,0, 0)
captureUserWait ( 8 )
captureDispatchPointer( 16361603598000,16361790845000, 2, 259.759491, 978.490356,0.20784314,0.06666667,0,0.0,0.0,65539,0, 0)
captureUserWait ( 3 )
captureDispatchPointer( 16361603598000,16361794130000, 2, 283.737274, 976.491394,0.20784314,0.06666667,0,0.0,0.0,65539,0, 0)
captureUserWait ( 9 )
captureDispatchPointer( 16361603598000,16361803541000, 2, 310.712311, 973.492920,0.20784314,0.06666667,0,0.0,0.0,65539,0, 0)
captureUserWait ( 9 )
captureDispatchPointer( 16361603598000,16361813217000, 2, 340.684540, 970.494507,0.20784314,0.06666667,0,0.0,0.0,65539,0, 0)
captureUserWait ( 9 )
captureDispatchPointer( 16361603598000,16361822707000, 2, 372.654938, 966.496582,0.20784314,0.06666667,0,0.0,0.0,65539,0, 0)
captureUserWait ( 9 )
captureDispatchPointer( 16361603598000,16361832357000, 2, 402.627197, 963.498169,0.20784314,0.06666667,0,0.0,0.0,65539,0, 0)
captureUserWait ( 9 )
captureDispatchPointer( 16361603598000,16361841892000, 2, 432.599457, 960.499695,0.20784314,0.06666667,0,0.0,0.0,65539,0, 0)
captureUserWait ( 9 )
captureDispatchPointer( 16361603598000,16361851589000, 2, 465.568909, 956.501770,0.20784314,0.06666667,0,0.0,0.0,65539,0, 0)
captureUserWait ( 9 )
captureDispatchPointer( 16361603598000,16361861393000, 2, 499.537476, 950.504944,0.20784314,0.06666667,0,0.0,0.0,65539,0, 0)
captureUserWait ( 9 )
captureDispatchPointer( 16361603598000,16361870836000, 2, 543.496765, 946.507019,0.20784314,0.06666667,0,0.0,0.0,65539,0, 0)
captureUserWait ( 9 )
captureDispatchPointer( 16361603598000,16361880498000, 2, 581.461609, 941.509583,0.20784314,0.06666667,0,0.0,0.0,65539,0, 0)
captureUserWait ( 9 )
captureDispatchPointer( 16361603598000,16361889973000, 2, 620.425537, 938.511169,0.20784314,0.06666667,0,0.0,0.0,65539,0, 0)
captureUserWait ( 9 )
captureDispatchPointer( 16361603598000,16361899674000, 2, 666.382996, 934.513245,0.20784314,0.06666667,0,0.0,0.0,65539,0, 0)
captureUserWait ( 9 )
captureDispatchPointer( 16361603598000,16361909169000, 2, 710.342285, 931.514832,0.20784314,0.06666667,0,0.0,0.0,65539,0, 0)
captureUserWait ( 9 )
captureDispatchPointer( 16361603598000,16361918834000, 2, 758.297852, 927.516907,0.20784314,0.06666667,0,0.0,0.0,65539,0, 0)
captureUserWait ( 9 )
captureDispatchPointer( 16361603598000,16361928372000, 2, 806.253479, 925.517944,0.20784314,0.06666667,0,0.0,0.0,65539,0, 0)
captureUserWait ( 9 )
captureDispatchPointer( 16361603598000,16361937989000, 2, 865.198914, 926.517395,0.20784314,0.06666667,0,0.0,0.0,65539,0, 0)
captureUserWait ( 8 )
captureDispatchPointer( 16361603598000,16361946724000, 1, 865.198914, 926.517395,0.20784314,0.06666667,0,0.0,0.0,65539,0, 0)
captureUserWait ( 2424 )